ticker,sources,primary_min_score,primary_max_trades_per_day,primary_daily_order,fallback,target_month_trades,backfill_max_day,cooldown_minutes,select_user_pass,valid_user_pass,forward_user_pass,pretest_user_pass,all_user_pass,select_score,valid_score,pretest_score,sel_trades,sel_win_rate,sel_profit_factor,sel_pnl_return,sel_avg_return,sel_max_drawdown,sel_call_rate,sel_days_with_trades,sel_daily_win_rate,sel_daily_max_drawdown,sel_top5_share_of_pnl,sel_min_month_trades,sel_positive_month_rate,val_trades,val_win_rate,val_profit_factor,val_pnl_return,val_avg_return,val_max_drawdown,val_call_rate,val_days_with_trades,val_daily_win_rate,val_daily_max_drawdown,val_top5_share_of_pnl,val_min_month_trades,val_positive_month_rate,fwd_trades,fwd_win_rate,fwd_profit_factor,fwd_pnl_return,fwd_avg_return,fwd_max_drawdown,fwd_call_rate,fwd_days_with_trades,fwd_daily_win_rate,fwd_daily_max_drawdown,fwd_top5_share_of_pnl,fwd_min_month_trades,fwd_positive_month_rate
SPXW,"d80,d80_front",0.0,1,score_desc,d80,21,1,0,False,False,False,False,False,-9.648493184713917,12.320276158608792,-9.648493184713917,89,0.5617977528089888,1.7136877751959934,5.981558649115029,0.06720852414735988,-1.4583223871185822,0.2247191011235955,89,0.5617977528089888,-1.4583223871185822,0.41795126431968943,0,0.6666666666666666,123,0.44715447154471544,1.1260060122893016,2.2490544799876,0.01828499577225691,-2.455556965406259,0.12195121951219512,123,0.44715447154471544,-2.455556965406259,1.1115782308722835,16,0.6666666666666666,332,0.4789156626506024,1.2647683286543276,10.039554481381744,0.030239621931872723,-2.890461119954402,0.4457831325301205,332,0.4789156626506024,-2.890461119954402,0.24901503394759456,11,0.7058823529411765
SPXW,"d80,d80_front",0.0,1,score_desc,d80,21,1,15,False,False,False,False,False,-9.648493184713917,12.320276158608792,-9.648493184713917,89,0.5617977528089888,1.7136877751959934,5.981558649115029,0.06720852414735988,-1.4583223871185822,0.2247191011235955,89,0.5617977528089888,-1.4583223871185822,0.41795126431968943,0,0.6666666666666666,123,0.44715447154471544,1.1260060122893016,2.2490544799876,0.01828499577225691,-2.455556965406259,0.12195121951219512,123,0.44715447154471544,-2.455556965406259,1.1115782308722835,16,0.6666666666666666,332,0.4789156626506024,1.2647683286543276,10.039554481381744,0.030239621931872723,-2.890461119954402,0.4457831325301205,332,0.4789156626506024,-2.890461119954402,0.24901503394759456,11,0.7058823529411765
SPXW,"d80,d80_front",0.0,1,score_desc,d80,21,1,30,False,False,False,False,False,-9.648493184713917,12.320276158608792,-9.648493184713917,89,0.5617977528089888,1.7136877751959934,5.981558649115029,0.06720852414735988,-1.4583223871185822,0.2247191011235955,89,0.5617977528089888,-1.4583223871185822,0.41795126431968943,0,0.6666666666666666,123,0.44715447154471544,1.1260060122893016,2.2490544799876,0.01828499577225691,-2.455556965406259,0.12195121951219512,123,0.44715447154471544,-2.455556965406259,1.1115782308722835,16,0.6666666666666666,332,0.4789156626506024,1.2647683286543276,10.039554481381744,0.030239621931872723,-2.890461119954402,0.4457831325301205,332,0.4789156626506024,-2.890461119954402,0.24901503394759456,11,0.7058823529411765
SPXW,"d80,d80_front",0.0,1,score_desc,d80,22,1,0,False,False,False,False,False,-9.648493184713917,14.25244411441841,-9.648493184713917,89,0.5617977528089888,1.7136877751959934,5.981558649115029,0.06720852414735988,-1.4583223871185822,0.2247191011235955,89,0.5617977528089888,-1.4583223871185822,0.41795126431968943,0,0.6666666666666666,123,0.45528455284552843,1.1737473063995527,3.0490544799876003,0.02478906081290732,-2.353672703868141,0.12195121951219512,123,0.45528455284552843,-2.353672703868141,0.8199263136846826,16,0.8333333333333334,333,0.4774774774774775,1.254840338924864,9.739554481381742,0.029247911355500724,-2.8904611199544012,0.44744744744744747,333,0.4774774774774775,-2.8904611199544012,0.2566852523674499,11,0.7058823529411765
SPXW,"d80,d80_front",0.0,1,score_desc,d80,22,1,15,False,False,False,False,False,-9.648493184713917,14.25244411441841,-9.648493184713917,89,0.5617977528089888,1.7136877751959934,5.981558649115029,0.06720852414735988,-1.4583223871185822,0.2247191011235955,89,0.5617977528089888,-1.4583223871185822,0.41795126431968943,0,0.6666666666666666,123,0.45528455284552843,1.1737473063995527,3.0490544799876003,0.02478906081290732,-2.353672703868141,0.12195121951219512,123,0.45528455284552843,-2.353672703868141,0.8199263136846826,16,0.8333333333333334,333,0.4774774774774775,1.254840338924864,9.739554481381742,0.029247911355500724,-2.8904611199544012,0.44744744744744747,333,0.4774774774774775,-2.8904611199544012,0.2566852523674499,11,0.7058823529411765
SPXW,"d80,d80_front",0.0,1,score_desc,d80,22,1,30,False,False,False,False,False,-9.648493184713917,14.25244411441841,-9.648493184713917,89,0.5617977528089888,1.7136877751959934,5.981558649115029,0.06720852414735988,-1.4583223871185822,0.2247191011235955,89,0.5617977528089888,-1.4583223871185822,0.41795126431968943,0,0.6666666666666666,123,0.45528455284552843,1.1737473063995527,3.0490544799876003,0.02478906081290732,-2.353672703868141,0.12195121951219512,123,0.45528455284552843,-2.353672703868141,0.8199263136846826,16,0.8333333333333334,333,0.4774774774774775,1.254840338924864,9.739554481381742,0.029247911355500724,-2.8904611199544012,0.44744744744744747,333,0.4774774774774775,-2.8904611199544012,0.2566852523674499,11,0.7058823529411765
SPXW,"d50ret,d80",-999999.0,1,score_desc,d80,21,1,0,False,False,False,False,False,-10.413561319889237,16.46124838660619,-10.413561319889237,61,0.5737704918032787,1.7032071330884184,5.0279517928640685,0.08242543922727981,-1.4583223871185822,0.19672131147540983,61,0.5737704918032787,-1.4583223871185822,0.49722035989846414,0,0.3333333333333333,127,0.4409448818897638,1.1023590186403487,2.0966823706780198,0.01650931000533874,-2.455556965406259,0.18110236220472442,127,0.4409448818897638,-2.455556965406259,1.192359908664447,19,0.6666666666666666,348,0.4482758620689655,1.1879986176721142,8.528146262532337,0.024506167421069935,-3.3273394562655705,0.41379310344827586,348,0.4482758620689655,-3.3273394562655705,0.29314694225913207,19,0.6470588235294118
SPXW,"d50ret,d80",-999999.0,1,score_desc,d80,21,1,15,False,False,False,False,False,-10.413561319889237,16.46124838660619,-10.413561319889237,61,0.5737704918032787,1.7032071330884184,5.0279517928640685,0.08242543922727981,-1.4583223871185822,0.19672131147540983,61,0.5737704918032787,-1.4583223871185822,0.49722035989846414,0,0.3333333333333333,127,0.4409448818897638,1.1023590186403487,2.0966823706780198,0.01650931000533874,-2.455556965406259,0.18110236220472442,127,0.4409448818897638,-2.455556965406259,1.192359908664447,19,0.6666666666666666,348,0.4482758620689655,1.1879986176721142,8.528146262532337,0.024506167421069935,-3.3273394562655705,0.41379310344827586,348,0.4482758620689655,-3.3273394562655705,0.29314694225913207,19,0.6470588235294118
SPXW,"d50ret,d80",-999999.0,1,score_desc,d80,21,1,30,False,False,False,False,False,-10.413561319889237,16.46124838660619,-10.413561319889237,61,0.5737704918032787,1.7032071330884184,5.0279517928640685,0.08242543922727981,-1.4583223871185822,0.19672131147540983,61,0.5737704918032787,-1.4583223871185822,0.49722035989846414,0,0.3333333333333333,127,0.4409448818897638,1.1023590186403487,2.0966823706780198,0.01650931000533874,-2.455556965406259,0.18110236220472442,127,0.4409448818897638,-2.455556965406259,1.192359908664447,19,0.6666666666666666,348,0.4482758620689655,1.1879986176721142,8.528146262532337,0.024506167421069935,-3.3273394562655705,0.41379310344827586,348,0.4482758620689655,-3.3273394562655705,0.29314694225913207,19,0.6470588235294118
SPXW,"d50ret,d80",-999999.0,1,score_desc,d80,22,1,0,False,False,False,False,False,-10.413561319889237,19.061380687310663,-10.413561319889237,61,0.5737704918032787,1.7032071330884184,5.0279517928640685,0.08242543922727981,-1.4583223871185822,0.19672131147540983,61,0.5737704918032787,-1.4583223871185822,0.49722035989846414,0,0.3333333333333333,127,0.4566929133858268,1.166646018615506,3.3135246910781984,0.026090745599040933,-2.183333333333332,0.1732283464566929,127,0.4566929133858268,-2.183333333333332,0.7544835886484724,19,0.8333333333333334,348,0.4482758620689655,1.1879986176721142,8.528146262532337,0.024506167421069935,-3.3273394562655705,0.4166666666666667,348,0.4482758620689655,-3.3273394562655705,0.29314694225913207,19,0.6470588235294118
SPXW,"d50ret,d80",-999999.0,1,score_desc,d80,22,1,15,False,False,False,False,False,-10.413561319889237,19.061380687310663,-10.413561319889237,61,0.5737704918032787,1.7032071330884184,5.0279517928640685,0.08242543922727981,-1.4583223871185822,0.19672131147540983,61,0.5737704918032787,-1.4583223871185822,0.49722035989846414,0,0.3333333333333333,127,0.4566929133858268,1.166646018615506,3.3135246910781984,0.026090745599040933,-2.183333333333332,0.1732283464566929,127,0.4566929133858268,-2.183333333333332,0.7544835886484724,19,0.8333333333333334,348,0.4482758620689655,1.1879986176721142,8.528146262532337,0.024506167421069935,-3.3273394562655705,0.4166666666666667,348,0.4482758620689655,-3.3273394562655705,0.29314694225913207,19,0.6470588235294118
SPXW,"d50ret,d80",-999999.0,1,score_desc,d80,22,1,30,False,False,False,False,False,-10.413561319889237,19.061380687310663,-10.413561319889237,61,0.5737704918032787,1.7032071330884184,5.0279517928640685,0.08242543922727981,-1.4583223871185822,0.19672131147540983,61,0.5737704918032787,-1.4583223871185822,0.49722035989846414,0,0.3333333333333333,127,0.4566929133858268,1.166646018615506,3.3135246910781984,0.026090745599040933,-2.183333333333332,0.1732283464566929,127,0.4566929133858268,-2.183333333333332,0.7544835886484724,19,0.8333333333333334,348,0.4482758620689655,1.1879986176721142,8.528146262532337,0.024506167421069935,-3.3273394562655705,0.4166666666666667,348,0.4482758620689655,-3.3273394562655705,0.29314694225913207,19,0.6470588235294118
SPXW,"d50ret,d80",0.0,1,score_desc,d80,21,1,0,False,False,False,False,False,-10.413561319889237,13.26090906485937,-10.413561319889237,61,0.5737704918032787,1.7032071330884184,5.0279517928640685,0.08242543922727981,-1.4583223871185822,0.19672131147540983,61,0.5737704918032787,-1.4583223871185822,0.49722035989846414,0,0.3333333333333333,120,0.45,1.1381518319751363,2.678140500862475,0.022317837507187292,-2.455556965406259,0.15833333333333333,120,0.45,-2.455556965406259,0.9334835118601484,16,0.6666666666666666,321,0.4454828660436137,1.1875874437043008,7.999218818987421,0.024919684794353338,-3.3273394562655705,0.3862928348909657,321,0.4454828660436137,-3.3273394562655705,0.31253051786330077,10,0.7058823529411765
SPXW,"d50ret,d80",0.0,1,score_desc,d80,21,1,15,False,False,False,False,False,-10.413561319889237,13.26090906485937,-10.413561319889237,61,0.5737704918032787,1.7032071330884184,5.0279517928640685,0.08242543922727981,-1.4583223871185822,0.19672131147540983,61,0.5737704918032787,-1.4583223871185822,0.49722035989846414,0,0.3333333333333333,120,0.45,1.1381518319751363,2.678140500862475,0.022317837507187292,-2.455556965406259,0.15833333333333333,120,0.45,-2.455556965406259,0.9334835118601484,16,0.6666666666666666,321,0.4454828660436137,1.1875874437043008,7.999218818987421,0.024919684794353338,-3.3273394562655705,0.3862928348909657,321,0.4454828660436137,-3.3273394562655705,0.31253051786330077,10,0.7058823529411765
SPXW,"d50ret,d80",0.0,1,score_desc,d80,21,1,30,False,False,False,False,False,-10.413561319889237,13.26090906485937,-10.413561319889237,61,0.5737704918032787,1.7032071330884184,5.0279517928640685,0.08242543922727981,-1.4583223871185822,0.19672131147540983,61,0.5737704918032787,-1.4583223871185822,0.49722035989846414,0,0.3333333333333333,120,0.45,1.1381518319751363,2.678140500862475,0.022317837507187292,-2.455556965406259,0.15833333333333333,120,0.45,-2.455556965406259,0.9334835118601484,16,0.6666666666666666,321,0.4454828660436137,1.1875874437043008,7.999218818987421,0.024919684794353338,-3.3273394562655705,0.3862928348909657,321,0.4454828660436137,-3.3273394562655705,0.31253051786330077,10,0.7058823529411765
SPXW,"d50ret,d80",0.0,1,score_desc,d80,22,1,0,False,False,False,False,False,-10.413561319889237,15.83650324419675,-10.413561319889237,61,0.5737704918032787,1.7032071330884184,5.0279517928640685,0.08242543922727981,-1.4583223871185822,0.19672131147540983,61,0.5737704918032787,-1.4583223871185822,0.49722035989846414,0,0.3333333333333333,120,0.4666666666666667,1.207340000510675,3.8949828212626523,0.03245819017718877,-2.0999999999999988,0.15,120,0.4666666666666667,-2.0999999999999988,0.6418513546074036,16,0.8333333333333334,321,0.4454828660436137,1.1875874437043008,7.999218818987421,0.024919684794353338,-3.3273394562655705,0.3894080996884735,321,0.4454828660436137,-3.3273394562655705,0.31253051786330077,10,0.7058823529411765
SPXW,"d50ret,d80",0.0,1,score_desc,d80,22,1,15,False,False,False,False,False,-10.413561319889237,15.83650324419675,-10.413561319889237,61,0.5737704918032787,1.7032071330884184,5.0279517928640685,0.08242543922727981,-1.4583223871185822,0.19672131147540983,61,0.5737704918032787,-1.4583223871185822,0.49722035989846414,0,0.3333333333333333,120,0.4666666666666667,1.207340000510675,3.8949828212626523,0.03245819017718877,-2.0999999999999988,0.15,120,0.4666666666666667,-2.0999999999999988,0.6418513546074036,16,0.8333333333333334,321,0.4454828660436137,1.1875874437043008,7.999218818987421,0.024919684794353338,-3.3273394562655705,0.3894080996884735,321,0.4454828660436137,-3.3273394562655705,0.31253051786330077,10,0.7058823529411765
SPXW,"d50ret,d80",0.0,1,score_desc,d80,22,1,30,False,False,False,False,False,-10.413561319889237,15.83650324419675,-10.413561319889237,61,0.5737704918032787,1.7032071330884184,5.0279517928640685,0.08242543922727981,-1.4583223871185822,0.19672131147540983,61,0.5737704918032787,-1.4583223871185822,0.49722035989846414,0,0.3333333333333333,120,0.4666666666666667,1.207340000510675,3.8949828212626523,0.03245819017718877,-2.0999999999999988,0.15,120,0.4666666666666667,-2.0999999999999988,0.6418513546074036,16,0.8333333333333334,321,0.4454828660436137,1.1875874437043008,7.999218818987421,0.024919684794353338,-3.3273394562655705,0.3894080996884735,321,0.4454828660436137,-3.3273394562655705,0.31253051786330077,10,0.7058823529411765
SPXW,"d65ret,d80_front",0.0,1,score_desc,d65win,21,2,15,False,False,False,False,False,-10.798120263841287,15.20831152055049,-10.798120263841287,110,0.4818181818181818,1.636843549035915,8.838687022387248,0.08035170020352043,-2.400000000000005,0.2,102,0.4803921568627451,-2.400000000000005,0.3917229003111092,0,0.8333333333333334,137,0.45985401459854014,1.0302809889027444,0.551501064860412,0.0040255552179592115,-2.6798183423520623,0.22627737226277372,128,0.453125,-2.6798183423520623,4.564131387634329,21,0.6666666666666666,377,0.4403183023872679,1.0067194704042561,0.331699119849433,0.0008798385141894774,-4.480124047786315,0.41114058355437666,340,0.4323529411764706,-4.480124047786316,12.362447364517765,19,0.47058823529411764
SPXW,"d65ret,d80_front",0.0,1,score_desc,d65win,21,2,0,False,False,False,False,False,-10.798120263841287,15.20831152055049,-10.798120263841287,110,0.4818181818181818,1.636843549035915,8.838687022387248,0.08035170020352043,-2.400000000000005,0.2,102,0.4803921568627451,-2.400000000000005,0.3917229003111092,0,0.8333333333333334,137,0.45985401459854014,1.0302809889027444,0.551501064860412,0.0040255552179592115,-2.6798183423520623,0.22627737226277372,128,0.453125,-2.6798183423520623,4.564131387634329,21,0.6666666666666666,377,0.4350132625994695,0.9871601335937863,-0.6377973806059245,-0.0016917702403340172,-4.934804825323408,0.40848806366047746,339,0.4277286135693215,-4.934804825323408,-5.991565432521696,19,0.47058823529411764
SPXW,"d65ret,d80_front",-999999.0,1,score_desc,d65win,21,2,15,False,False,False,False,False,-10.798120263841287,15.20831152055049,-10.798120263841287,110,0.4818181818181818,1.636843549035915,8.838687022387248,0.08035170020352043,-2.400000000000005,0.2,102,0.4803921568627451,-2.400000000000005,0.3917229003111092,0,0.8333333333333334,137,0.45985401459854014,1.0302809889027444,0.551501064860412,0.0040255552179592115,-2.6798183423520623,0.22627737226277372,128,0.453125,-2.6798183423520623,4.564131387634329,21,0.6666666666666666,380,0.43157894736842106,0.9757730944153905,-1.2109742681967193,-0.0031867743899913663,-5.158734259950474,0.4105263157894737,345,0.42318840579710143,-5.085368918228322,-3.3862097797517796,21,0.47058823529411764
SPXW,"d65ret,d80_front",-999999.0,1,score_desc,d65win,21,2,0,False,False,False,False,False,-10.798120263841287,15.20831152055049,-10.798120263841287,110,0.4818181818181818,1.636843549035915,8.838687022387248,0.08035170020352043,-2.400000000000005,0.2,102,0.4803921568627451,-2.400000000000005,0.3917229003111092,0,0.8333333333333334,137,0.45985401459854014,1.0302809889027444,0.551501064860412,0.0040255552179592115,-2.6798183423520623,0.22627737226277372,128,0.453125,-2.6798183423520623,4.564131387634329,21,0.6666666666666666,382,0.42670157068062825,0.957573809243774,-2.1465114428780536,-0.00561913990282213,-6.106691877134306,0.4083769633507853,345,0.42028985507246375,-6.010073485451807,-1.7802862180262045,21,0.47058823529411764
SPXW,"d65ret,d80_front",0.0,1,score_desc,d65win,21,3,15,False,False,False,False,False,-10.866566180305899,15.20831152055049,-10.866566180305899,110,0.4818181818181818,1.6297895613324516,8.778616948202746,0.07980560862002496,-2.400000000000004,0.2,102,0.4803921568627451,-2.400000000000004,0.3944033708021099,0,0.8333333333333334,137,0.45985401459854014,1.0302809889027444,0.551501064860412,0.0040255552179592115,-2.6798183423520623,0.22627737226277372,128,0.453125,-2.6798183423520623,4.564131387634329,21,0.6666666666666666,377,0.4403183023872679,1.0096524199505124,0.47541950035814473,0.0012610596826475987,-4.794208554828569,0.41114058355437666,340,0.4323529411764706,-4.794208554828569,8.608240935772047,19,0.47058823529411764
SPXW,"d65ret,d80_front",0.0,1,score_desc,d65win,21,4,15,False,False,False,False,False,-10.866566180305899,15.20831152055049,-10.866566180305899,110,0.4818181818181818,1.6297895613324516,8.778616948202746,0.07980560862002496,-2.400000000000004,0.2,102,0.4803921568627451,-2.400000000000004,0.3944033708021099,0,0.8333333333333334,137,0.45985401459854014,1.0302809889027444,0.551501064860412,0.0040255552179592115,-2.6798183423520623,0.22627737226277372,128,0.453125,-2.6798183423520623,4.564131387634329,21,0.6666666666666666,377,0.4403183023872679,1.0096524199505124,0.47541950035814473,0.0012610596826475987,-4.794208554828569,0.41114058355437666,340,0.4323529411764706,-4.794208554828569,8.608240935772047,19,0.47058823529411764
SPXW,"d65ret,d80_front",-999999.0,1,score_desc,d65win,21,3,15,False,False,False,False,False,-10.866566180305899,15.20831152055049,-10.866566180305899,110,0.4818181818181818,1.6297895613324516,8.778616948202746,0.07980560862002496,-2.400000000000004,0.2,102,0.4803921568627451,-2.400000000000004,0.3944033708021099,0,0.8333333333333334,137,0.45985401459854014,1.0302809889027444,0.551501064860412,0.0040255552179592115,-2.6798183423520623,0.22627737226277372,128,0.453125,-2.6798183423520623,4.564131387634329,21,0.6666666666666666,380,0.43157894736842106,0.9786013080659927,-1.067253887688007,-0.002808562862336861,-5.107540730618784,0.4105263157894737,345,0.42318840579710143,-5.107540730618785,-3.834631714027218,21,0.47058823529411764
SPXW,"d65ret,d80_front",-999999.0,1,score_desc,d65win,21,4,15,False,False,False,False,False,-10.866566180305899,15.20831152055049,-10.866566180305899,110,0.4818181818181818,1.6297895613324516,8.778616948202746,0.07980560862002496,-2.400000000000004,0.2,102,0.4803921568627451,-2.400000000000004,0.3944033708021099,0,0.8333333333333334,137,0.45985401459854014,1.0302809889027444,0.551501064860412,0.0040255552179592115,-2.6798183423520623,0.22627737226277372,128,0.453125,-2.6798183423520623,4.564131387634329,21,0.6666666666666666,380,0.43157894736842106,0.9786013080659927,-1.067253887688007,-0.002808562862336861,-5.107540730618784,0.4105263157894737,345,0.42318840579710143,-5.107540730618785,-3.834631714027218,21,0.47058823529411764
SPXW,"d65ret,d80_front",0.0,1,score_desc,d65win,21,2,30,False,False,False,False,False,-10.978688869573492,15.976633053462777,-10.978688869573492,110,0.4818181818181818,1.6182575243352437,8.679284981753096,0.07890259074320996,-2.400000000000004,0.2,102,0.4803921568627451,-2.400000000000004,0.3989172060406702,0,0.8333333333333334,137,0.45985401459854014,1.0562005324109742,1.023568073351965,0.007471299805488795,-2.6798183423520623,0.21897810218978103,128,0.4609375,-2.6798183423520627,2.459165526920086,21,0.6666666666666666,377,0.4376657824933687,0.995164756588671,-0.2400471866684919,-0.0006367299381127106,-4.480124047786317,0.40583554376657827,340,0.4294117647058823,-4.480124047786317,-16.411408049502132,19,0.47058823529411764
SPXW,"d65ret,d80_front",-999999.0,1,score_desc,d65win,21,2,30,False,False,False,False,False,-10.978688869573492,15.976633053462777,-10.978688869573492,110,0.4818181818181818,1.6182575243352437,8.679284981753096,0.07890259074320996,-2.400000000000004,0.2,102,0.4803921568627451,-2.400000000000004,0.3989172060406702,0,0.8333333333333334,137,0.45985401459854014,1.0562005324109742,1.023568073351965,0.007471299805488795,-2.6798183423520623,0.21897810218978103,128,0.4609375,-2.6798183423520627,2.459165526920086,21,0.6666666666666666,380,0.42894736842105263,0.9645343533592459,-1.7827205747146442,-0.00469136993345959,-5.229111843940586,0.4052631578947368,345,0.42028985507246375,-5.146158222639519,-2.2098316401504574,21,0.47058823529411764
SPXW,"d65ret,d80_front",0.0,1,score_desc,d65win,21,3,30,False,False,False,False,False,-11.045863215603692,15.976633053462777,-11.045863215603692,110,0.4818181818181818,1.611362482936081,8.619214907568594,0.07835649915971449,-2.400000000000004,0.2,102,0.4803921568627451,-2.400000000000004,0.4016973880430119,0,0.8333333333333334,137,0.45985401459854014,1.0562005324109742,1.023568073351965,0.007471299805488795,-2.6798183423520623,0.21897810218978103,128,0.4609375,-2.6798183423520627,2.459165526920086,21,0.6666666666666666,377,0.4376657824933687,0.998055392856018,-0.09632680615978018,-0.00025550876965458935,-4.79420855482857,0.40583554376657827,340,0.4294117647058823,-4.79420855482857,-40.813405768714524,19,0.47058823529411764
SPXW,"d65ret,d80_front",0.0,1,score_desc,d65win,21,4,30,False,False,False,False,False,-11.045863215603692,15.976633053462777,-11.045863215603692,110,0.4818181818181818,1.611362482936081,8.619214907568594,0.07835649915971449,-2.400000000000004,0.2,102,0.4803921568627451,-2.400000000000004,0.4016973880430119,0,0.8333333333333334,137,0.45985401459854014,1.0562005324109742,1.023568073351965,0.007471299805488795,-2.6798183423520623,0.21897810218978103,128,0.4609375,-2.6798183423520627,2.459165526920086,21,0.6666666666666666,377,0.4376657824933687,0.998055392856018,-0.09632680615978018,-0.00025550876965458935,-4.79420855482857,0.40583554376657827,340,0.4294117647058823,-4.79420855482857,-40.813405768714524,19,0.47058823529411764
SPXW,"d65ret,d80_front",-999999.0,1,score_desc,d65win,21,3,30,False,False,False,False,False,-11.045863215603692,15.976633053462777,-11.045863215603692,110,0.4818181818181818,1.611362482936081,8.619214907568594,0.07835649915971449,-2.400000000000004,0.2,102,0.4803921568627451,-2.400000000000004,0.4016973880430119,0,0.8333333333333334,137,0.45985401459854014,1.0562005324109742,1.023568073351965,0.007471299805488795,-2.6798183423520623,0.21897810218978103,128,0.4609375,-2.6798183423520627,2.459165526920086,21,0.6666666666666666,380,0.42894736842105263,0.967322057886406,-1.639000194205933,-0.004313158405805087,-5.168330035029982,0.4052631578947368,345,0.42028985507246375,-5.1683300350299834,-2.3986727030914876,21,0.47058823529411764
SPXW,"d65ret,d80_front",-999999.0,1,score_desc,d65win,21,4,30,False,False,False,False,False,-11.045863215603692,15.976633053462777,-11.045863215603692,110,0.4818181818181818,1.611362482936081,8.619214907568594,0.07835649915971449,-2.400000000000004,0.2,102,0.4803921568627451,-2.400000000000004,0.4016973880430119,0,0.8333333333333334,137,0.45985401459854014,1.0562005324109742,1.023568073351965,0.007471299805488795,-2.6798183423520623,0.21897810218978103,128,0.4609375,-2.6798183423520627,2.459165526920086,21,0.6666666666666666,380,0.42894736842105263,0.967322057886406,-1.639000194205933,-0.004313158405805087,-5.168330035029982,0.4052631578947368,345,0.42028985507246375,-5.1683300350299834,-2.3986727030914876,21,0.47058823529411764
SPXW,"d65ret,d80_front",0.0,1,score_desc,d65win,22,2,15,False,False,False,False,False,-11.310130404325488,14.908138723044821,-11.310130404325488,114,0.47368421052631576,1.5954749264879826,8.6654386381515,0.0760126196329079,-2.473248384235755,0.20175438596491227,103,0.47572815533980584,-2.473248384235755,0.4572551120386135,0,0.8333333333333334,139,0.460431654676259,1.0163970938167932,0.3035558315110248,0.002183854902957013,-2.6277635757014486,0.22302158273381295,128,0.453125,-2.6277635757014486,8.463609723144014,22,0.6666666666666666,387,0.4392764857881137,1.0079416225298767,0.4024123127858896,0.0010398250976379577,-4.872295453466788,0.4082687338501292,342,0.4298245614035088,-4.872295453466787,10.96316094084894,19,0.5294117647058824
SPXW,"d65ret,d80_front",-999999.0,1,score_desc,d65win,22,2,15,False,False,False,False,False,-11.310130404325488,14.908138723044821,-11.310130404325488,114,0.47368421052631576,1.5954749264879826,8.6654386381515,0.0760126196329079,-2.473248384235755,0.20175438596491227,103,0.47572815533980584,-2.473248384235755,0.4572551120386135,0,0.8333333333333334,139,0.460431654676259,1.0163970938167932,0.3035558315110248,0.002183854902957013,-2.6277635757014486,0.22302158273381295,128,0.453125,-2.6277635757014486,8.463609723144014,22,0.6666666666666666,389,0.43444730077120824,0.9930866781796361,-0.35261020198208026,-0.0009064529613935225,-4.861403571402015,0.4087403598971722,345,0.4260869565217391,-4.861403571402017,-12.511580563613858,21,0.5294117647058824
SPXW,"d65ret,d80_front",0.0,1,score_desc,d65win,22,2,0,False,False,False,False,False,-11.310130404325488,14.908138723044821,-11.310130404325488,114,0.47368421052631576,1.5954749264879826,8.6654386381515,0.0760126196329079,-2.473248384235755,0.20175438596491227,103,0.47572815533980584,-2.473248384235755,0.4572551120386135,0,0.8333333333333334,139,0.460431654676259,1.0163970938167932,0.3035558315110248,0.002183854902957013,-2.6277635757014486,0.22302158273381295,128,0.453125,-2.6277635757014486,8.463609723144014,22,0.6666666666666666,387,0.4315245478036176,0.9733411187078579,-1.3670841876694695,-0.003532517280799663,-5.498490351775288,0.40568475452196384,341,0.4252199413489736,-5.498490351775288,-2.7952958369783087,19,0.5294117647058824
SPXW,"d65ret,d80_front",-999999.0,1,score_desc,d65win,22,2,0,False,False,False,False,False,-11.310130404325488,14.908138723044821,-11.310130404325488,114,0.47368421052631576,1.5954749264879826,8.6654386381515,0.0760126196329079,-2.473248384235755,0.20175438596491227,103,0.47572815533980584,-2.473248384235755,0.4572551120386135,0,0.8333333333333334,139,0.460431654676259,1.0163970938167932,0.3035558315110248,0.002183854902957013,-2.6277635757014486,0.22302158273381295,128,0.453125,-2.6277635757014486,8.463609723144014,22,0.6666666666666666,391,0.42455242966751916,0.9477653525956099,-2.7185075864796118,-0.00695270482475604,-6.4164683484417,0.40664961636828645,345,0.42028985507246375,-6.210300146959517,-1.4056994939418026,21,0.5294117647058824
SPXW,"d65ret,d80_front",0.0,1,score_desc,d65win,22,3,15,False,False,False,False,False,-11.374615743399385,14.908138723044821,-11.374615743399385,114,0.47368421052631576,1.588916010958358,8.605368563966996,0.07548568915760523,-2.473248384235755,0.20175438596491227,103,0.47572815533980584,-2.473248384235755,0.4604469972318191,0,0.8333333333333334,139,0.460431654676259,1.0163970938167932,0.3035558315110248,0.002183854902957013,-2.6277635757014486,0.22302158273381295,128,0.453125,-2.6277635757014486,8.463609723144014,22,0.6666666666666666,387,0.4392764857881137,1.0065810401839559,0.3327461868515149,0.0008598092683501677,-5.044336369128061,0.4082687338501292,342,0.4298245614035088,-5.044336369128059,13.234182143363885,19,0.47058823529411764
SPXW,"d65ret,d80_front",0.0,1,score_desc,d65win,22,4,15,False,False,False,False,False,-11.374615743399385,14.908138723044821,-11.374615743399385,114,0.47368421052631576,1.588916010958358,8.605368563966996,0.07548568915760523,-2.473248384235755,0.20175438596491227,103,0.47572815533980584,-2.473248384235755,0.4604469972318191,0,0.8333333333333334,139,0.460431654676259,1.0163970938167932,0.3035558315110248,0.002183854902957013,-2.6277635757014486,0.22302158273381295,128,0.453125,-2.6277635757014486,8.463609723144014,22,0.6666666666666666,387,0.4392764857881137,1.0065810401839559,0.3327461868515149,0.0008598092683501677,-5.044336369128061,0.4082687338501292,342,0.4298245614035088,-5.044336369128059,13.234182143363885,19,0.47058823529411764
SPXW,"d65ret,d80_front",-999999.0,1,score_desc,d65win,22,3,15,False,False,False,False,False,-11.374615743399385,14.908138723044821,-11.374615743399385,114,0.47368421052631576,1.588916010958358,8.605368563966996,0.07548568915760523,-2.473248384235755,0.20175438596491227,103,0.47572815533980584,-2.473248384235755,0.4604469972318191,0,0.8333333333333334,139,0.460431654676259,1.0163970938167932,0.3035558315110248,0.002183854902957013,-2.6277635757014486,0.22302158273381295,128,0.453125,-2.6277635757014486,8.463609723144014,22,0.6666666666666666,389,0.43444730077120824,0.991702907296889,-0.42227632791645453,-0.001085543259425333,-5.04433636912806,0.4087403598971722,345,0.4260869565217391,-5.04433636912806,-10.428298612026337,21,0.47058823529411764
SPXW,"d65ret,d80_front",-999999.0,1,score_desc,d65win,22,4,15,False,False,False,False,False,-11.374615743399385,14.908138723044821,-11.374615743399385,114,0.47368421052631576,1.588916010958358,8.605368563966996,0.07548568915760523,-2.473248384235755,0.20175438596491227,103,0.47572815533980584,-2.473248384235755,0.4604469972318191,0,0.8333333333333334,139,0.460431654676259,1.0163970938167932,0.3035558315110248,0.002183854902957013,-2.6277635757014486,0.22302158273381295,128,0.453125,-2.6277635757014486,8.463609723144014,22,0.6666666666666666,389,0.43444730077120824,0.991702907296889,-0.42227632791645453,-0.001085543259425333,-5.04433636912806,0.4087403598971722,345,0.4260869565217391,-5.04433636912806,-10.428298612026337,21,0.47058823529411764
SPXW,"d50ret,d80,d80_front",0.0,1,score_desc,d80,21,1,0,False,False,False,False,False,-11.385267843283533,14.329831661616202,-11.385267843283533,89,0.550561797752809,1.5827251748457334,5.214091992000195,0.058585303280901065,-1.4583223871185822,0.2247191011235955,89,0.550561797752809,-1.4583223871185822,0.47946986816413395,0,0.5,124,0.4435483870967742,1.1132558300158946,2.22697567483194,0.017959481248644677,-2.455556965406259,0.1532258064516129,124,0.4435483870967742,-2.455556965406259,1.1225987011235155,17,0.6666666666666666,343,0.4577259475218659,1.1992231842617922,8.65229328420808,0.0252253448519186,-3.3273394562655785,0.3965014577259475,343,0.4577259475218659,-3.3273394562655785,0.28894073719887986,19,0.7647058823529411
SPXW,"d50ret,d80,d80_front",0.0,1,score_desc,d80,21,1,15,False,False,False,False,False,-11.385267843283533,14.329831661616202,-11.385267843283533,89,0.550561797752809,1.5827251748457334,5.214091992000195,0.058585303280901065,-1.4583223871185822,0.2247191011235955,89,0.550561797752809,-1.4583223871185822,0.47946986816413395,0,0.5,124,0.4435483870967742,1.1132558300158946,2.22697567483194,0.017959481248644677,-2.455556965406259,0.1532258064516129,124,0.4435483870967742,-2.455556965406259,1.1225987011235155,17,0.6666666666666666,343,0.4577259475218659,1.1992231842617922,8.65229328420808,0.0252253448519186,-3.3273394562655785,0.3965014577259475,343,0.4577259475218659,-3.3273394562655785,0.28894073719887986,19,0.7647058823529411
SPXW,"d50ret,d80,d80_front",0.0,1,score_desc,d80,21,1,30,False,False,False,False,False,-11.385267843283533,14.329831661616202,-11.385267843283533,89,0.550561797752809,1.5827251748457334,5.214091992000195,0.058585303280901065,-1.4583223871185822,0.2247191011235955,89,0.550561797752809,-1.4583223871185822,0.47946986816413395,0,0.5,124,0.4435483870967742,1.1132558300158946,2.22697567483194,0.017959481248644677,-2.455556965406259,0.1532258064516129,124,0.4435483870967742,-2.455556965406259,1.1225987011235155,17,0.6666666666666666,343,0.4577259475218659,1.1992231842617922,8.65229328420808,0.0252253448519186,-3.3273394562655785,0.3965014577259475,343,0.4577259475218659,-3.3273394562655785,0.28894073719887986,19,0.7647058823529411
SPXW,"d50ret,d80,d80_front",0.0,1,score_desc,d80,22,1,0,False,False,False,False,False,-11.385267843283533,16.968520825823983,-11.385267843283533,89,0.550561797752809,1.5827251748457334,5.214091992000195,0.058585303280901065,-1.4583223871185822,0.2247191011235955,89,0.550561797752809,-1.4583223871185822,0.47946986816413395,0,0.5,124,0.4596774193548387,1.180652366455878,3.4438179952321177,0.02777272576800095,-2.3777454259441866,0.14516129032258066,124,0.4596774193548387,-2.3777454259441866,0.7259384797515981,17,0.8333333333333334,343,0.4577259475218659,1.1992231842617922,8.65229328420808,0.0252253448519186,-3.3273394562655785,0.39941690962099125,343,0.4577259475218659,-3.3273394562655785,0.28894073719887986,19,0.7647058823529411
SPXW,"d50ret,d80,d80_front",0.0,1,score_desc,d80,22,1,15,False,False,False,False,False,-11.385267843283533,16.968520825823983,-11.385267843283533,89,0.550561797752809,1.5827251748457334,5.214091992000195,0.058585303280901065,-1.4583223871185822,0.2247191011235955,89,0.550561797752809,-1.4583223871185822,0.47946986816413395,0,0.5,124,0.4596774193548387,1.180652366455878,3.4438179952321177,0.02777272576800095,-2.3777454259441866,0.14516129032258066,124,0.4596774193548387,-2.3777454259441866,0.7259384797515981,17,0.8333333333333334,343,0.4577259475218659,1.1992231842617922,8.65229328420808,0.0252253448519186,-3.3273394562655785,0.39941690962099125,343,0.4577259475218659,-3.3273394562655785,0.28894073719887986,19,0.7647058823529411
SPXW,"d50ret,d80,d80_front",0.0,1,score_desc,d80,22,1,30,False,False,False,False,False,-11.385267843283533,16.968520825823983,-11.385267843283533,89,0.550561797752809,1.5827251748457334,5.214091992000195,0.058585303280901065,-1.4583223871185822,0.2247191011235955,89,0.550561797752809,-1.4583223871185822,0.47946986816413395,0,0.5,124,0.4596774193548387,1.180652366455878,3.4438179952321177,0.02777272576800095,-2.3777454259441866,0.14516129032258066,124,0.4596774193548387,-2.3777454259441866,0.7259384797515981,17,0.8333333333333334,343,0.4577259475218659,1.1992231842617922,8.65229328420808,0.0252253448519186,-3.3273394562655785,0.39941690962099125,343,0.4577259475218659,-3.3273394562655785,0.28894073719887986,19,0.7647058823529411
SPXW,"d50ret,d65ret,d80_front",0.0,1,score_desc,d65win,21,2,15,False,False,False,False,False,-11.413873367107705,-9.48261144186441,-11.413873367107705,110,0.4818181818181818,1.5737784376340873,8.282525962128293,0.07529569056480266,-2.400000000000003,0.2,102,0.4803921568627451,-2.400000000000003,0.41802659372069284,0,0.8333333333333334,137,0.40875912408759124,0.9652711382337229,-0.7458245859120742,-0.005443975079650177,-3.7622749773316935,0.26277372262773724,128,0.40625,-3.762274977331694,-3.922286781349662,21,0.5,378,0.42592592592592593,1.0505721105553691,2.6339271107936617,0.006968061139665771,-2.763303662176484,0.37566137566137564,342,0.4093567251461988,-2.763303662176484,1.5568437308653837,19,0.47058823529411764
SPXW,"d50ret,d65ret,d80_front",0.0,1,score_desc,d65win,21,2,0,False,False,False,False,False,-11.413873367107705,-8.588494021497347,-11.413873367107705,110,0.4818181818181818,1.5737784376340873,8.282525962128293,0.07529569056480266,-2.400000000000003,0.2,102,0.4803921568627451,-2.400000000000003,0.41802659372069284,0,0.8333333333333334,137,0.41605839416058393,0.9774379294012707,-0.48331864642616873,-0.003527873331577874,-3.762274977331694,0.26277372262773724,128,0.40625,-3.7622749773316944,-6.052607190224319,21,0.5,378,0.41798941798941797,1.024679648339423,1.3000811528305602,0.0034393681291813765,-3.3680245643509004,0.37037037037037035,340,0.40294117647058825,-3.3680245643509004,3.0431871307000398,19,0.4117647058823529
SPXW,"d50ret,d65ret,d80_front",-999999.0,1,score_desc,d65win,21,2,15,False,False,False,False,False,-11.413873367107705,-9.48261144186441,-11.413873367107705,110,0.4818181818181818,1.5737784376340873,8.282525962128293,0.07529569056480266,-2.400000000000003,0.2,102,0.4803921568627451,-2.400000000000003,0.41802659372069284,0,0.8333333333333334,137,0.40875912408759124,0.9652711382337229,-0.7458245859120742,-0.005443975079650177,-3.7622749773316935,0.26277372262773724,128,0.40625,-3.762274977331694,-3.922286781349662,21,0.5,382,0.418848167539267,1.0134923065919097,0.7160459444077034,0.0018744658230568153,-3.3298260154185435,0.36910994764397903,350,0.4057142857142857,-3.3298260154185426,4.976608234900964,21,0.35294117647058826
SPXW,"d50ret,d65ret,d80_front",-999999.0,1,score_desc,d65win,21,2,0,False,False,False,False,False,-11.413873367107705,-8.588494021497347,-11.413873367107705,110,0.4818181818181818,1.5737784376340873,8.282525962128293,0.07529569056480266,-2.400000000000003,0.2,102,0.4803921568627451,-2.400000000000003,0.41802659372069284,0,0.8333333333333334,137,0.41605839416058393,0.9774379294012707,-0.48331864642616873,-0.003527873331577874,-3.762274977331694,0.26277372262773724,128,0.40625,-3.7622749773316944,-6.052607190224319,21,0.5,384,0.4140625,0.9995300804627488,-0.025218866931911332,-6.567413263518576e-05,-4.075413320766755,0.3671875,350,0.40285714285714286,-4.075413320766755,-135.52877709537418,21,0.35294117647058826
SPXW,"d50ret,d65ret,d80_front",0.0,1,score_desc,d65win,21,3,15,False,False,False,False,False,-11.478063244829634,-9.48261144186441,-11.478063244829634,110,0.4818181818181818,1.5672564547734582,8.222455887943788,0.07474959898130716,-2.400000000000003,0.2,102,0.4803921568627451,-2.400000000000003,0.4210805339105961,0,0.8333333333333334,137,0.40875912408759124,0.9652711382337229,-0.7458245859120742,-0.005443975079650177,-3.7622749773316935,0.26277372262773724,128,0.40625,-3.762274977331694,-3.922286781349662,21,0.5,378,0.42592592592592593,1.0564935481595386,2.925839805445451,0.007740316945622886,-2.4959210594327237,0.37566137566137564,342,0.4093567251461988,-2.4959210594327237,1.3987524528958957,19,0.47058823529411764
SPXW,"d50ret,d65ret,d80_front",0.0,1,score_desc,d65win,21,4,15,False,False,False,False,False,-11.478063244829634,-9.48261144186441,-11.478063244829634,110,0.4818181818181818,1.5672564547734582,8.222455887943788,0.07474959898130716,-2.400000000000003,0.2,102,0.4803921568627451,-2.400000000000003,0.4210805339105961,0,0.8333333333333334,137,0.40875912408759124,0.9652711382337229,-0.7458245859120742,-0.005443975079650177,-3.7622749773316935,0.26277372262773724,128,0.40625,-3.762274977331694,-3.922286781349662,21,0.5,378,0.42592592592592593,1.0564935481595386,2.925839805445451,0.007740316945622886,-2.4959210594327237,0.37566137566137564,342,0.4093567251461988,-2.4959210594327237,1.3987524528958957,19,0.47058823529411764
SPXW,"d50ret,d65ret,d80_front",-999999.0,1,score_desc,d65win,21,3,15,False,False,False,False,False,-11.478063244829634,-9.48261144186441,-11.478063244829634,110,0.4818181818181818,1.5672564547734582,8.222455887943788,0.07474959898130716,-2.400000000000003,0.2,102,0.4803921568627451,-2.400000000000003,0.4210805339105961,0,0.8333333333333334,137,0.40875912408759124,0.9652711382337229,-0.7458245859120742,-0.005443975079650177,-3.7622749773316935,0.26277372262773724,128,0.40625,-3.762274977331694,-3.922286781349662,21,0.5,382,0.418848167539267,1.0190978040466485,1.0079586390594928,0.0026386351807840126,-3.1186266920162953,0.36910994764397903,350,0.4057142857142857,-3.1186266920162953,3.527320170077687,21,0.35294117647058826
SPXW,"d50ret,d65ret,d80_front",-999999.0,1,score_desc,d65win,21,4,15,False,False,False,False,False,-11.478063244829634,-9.48261144186441,-11.478063244829634,110,0.4818181818181818,1.5672564547734582,8.222455887943788,0.07474959898130716,-2.400000000000003,0.2,102,0.4803921568627451,-2.400000000000003,0.4210805339105961,0,0.8333333333333334,137,0.40875912408759124,0.9652711382337229,-0.7458245859120742,-0.005443975079650177,-3.7622749773316935,0.26277372262773724,128,0.40625,-3.762274977331694,-3.922286781349662,21,0.5,382,0.418848167539267,1.0190978040466485,1.0079586390594928,0.0026386351807840126,-3.1186266920162953,0.36910994764397903,350,0.4057142857142857,-3.1186266920162953,3.527320170077687,21,0.35294117647058826
SPXW,"d65ret,d80_front",0.0,1,score_desc,d65win,22,2,30,False,False,False,False,False,-11.480308667636294,15.66553956160272,-11.480308667636294,114,0.47368421052631576,1.5781876945899853,8.506036597517348,0.07461435611857323,-2.473248384235755,0.20175438596491227,103,0.47572815533980584,-2.473248384235755,0.4658240145014393,0,0.8333333333333334,139,0.460431654676259,1.041896610619085,0.7756228400025778,0.005580020431673221,-2.627763575701449,0.2158273381294964,128,0.4609375,-2.627763575701449,3.3124064359492515,22,0.6666666666666666,387,0.43669250645994834,0.9972920447786291,-0.1378925811975722,-0.000356311579321892,-4.822291567952997,0.40310077519379844,342,0.4269005847953216,-4.822291567952998,-31.85461410145045,19,0.5294117647058824
SPXW,"d65ret,d80_front",-999999.0,1,score_desc,d65win,22,2,30,False,False,False,False,False,-11.480308667636294,15.66553956160272,-11.480308667636294,114,0.47368421052631576,1.5781876945899853,8.506036597517348,0.07461435611857323,-2.473248384235755,0.20175438596491227,103,0.47572815533980584,-2.473248384235755,0.4658240145014393,0,0.8333333333333334,139,0.460431654676259,1.041896610619085,0.7756228400025778,0.005580020431673221,-2.627763575701449,0.2158273381294964,128,0.4609375,-2.627763575701449,3.3124064359492515,22,0.6666666666666666,389,0.4318766066838046,0.9825787789936986,-0.8929150959655412,-0.002295411557752034,-4.890751463278748,0.40359897172236503,345,0.42318840579710143,-4.8113996858882295,-4.919297457673509,21,0.5294117647058824
SPXW,"d65ret,d80_front",0.0,1,score_desc,d65win,22,3,30,False,False,False,False,False,-11.543665383063725,15.66553956160272,-11.543665383063725,114,0.47368421052631576,1.5717698570161693,8.445966523332846,0.07408742564327057,-2.473248384235755,0.20175438596491227,103,0.47572815533980584,-2.473248384235755,0.46913708506958807,0,0.8333333333333334,139,0.460431654676259,1.041896610619085,0.7756228400025778,0.005580020431673221,-2.627763575701449,0.2158273381294964,128,0.4609375,-2.627763575701449,3.3124064359492515,22,0.6666666666666666,387,0.43669250645994834,0.9959151099428762,-0.2075587071319469,-0.000536327408609682,-5.0128949565935965,0.40310077519379844,342,0.4269005847953216,-5.0128949565935965,-21.12379536728447,19,0.47058823529411764
SPXW,"d65ret,d80_front",0.0,1,score_desc,d65win,22,4,30,False,False,False,False,False,-11.543665383063725,15.66553956160272,-11.543665383063725,114,0.47368421052631576,1.5717698570161693,8.445966523332846,0.07408742564327057,-2.473248384235755,0.20175438596491227,103,0.47572815533980584,-2.473248384235755,0.46913708506958807,0,0.8333333333333334,139,0.460431654676259,1.041896610619085,0.7756228400025778,0.005580020431673221,-2.627763575701449,0.2158273381294964,128,0.4609375,-2.627763575701449,3.3124064359492515,22,0.6666666666666666,387,0.43669250645994834,0.9959151099428762,-0.2075587071319469,-0.000536327408609682,-5.0128949565935965,0.40310077519379844,342,0.4269005847953216,-5.0128949565935965,-21.12379536728447,19,0.47058823529411764
SPXW,"d65ret,d80_front",-999999.0,1,score_desc,d65win,22,3,30,False,False,False,False,False,-11.543665383063725,15.66553956160272,-11.543665383063725,114,0.47368421052631576,1.5717698570161693,8.445966523332846,0.07408742564327057,-2.473248384235755,0.20175438596491227,103,0.47572815533980584,-2.473248384235755,0.46913708506958807,0,0.8333333333333334,139,0.460431654676259,1.041896610619085,0.7756228400025778,0.005580020431673221,-2.627763575701449,0.2158273381294964,128,0.4609375,-2.627763575701449,3.3124064359492515,22,0.6666666666666666,389,0.4318766066838046,0.9811791800964222,-0.9625812218999164,-0.0024745018557838466,-5.012894956593597,0.40359897172236503,345,0.42318840579710143,-5.012894956593598,-4.554865144262331,21,0.47058823529411764
SPXW,"d65ret,d80_front",-999999.0,1,score_desc,d65win,22,4,30,False,False,False,False,False,-11.543665383063725,15.66553956160272,-11.543665383063725,114,0.47368421052631576,1.5717698570161693,8.445966523332846,0.07408742564327057,-2.473248384235755,0.20175438596491227,103,0.47572815533980584,-2.473248384235755,0.46913708506958807,0,0.8333333333333334,139,0.460431654676259,1.041896610619085,0.7756228400025778,0.005580020431673221,-2.627763575701449,0.2158273381294964,128,0.4609375,-2.627763575701449,3.3124064359492515,22,0.6666666666666666,389,0.4318766066838046,0.9811791800964222,-0.9625812218999164,-0.0024745018557838466,-5.012894956593597,0.40359897172236503,345,0.42318840579710143,-5.012894956593598,-4.554865144262331,21,0.47058823529411764
SPXW,"d50ret,d65ret,d80_front",0.0,1,score_desc,d65win,21,3,30,False,False,False,False,False,-11.646324060832548,-9.497142331769743,-11.646324060832548,110,0.4818181818181818,1.5502089037889484,8.063053847309636,0.07330048952099669,-2.400000000000002,0.2,102,0.4803921568627451,-2.400000000000002,0.42940505928866524,0,0.8333333333333334,137,0.40875912408759124,0.9649904607403694,-0.7518523151438616,-0.005487973103239866,-3.7622749773316935,0.26277372262773724,128,0.40625,-3.7622749773316944,-3.9199761940498106,21,0.5,378,0.42592592592592593,1.052825261594952,2.7348761478830492,0.007235122084346691,-2.5300581204636625,0.37037037037037035,342,0.4093567251461988,-2.5300581204636625,1.4868719096911736,19,0.47058823529411764
SPXW,"d50ret,d65ret,d80_front",0.0,1,score_desc,d65win,21,4,30,False,False,False,False,False,-11.646324060832548,-9.497142331769743,-11.646324060832548,110,0.4818181818181818,1.5502089037889484,8.063053847309636,0.07330048952099669,-2.400000000000002,0.2,102,0.4803921568627451,-2.400000000000002,0.42940505928866524,0,0.8333333333333334,137,0.40875912408759124,0.9649904607403694,-0.7518523151438616,-0.005487973103239866,-3.7622749773316935,0.26277372262773724,128,0.40625,-3.7622749773316944,-3.9199761940498106,21,0.5,378,0.42592592592592593,1.052825261594952,2.7348761478830492,0.007235122084346691,-2.5300581204636625,0.37037037037037035,342,0.4093567251461988,-2.5300581204636625,1.4868719096911736,19,0.47058823529411764
SPXW,"d50ret,d65ret,d80_front",-999999.0,1,score_desc,d65win,21,3,30,False,False,False,False,False,-11.646324060832548,-9.497142331769743,-11.646324060832548,110,0.4818181818181818,1.5502089037889484,8.063053847309636,0.07330048952099669,-2.400000000000002,0.2,102,0.4803921568627451,-2.400000000000002,0.42940505928866524,0,0.8333333333333334,137,0.40875912408759124,0.9649904607403694,-0.7518523151438616,-0.005487973103239866,-3.7622749773316935,0.26277372262773724,128,0.40625,-3.7622749773316944,-3.9199761940498106,21,0.5,382,0.418848167539267,1.0151279100165997,0.7984325085177657,0.0020901374568527897,-3.1959286720149143,0.36387434554973824,350,0.4057142857142857,-3.195928672014914,4.192332919758895,21,0.35294117647058826
SPXW,"d50ret,d65ret,d80_front",-999999.0,1,score_desc,d65win,21,4,30,False,False,False,False,False,-11.646324060832548,-9.497142331769743,-11.646324060832548,110,0.4818181818181818,1.5502089037889484,8.063053847309636,0.07330048952099669,-2.400000000000002,0.2,102,0.4803921568627451,-2.400000000000002,0.42940505928866524,0,0.8333333333333334,137,0.40875912408759124,0.9649904607403694,-0.7518523151438616,-0.005487973103239866,-3.7622749773316935,0.26277372262773724,128,0.40625,-3.7622749773316944,-3.9199761940498106,21,0.5,382,0.418848167539267,1.0151279100165997,0.7984325085177657,0.0020901374568527897,-3.1959286720149143,0.36387434554973824,350,0.4057142857142857,-3.195928672014914,4.192332919758895,21,0.35294117647058826
SPXW,"d65ret,d80_front",0.0,1,score_desc,d65win,21,3,0,False,False,False,False,False,-11.777654283374329,15.20831152055049,-11.777654283374329,110,0.4727272727272727,1.5674590800460437,8.080032047953258,0.07345483679957508,-2.400000000000002,0.19090909090909092,102,0.47058823529411764,-2.400000000000002,0.37917315140826385,0,0.8333333333333334,137,0.45985401459854014,1.0302809889027444,0.551501064860412,0.0040255552179592115,-2.6798183423520623,0.22627737226277372,128,0.453125,-2.6798183423520623,4.564131387634329,21,0.6666666666666666,377,0.4350132625994695,0.9845043796267119,-0.7723249243675694,-0.002048607226439176,-5.2488893323656605,0.40848806366047746,339,0.4277286135693215,-5.24888933236566,-4.947923623882215,19,0.47058823529411764
SPXW,"d65ret,d80_front",0.0,1,score_desc,d65win,21,4,0,False,False,False,False,False,-11.777654283374329,15.20831152055049,-11.777654283374329,110,0.4727272727272727,1.5674590800460437,8.080032047953258,0.07345483679957508,-2.400000000000002,0.19090909090909092,102,0.47058823529411764,-2.400000000000002,0.37917315140826385,0,0.8333333333333334,137,0.45985401459854014,1.0302809889027444,0.551501064860412,0.0040255552179592115,-2.6798183423520623,0.22627737226277372,128,0.453125,-2.6798183423520623,4.564131387634329,21,0.6666666666666666,377,0.4350132625994695,0.9845043796267119,-0.7723249243675694,-0.002048607226439176,-5.2488893323656605,0.40848806366047746,339,0.4277286135693215,-5.24888933236566,-4.947923623882215,19,0.47058823529411764
SPXW,"d65ret,d80_front",-999999.0,1,score_desc,d65win,21,3,0,False,False,False,False,False,-11.777654283374329,15.20831152055049,-11.777654283374329,110,0.4727272727272727,1.5674590800460437,8.080032047953258,0.07345483679957508,-2.400000000000002,0.19090909090909092,102,0.47058823529411764,-2.400000000000002,0.37917315140826385,0,0.8333333333333334,137,0.45985401459854014,1.0302809889027444,0.551501064860412,0.0040255552179592115,-2.6798183423520623,0.22627737226277372,128,0.453125,-2.6798183423520623,4.564131387634329,21,0.6666666666666666,382,0.42670157068062825,0.9550643143357371,-2.281038986639698,-0.0059713062477479,-6.324157992494058,0.4083769633507853,345,0.42028985507246375,-6.32415799249406,-1.675291286546937,21,0.47058823529411764
SPXW,"d65ret,d80_front",-999999.0,1,score_desc,d65win,21,4,0,False,False,False,False,False,-11.777654283374329,15.20831152055049,-11.777654283374329,110,0.4727272727272727,1.5674590800460437,8.080032047953258,0.07345483679957508,-2.400000000000002,0.19090909090909092,102,0.47058823529411764,-2.400000000000002,0.37917315140826385,0,0.8333333333333334,137,0.45985401459854014,1.0302809889027444,0.551501064860412,0.0040255552179592115,-2.6798183423520623,0.22627737226277372,128,0.453125,-2.6798183423520623,4.564131387634329,21,0.6666666666666666,382,0.42670157068062825,0.9550643143357371,-2.281038986639698,-0.0059713062477479,-6.324157992494058,0.4083769633507853,345,0.42028985507246375,-6.32415799249406,-1.675291286546937,21,0.47058823529411764
SPXW,"d65ret,d80_front",0.0,1,score_desc,d80,22,2,0,False,False,False,False,False,-11.468038139291178,-12.0139454030168,-12.0139454030168,109,0.48623853211009177,1.5943774910435489,8.456575105227245,0.07758325784612151,-2.400000000000003,0.2018348623853211,102,0.5,-2.400000000000003,0.3366480662169583,0,0.6666666666666666,137,0.4306569343065693,0.9105385053287569,-1.770774591611925,-0.012925361982568797,-3.1187372447749926,0.2116788321167883,128,0.4296875,-3.118737244774993,-1.4118115382061505,21,0.16666666666666666,384,0.4192708333333333,0.9487321715136664,-2.700381282663132,-0.007032242923601907,-5.341251388594614,0.3958333333333333,343,0.4227405247813411,-5.341251388594613,-1.6082125656601147,19,0.4117647058823529
SPXW,"d65ret,d80_front",-999999.0,1,score_desc,d80,22,2,0,False,False,False,False,False,-11.468038139291178,-12.0139454030168,-12.0139454030168,109,0.48623853211009177,1.5943774910435489,8.456575105227245,0.07758325784612151,-2.400000000000003,0.2018348623853211,102,0.5,-2.400000000000003,0.3366480662169583,0,0.6666666666666666,137,0.4306569343065693,0.9105385053287569,-1.770774591611925,-0.012925361982568797,-3.1187372447749926,0.2116788321167883,128,0.4296875,-3.118737244774993,-1.4118115382061505,21,0.16666666666666666,387,0.4160206718346253,0.9380027826907124,-3.283733673667802,-0.008485099931958145,-5.775513328207028,0.40310077519379844,347,0.4207492795389049,-5.775513328207028,-1.322515021750075,20,0.4117647058823529
SPXW,"d50ret,d65ret,d80_zero",-999999.0,1,score_desc,d65win,21,2,15,False,False,False,False,False,-12.164822512886783,-8.021364736856908,-12.164822512886783,110,0.4727272727272727,1.52206092412081,7.960117137400334,0.07236470124909394,-2.400000000000002,0.19090909090909092,102,0.47058823529411764,-2.400000000000002,0.4349579353655642,0,0.8333333333333334,137,0.40145985401459855,0.9986239556192074,-0.03178527290153621,-0.00023200929125208913,-3.5543792762292856,0.24817518248175183,128,0.390625,-3.5543792762292856,-95.55617934252376,21,0.5,381,0.4146981627296588,1.0424397015405777,2.4258161289964137,0.006366971467182189,-4.331619583803894,0.4199475065616798,349,0.40114613180515757,-4.331619583803894,1.264480488716754,21,0.4117647058823529
SPXW,"d50ret,d65ret,d80_zero",-999999.0,1,score_desc,d65win,21,2,0,False,False,False,False,False,-12.164822512886783,-8.021364736856908,-12.164822512886783,110,0.4727272727272727,1.52206092412081,7.960117137400334,0.07236470124909394,-2.400000000000002,0.19090909090909092,102,0.47058823529411764,-2.400000000000002,0.4349579353655642,0,0.8333333333333334,137,0.40145985401459855,0.9986239556192074,-0.03178527290153621,-0.00023200929125208913,-3.5543792762292856,0.24817518248175183,128,0.390625,-3.5543792762292856,-95.55617934252376,21,0.5,383,0.40992167101827676,1.027177251134302,1.5775498184017822,0.004118929029769666,-4.408838528425006,0.4177545691906005,349,0.40114613180515757,-4.331619583803894,2.129440970200091,21,0.4117647058823529
SPXW,"d50ret,d65ret,d80_zero",0.0,1,score_desc,d65win,21,2,15,False,False,False,False,False,-12.164822512886783,-8.021364736856908,-12.164822512886783,110,0.4727272727272727,1.52206092412081,7.960117137400334,0.07236470124909394,-2.400000000000002,0.19090909090909092,102,0.47058823529411764,-2.400000000000002,0.4349579353655642,0,0.8333333333333334,137,0.40145985401459855,0.9986239556192074,-0.03178527290153621,-0.00023200929125208913,-3.5543792762292856,0.24817518248175183,128,0.390625,-3.5543792762292856,-95.55617934252376,21,0.5,374,0.40106951871657753,1.0192051477614608,1.0846169200806393,0.002900045240857324,-4.417177151593073,0.3877005347593583,335,0.382089552238806,-4.417177151593073,3.7807015860407307,20,0.4117647058823529
SPXW,"d50ret,d65ret,d80_zero",0.0,1,score_desc,d65win,21,2,0,False,False,False,False,False,-12.164822512886783,-8.021364736856908,-12.164822512886783,110,0.4727272727272727,1.52206092412081,7.960117137400334,0.07236470124909394,-2.400000000000002,0.19090909090909092,102,0.47058823529411764,-2.400000000000002,0.4349579353655642,0,0.8333333333333334,137,0.40145985401459855,0.9986239556192074,-0.03178527290153621,-0.00023200929125208913,-3.5543792762292856,0.24817518248175183,128,0.390625,-3.5543792762292856,-95.55617934252376,21,0.5,374,0.39037433155080214,0.9759286710050284,-1.395281425126633,-0.0037306989976647943,-4.613557249841598,0.38235294117647056,331,0.3806646525679758,-4.609257231287553,-2.7935634946401082,20,0.35294117647058826
SPXW,"d65ret,d80_front",0.0,1,score_desc,d80,21,2,30,False,False,False,False,False,-12.22003356294108,-11.95621831138867,-12.22003356294108,107,0.4766355140186916,1.5451146506643836,7.755682295790913,0.07248301211019545,-2.4000000000000012,0.19626168224299065,102,0.49019607843137253,-2.4000000000000012,0.3411688031616377,0,0.6666666666666666,135,0.42962962962962964,0.9118039603590147,-1.7192677339358768,-0.012735316547673162,-2.830025188544325,0.21481481481481482,128,0.421875,-2.830025188544325,-1.4541074380991332,21,0.16666666666666666,373,0.43699731903485256,1.0168071693327663,0.835189402174568,0.0022391136787521934,-3.439639895151141,0.3914209115281501,343,0.43731778425655976,-3.4396398951511418,5.49341411014798,19,0.5882352941176471
SPXW,"d65ret,d80_front",0.0,1,score_desc,d80,21,3,30,False,False,False,False,False,-12.22003356294108,-11.95621831138867,-12.22003356294108,107,0.4766355140186916,1.5451146506643836,7.755682295790913,0.07248301211019545,-2.4000000000000012,0.19626168224299065,102,0.49019607843137253,-2.4000000000000012,0.3411688031616377,0,0.6666666666666666,135,0.42962962962962964,0.9118039603590147,-1.7192677339358768,-0.012735316547673162,-2.830025188544325,0.21481481481481482,128,0.421875,-2.830025188544325,-1.4541074380991332,21,0.16666666666666666,373,0.43699731903485256,1.0168071693327663,0.835189402174568,0.0022391136787521934,-3.439639895151141,0.3914209115281501,343,0.43731778425655976,-3.4396398951511418,5.49341411014798,19,0.5882352941176471
SPXW,"d65ret,d80_front",0.0,1,score_desc,d80,21,4,30,False,False,False,False,False,-12.22003356294108,-11.95621831138867,-12.22003356294108,107,0.4766355140186916,1.5451146506643836,7.755682295790913,0.07248301211019545,-2.4000000000000012,0.19626168224299065,102,0.49019607843137253,-2.4000000000000012,0.3411688031616377,0,0.6666666666666666,135,0.42962962962962964,0.9118039603590147,-1.7192677339358768,-0.012735316547673162,-2.830025188544325,0.21481481481481482,128,0.421875,-2.830025188544325,-1.4541074380991332,21,0.16666666666666666,373,0.43699731903485256,1.0168071693327663,0.835189402174568,0.0022391136787521934,-3.439639895151141,0.3914209115281501,343,0.43731778425655976,-3.4396398951511418,5.49341411014798,19,0.5882352941176471
SPXW,"d65ret,d80_front",0.0,1,score_desc,d80,21,2,15,False,False,False,False,False,-12.22003356294108,-11.95621831138867,-12.22003356294108,107,0.4766355140186916,1.5451146506643836,7.755682295790913,0.07248301211019545,-2.4000000000000012,0.19626168224299065,102,0.49019607843137253,-2.4000000000000012,0.3411688031616377,0,0.6666666666666666,135,0.42962962962962964,0.9118039603590147,-1.7192677339358768,-0.012735316547673162,-2.830025188544325,0.21481481481481482,128,0.421875,-2.830025188544325,-1.4541074380991332,21,0.16666666666666666,373,0.4343163538873995,1.01173524681305,0.5835428726260581,0.0015644581035551156,-3.691286424699652,0.3941018766756032,343,0.4402332361516035,-3.691286424699653,7.862389314952537,19,0.5882352941176471
SPXW,"d65ret,d80_front",0.0,1,score_desc,d80,21,3,15,False,False,False,False,False,-12.22003356294108,-11.95621831138867,-12.22003356294108,107,0.4766355140186916,1.5451146506643836,7.755682295790913,0.07248301211019545,-2.4000000000000012,0.19626168224299065,102,0.49019607843137253,-2.4000000000000012,0.3411688031616377,0,0.6666666666666666,135,0.42962962962962964,0.9118039603590147,-1.7192677339358768,-0.012735316547673162,-2.830025188544325,0.21481481481481482,128,0.421875,-2.830025188544325,-1.4541074380991332,21,0.16666666666666666,373,0.4343163538873995,1.01173524681305,0.5835428726260581,0.0015644581035551156,-3.691286424699652,0.3941018766756032,343,0.4402332361516035,-3.691286424699653,7.862389314952537,19,0.5882352941176471
SPXW,"d65ret,d80_front",0.0,1,score_desc,d80,21,4,15,False,False,False,False,False,-12.22003356294108,-11.95621831138867,-12.22003356294108,107,0.4766355140186916,1.5451146506643836,7.755682295790913,0.07248301211019545,-2.4000000000000012,0.19626168224299065,102,0.49019607843137253,-2.4000000000000012,0.3411688031616377,0,0.6666666666666666,135,0.42962962962962964,0.9118039603590147,-1.7192677339358768,-0.012735316547673162,-2.830025188544325,0.21481481481481482,128,0.421875,-2.830025188544325,-1.4541074380991332,21,0.16666666666666666,373,0.4343163538873995,1.01173524681305,0.5835428726260581,0.0015644581035551156,-3.691286424699652,0.3941018766756032,343,0.4402332361516035,-3.691286424699653,7.862389314952537,19,0.5882352941176471
SPXW,"d65ret,d80_front",0.0,1,score_desc,d80,21,2,0,False,False,False,False,False,-12.22003356294108,-10.32420659902423,-12.22003356294108,107,0.4766355140186916,1.5451146506643836,7.755682295790913,0.07248301211019545,-2.4000000000000012,0.19626168224299065,102,0.49019607843137253,-2.4000000000000012,0.3411688031616377,0,0.6666666666666666,135,0.43703703703703706,0.9390021632401313,-1.1707745916119257,-0.00867240438231056,-2.8187372447749928,0.21481481481481482,128,0.4296875,-2.8187372447749928,-2.1353384485035614,21,0.16666666666666666,375,0.42933333333333334,1.0027776161392719,0.13986075032686784,0.0003729620008716476,-3.426489169280588,0.3973333333333333,341,0.4281524926686217,-3.4264891692805888,33.99628454150365,19,0.5882352941176471
SPXW,"d65ret,d80_front",0.0,1,score_desc,d80,21,3,0,False,False,False,False,False,-12.22003356294108,-10.32420659902423,-12.22003356294108,107,0.4766355140186916,1.5451146506643836,7.755682295790913,0.07248301211019545,-2.4000000000000012,0.19626168224299065,102,0.49019607843137253,-2.4000000000000012,0.3411688031616377,0,0.6666666666666666,135,0.43703703703703706,0.9390021632401313,-1.1707745916119257,-0.00867240438231056,-2.8187372447749928,0.21481481481481482,128,0.4296875,-2.8187372447749928,-2.1353384485035614,21,0.16666666666666666,375,0.42933333333333334,1.0027776161392719,0.13986075032686784,0.0003729620008716476,-3.426489169280588,0.3973333333333333,341,0.4281524926686217,-3.4264891692805888,33.99628454150365,19,0.5882352941176471
SPXW,"d65ret,d80_front",0.0,1,score_desc,d80,21,4,0,False,False,False,False,False,-12.22003356294108,-10.32420659902423,-12.22003356294108,107,0.4766355140186916,1.5451146506643836,7.755682295790913,0.07248301211019545,-2.4000000000000012,0.19626168224299065,102,0.49019607843137253,-2.4000000000000012,0.3411688031616377,0,0.6666666666666666,135,0.43703703703703706,0.9390021632401313,-1.1707745916119257,-0.00867240438231056,-2.8187372447749928,0.21481481481481482,128,0.4296875,-2.8187372447749928,-2.1353384485035614,21,0.16666666666666666,375,0.42933333333333334,1.0027776161392719,0.13986075032686784,0.0003729620008716476,-3.426489169280588,0.3973333333333333,341,0.4281524926686217,-3.4264891692805888,33.99628454150365,19,0.5882352941176471
SPXW,"d65ret,d80_front",-999999.0,1,score_desc,d80,21,2,30,False,False,False,False,False,-12.22003356294108,-11.95621831138867,-12.22003356294108,107,0.4766355140186916,1.5451146506643836,7.755682295790913,0.07248301211019545,-2.4000000000000012,0.19626168224299065,102,0.49019607843137253,-2.4000000000000012,0.3411688031616377,0,0.6666666666666666,135,0.42962962962962964,0.9118039603590147,-1.7192677339358768,-0.012735316547673162,-2.830025188544325,0.21481481481481482,128,0.421875,-2.830025188544325,-1.4541074380991332,21,0.16666666666666666,376,0.4308510638297872,0.9811056323812036,-0.9501264986020139,-0.0025269321771330157,-4.305037511017796,0.39893617021276595,348,0.4281609195402299,-4.305037511017796,-4.828874106029594,20,0.5294117647058824
SPXW,"d65ret,d80_front",-999999.0,1,score_desc,d80,21,3,30,False,False,False,False,False,-12.22003356294108,-11.95621831138867,-12.22003356294108,107,0.4766355140186916,1.5451146506643836,7.755682295790913,0.07248301211019545,-2.4000000000000012,0.19626168224299065,102,0.49019607843137253,-2.4000000000000012,0.3411688031616377,0,0.6666666666666666,135,0.42962962962962964,0.9118039603590147,-1.7192677339358768,-0.012735316547673162,-2.830025188544325,0.21481481481481482,128,0.421875,-2.830025188544325,-1.4541074380991332,21,0.16666666666666666,376,0.4308510638297872,0.9811056323812036,-0.9501264986020139,-0.0025269321771330157,-4.305037511017796,0.39893617021276595,348,0.4281609195402299,-4.305037511017796,-4.828874106029594,20,0.5294117647058824
SPXW,"d65ret,d80_front",-999999.0,1,score_desc,d80,21,4,30,False,False,False,False,False,-12.22003356294108,-11.95621831138867,-12.22003356294108,107,0.4766355140186916,1.5451146506643836,7.755682295790913,0.07248301211019545,-2.4000000000000012,0.19626168224299065,102,0.49019607843137253,-2.4000000000000012,0.3411688031616377,0,0.6666666666666666,135,0.42962962962962964,0.9118039603590147,-1.7192677339358768,-0.012735316547673162,-2.830025188544325,0.21481481481481482,128,0.421875,-2.830025188544325,-1.4541074380991332,21,0.16666666666666666,376,0.4308510638297872,0.9811056323812036,-0.9501264986020139,-0.0025269321771330157,-4.305037511017796,0.39893617021276595,348,0.4281609195402299,-4.305037511017796,-4.828874106029594,20,0.5294117647058824
SPXW,"d65ret,d80_front",-999999.0,1,score_desc,d80,21,2,15,False,False,False,False,False,-12.22003356294108,-11.95621831138867,-12.22003356294108,107,0.4766355140186916,1.5451146506643836,7.755682295790913,0.07248301211019545,-2.4000000000000012,0.19626168224299065,102,0.49019607843137253,-2.4000000000000012,0.3411688031616377,0,0.6666666666666666,135,0.42962962962962964,0.9118039603590147,-1.7192677339358768,-0.012735316547673162,-2.830025188544325,0.21481481481481482,128,0.421875,-2.830025188544325,-1.4541074380991332,21,0.16666666666666666,376,0.42819148936170215,0.9761171216599933,-1.201773028150524,-0.0031962048621024574,-4.556684040566305,0.4015957446808511,348,0.43103448275862066,-4.556684040566305,-3.817726924369923,20,0.5294117647058824
SPXW,"d65ret,d80_front",-999999.0,1,score_desc,d80,21,3,15,False,False,False,False,False,-12.22003356294108,-11.95621831138867,-12.22003356294108,107,0.4766355140186916,1.5451146506643836,7.755682295790913,0.07248301211019545,-2.4000000000000012,0.19626168224299065,102,0.49019607843137253,-2.4000000000000012,0.3411688031616377,0,0.6666666666666666,135,0.42962962962962964,0.9118039603590147,-1.7192677339358768,-0.012735316547673162,-2.830025188544325,0.21481481481481482,128,0.421875,-2.830025188544325,-1.4541074380991332,21,0.16666666666666666,376,0.42819148936170215,0.9761171216599933,-1.201773028150524,-0.0031962048621024574,-4.556684040566305,0.4015957446808511,348,0.43103448275862066,-4.556684040566305,-3.817726924369923,20,0.5294117647058824
SPXW,"d65ret,d80_front",-999999.0,1,score_desc,d80,21,4,15,False,False,False,False,False,-12.22003356294108,-11.95621831138867,-12.22003356294108,107,0.4766355140186916,1.5451146506643836,7.755682295790913,0.07248301211019545,-2.4000000000000012,0.19626168224299065,102,0.49019607843137253,-2.4000000000000012,0.3411688031616377,0,0.6666666666666666,135,0.42962962962962964,0.9118039603590147,-1.7192677339358768,-0.012735316547673162,-2.830025188544325,0.21481481481481482,128,0.421875,-2.830025188544325,-1.4541074380991332,21,0.16666666666666666,376,0.42819148936170215,0.9761171216599933,-1.201773028150524,-0.0031962048621024574,-4.556684040566305,0.4015957446808511,348,0.43103448275862066,-4.556684040566305,-3.817726924369923,20,0.5294117647058824
SPXW,"d65ret,d80_front",-999999.0,1,score_desc,d80,21,2,0,False,False,False,False,False,-12.22003356294108,-10.32420659902423,-12.22003356294108,107,0.4766355140186916,1.5451146506643836,7.755682295790913,0.07248301211019545,-2.4000000000000012,0.19626168224299065,102,0.49019607843137253,-2.4000000000000012,0.3411688031616377,0,0.6666666666666666,135,0.43703703703703706,0.9390021632401313,-1.1707745916119257,-0.00867240438231056,-2.8187372447749928,0.21481481481481482,128,0.4296875,-2.8187372447749928,-2.1353384485035614,21,0.16666666666666666,378,0.42328042328042326,0.9755922452285993,-1.2434916406778012,-0.003289660425073548,-4.55603325639891,0.40476190476190477,347,0.4207492795389049,-4.55603325639891,-3.823705531071111,20,0.5294117647058824
SPXW,"d65ret,d80_front",-999999.0,1,score_desc,d80,21,3,0,False,False,False,False,False,-12.22003356294108,-10.32420659902423,-12.22003356294108,107,0.4766355140186916,1.5451146506643836,7.755682295790913,0.07248301211019545,-2.4000000000000012,0.19626168224299065,102,0.49019607843137253,-2.4000000000000012,0.3411688031616377,0,0.6666666666666666,135,0.43703703703703706,0.9390021632401313,-1.1707745916119257,-0.00867240438231056,-2.8187372447749928,0.21481481481481482,128,0.4296875,-2.8187372447749928,-2.1353384485035614,21,0.16666666666666666,378,0.42328042328042326,0.9755922452285993,-1.2434916406778012,-0.003289660425073548,-4.55603325639891,0.40476190476190477,347,0.4207492795389049,-4.55603325639891,-3.823705531071111,20,0.5294117647058824
SPXW,"d65ret,d80_front",-999999.0,1,score_desc,d80,21,4,0,False,False,False,False,False,-12.22003356294108,-10.32420659902423,-12.22003356294108,107,0.4766355140186916,1.5451146506643836,7.755682295790913,0.07248301211019545,-2.4000000000000012,0.19626168224299065,102,0.49019607843137253,-2.4000000000000012,0.3411688031616377,0,0.6666666666666666,135,0.43703703703703706,0.9390021632401313,-1.1707745916119257,-0.00867240438231056,-2.8187372447749928,0.21481481481481482,128,0.4296875,-2.8187372447749928,-2.1353384485035614,21,0.16666666666666666,378,0.42328042328042326,0.9755922452285993,-1.2434916406778012,-0.003289660425073548,-4.55603325639891,0.40476190476190477,347,0.4207492795389049,-4.55603325639891,-3.823705531071111,20,0.5294117647058824
SPXW,"d65ret,d80_front",0.0,1,score_desc,d65win,22,3,0,False,False,False,False,False,-12.225991079530019,14.908138723044821,-12.225991079530019,114,0.4649122807017544,1.5302218743430032,7.906783663717508,0.0693577514361185,-2.4732483842357533,0.19298245614035087,103,0.46601941747572817,-2.4732483842357533,0.4507181891741118,0,0.8333333333333334,139,0.460431654676259,1.0163970938167932,0.3035558315110248,0.002183854902957013,-2.6277635757014486,0.22302158273381295,128,0.453125,-2.6277635757014486,8.463609723144014,22,0.6666666666666666,387,0.4315245478036176,0.9666659985988482,-1.7149982378741995,-0.004431519994506975,-5.812574858817543,0.40568475452196384,341,0.4252199413489736,-5.812574858817543,-2.2282266268262214,19,0.47058823529411764
SPXW,"d65ret,d80_front",0.0,1,score_desc,d65win,22,4,0,False,False,False,False,False,-12.225991079530019,14.908138723044821,-12.225991079530019,114,0.4649122807017544,1.5302218743430032,7.906783663717508,0.0693577514361185,-2.4732483842357533,0.19298245614035087,103,0.46601941747572817,-2.4732483842357533,0.4507181891741118,0,0.8333333333333334,139,0.460431654676259,1.0163970938167932,0.3035558315110248,0.002183854902957013,-2.6277635757014486,0.22302158273381295,128,0.453125,-2.6277635757014486,8.463609723144014,22,0.6666666666666666,387,0.4315245478036176,0.9666659985988482,-1.7149982378741995,-0.004431519994506975,-5.812574858817543,0.40568475452196384,341,0.4252199413489736,-5.812574858817543,-2.2282266268262214,19,0.47058823529411764
SPXW,"d65ret,d80_front",-999999.0,1,score_desc,d65win,22,3,0,False,False,False,False,False,-12.225991079530019,14.908138723044821,-12.225991079530019,114,0.4649122807017544,1.5302218743430032,7.906783663717508,0.0693577514361185,-2.4732483842357533,0.19298245614035087,103,0.46601941747572817,-2.4732483842357533,0.4507181891741118,0,0.8333333333333334,139,0.460431654676259,1.0163970938167932,0.3035558315110248,0.002183854902957013,-2.6277635757014486,0.22302158273381295,128,0.453125,-2.6277635757014486,8.463609723144014,22,0.6666666666666666,391,0.42455242966751916,0.941270278664939,-3.066421636684343,-0.007842510579755354,-6.730552855483953,0.40664961636828645,345,0.42028985507246375,-6.52438465400177,-1.2462098143565623,21,0.47058823529411764
SPXW,"d65ret,d80_front",-999999.0,1,score_desc,d65win,22,4,0,False,False,False,False,False,-12.225991079530019,14.908138723044821,-12.225991079530019,114,0.4649122807017544,1.5302218743430032,7.906783663717508,0.0693577514361185,-2.4732483842357533,0.19298245614035087,103,0.46601941747572817,-2.4732483842357533,0.4507181891741118,0,0.8333333333333334,139,0.460431654676259,1.0163970938167932,0.3035558315110248,0.002183854902957013,-2.6277635757014486,0.22302158273381295,128,0.453125,-2.6277635757014486,8.463609723144014,22,0.6666666666666666,391,0.42455242966751916,0.941270278664939,-3.066421636684343,-0.007842510579755354,-6.730552855483953,0.40664961636828645,345,0.42028985507246375,-6.52438465400177,-1.2462098143565623,21,0.47058823529411764
SPXW,"d50ret,d65ret,d80_front",0.0,1,score_desc,d65win,21,3,0,False,False,False,False,False,-12.360263074747849,-8.588494021497347,-12.360263074747849,110,0.4727272727272727,1.5085370076308278,7.523870987694299,0.06839882716085727,-2.4000000000000004,0.19090909090909092,102,0.47058823529411764,-2.4000000000000004,0.40720145522339557,0,0.8333333333333334,137,0.41605839416058393,0.9774379294012707,-0.48331864642616873,-0.003527873331577874,-3.762274977331694,0.26277372262773724,128,0.40625,-3.7622749773316944,-6.052607190224319,21,0.5,378,0.41798941798941797,1.024679648339423,1.3000811528305602,0.0034393681291813765,-3.3680245643509004,0.37037037037037035,340,0.40294117647058825,-3.3680245643509004,3.0431871307000398,19,0.4117647058823529
SPXW,"d50ret,d65ret,d80_front",0.0,1,score_desc,d65win,21,4,0,False,False,False,False,False,-12.360263074747849,-8.588494021497347,-12.360263074747849,110,0.4727272727272727,1.5085370076308278,7.523870987694299,0.06839882716085727,-2.4000000000000004,0.19090909090909092,102,0.47058823529411764,-2.4000000000000004,0.40720145522339557,0,0.8333333333333334,137,0.41605839416058393,0.9774379294012707,-0.48331864642616873,-0.003527873331577874,-3.762274977331694,0.26277372262773724,128,0.40625,-3.7622749773316944,-6.052607190224319,21,0.5,378,0.41798941798941797,1.024679648339423,1.3000811528305602,0.0034393681291813765,-3.3680245643509004,0.37037037037037035,340,0.40294117647058825,-3.3680245643509004,3.0431871307000398,19,0.4117647058823529
SPXW,"d50ret,d65ret,d80_front",-999999.0,1,score_desc,d65win,21,3,0,False,False,False,False,False,-12.360263074747849,-8.588494021497347,-12.360263074747849,110,0.4727272727272727,1.5085370076308278,7.523870987694299,0.06839882716085727,-2.4000000000000004,0.19090909090909092,102,0.47058823529411764,-2.4000000000000004,0.40720145522339557,0,0.8333333333333334,137,0.41605839416058393,0.9774379294012707,-0.48331864642616873,-0.003527873331577874,-3.762274977331694,0.26277372262773724,128,0.40625,-3.7622749773316944,-6.052607190224319,21,0.5,384,0.4140625,0.9995300804627488,-0.025218866931911332,-6.567413263518576e-05,-4.075413320766755,0.3671875,350,0.40285714285714286,-4.075413320766755,-135.52877709537418,21,0.35294117647058826
SPXW,"d50ret,d65ret,d80_front",-999999.0,1,score_desc,d65win,21,4,0,False,False,False,False,False,-12.360263074747849,-8.588494021497347,-12.360263074747849,110,0.4727272727272727,1.5085370076308278,7.523870987694299,0.06839882716085727,-2.4000000000000004,0.19090909090909092,102,0.47058823529411764,-2.4000000000000004,0.40720145522339557,0,0.8333333333333334,137,0.41605839416058393,0.9774379294012707,-0.48331864642616873,-0.003527873331577874,-3.762274977331694,0.26277372262773724,128,0.40625,-3.7622749773316944,-6.052607190224319,21,0.5,384,0.4140625,0.9995300804627488,-0.025218866931911332,-6.567413263518576e-05,-4.075413320766755,0.3671875,350,0.40285714285714286,-4.075413320766755,-135.52877709537418,21,0.35294117647058826
SPXW,"d65ret,d80_front",0.0,1,score_desc,d80,22,3,0,False,False,False,False,False,-12.419982111442629,-12.013945403016807,-12.419982111442629,109,0.47706422018348627,1.527035870671406,7.6565751052272475,0.07024380830483713,-2.4000000000000012,0.1926605504587156,102,0.4803921568627451,-2.4000000000000012,0.37182286033472234,0,0.6666666666666666,137,0.4306569343065693,0.9105385053287567,-1.770774591611925,-0.012925361982568797,-3.118737244774993,0.2116788321167883,128,0.4296875,-3.1187372447749935,-1.4118115382061505,21,0.16666666666666666,384,0.4244791666666667,0.975752036943585,-1.2642179898733055,-0.0032922343486284,-4.60628808103883,0.3932291666666667,343,0.4227405247813411,-4.606288081038829,-3.7769965233770173,19,0.47058823529411764
SPXW,"d65ret,d80_front",0.0,1,score_desc,d80,22,4,0,False,False,False,False,False,-12.419982111442629,-12.013945403016807,-12.419982111442629,109,0.47706422018348627,1.527035870671406,7.6565751052272475,0.07024380830483713,-2.4000000000000012,0.1926605504587156,102,0.4803921568627451,-2.4000000000000012,0.37182286033472234,0,0.6666666666666666,137,0.4306569343065693,0.9105385053287567,-1.770774591611925,-0.012925361982568797,-3.118737244774993,0.2116788321167883,128,0.4296875,-3.1187372447749935,-1.4118115382061505,21,0.16666666666666666,384,0.4244791666666667,0.975752036943585,-1.2642179898733055,-0.0032922343486284,-4.60628808103883,0.3932291666666667,343,0.4227405247813411,-4.606288081038829,-3.7769965233770173,19,0.47058823529411764
SPXW,"d65ret,d80_front",0.0,1,score_desc,d80,22,3,30,False,False,False,False,False,-12.419982111442629,-11.381770639649774,-12.419982111442629,109,0.47706422018348627,1.527035870671406,7.6565751052272475,0.07024380830483713,-2.4000000000000012,0.1926605504587156,102,0.4803921568627451,-2.4000000000000012,0.37182286033472234,0,0.6666666666666666,137,0.4306569343065693,0.9232449104885941,-1.5192677339358762,-0.011089545503181579,-3.1187372447749926,0.2116788321167883,128,0.4296875,-3.1187372447749926,-1.6455295825465859,21,0.16666666666666666,382,0.4293193717277487,0.9735616874166685,-1.3688893380256062,-0.003583479942475409,-4.619438806909388,0.387434554973822,345,0.4318840579710145,-4.619438806909387,-3.3664096919917603,19,0.4117647058823529
SPXW,"d65ret,d80_front",0.0,1,score_desc,d80,22,4,30,False,False,False,False,False,-12.419982111442629,-11.381770639649774,-12.419982111442629,109,0.47706422018348627,1.527035870671406,7.6565751052272475,0.07024380830483713,-2.4000000000000012,0.1926605504587156,102,0.4803921568627451,-2.4000000000000012,0.37182286033472234,0,0.6666666666666666,137,0.4306569343065693,0.9232449104885941,-1.5192677339358762,-0.011089545503181579,-3.1187372447749926,0.2116788321167883,128,0.4296875,-3.1187372447749926,-1.6455295825465859,21,0.16666666666666666,382,0.4293193717277487,0.9735616874166685,-1.3688893380256062,-0.003583479942475409,-4.619438806909388,0.387434554973822,345,0.4318840579710145,-4.619438806909387,-3.3664096919917603,19,0.4117647058823529
SPXW,"d65ret,d80_front",0.0,1,score_desc,d80,22,3,15,False,False,False,False,False,-12.419982111442629,-11.381770639649774,-12.419982111442629,109,0.47706422018348627,1.527035870671406,7.6565751052272475,0.07024380830483713,-2.4000000000000012,0.1926605504587156,102,0.4803921568627451,-2.4000000000000012,0.37182286033472234,0,0.6666666666666666,137,0.4306569343065693,0.9232449104885941,-1.5192677339358762,-0.011089545503181579,-3.1187372447749926,0.2116788321167883,128,0.4296875,-3.1187372447749926,-1.6455295825465859,21,0.16666666666666666,382,0.42670157068062825,0.9687215247467571,-1.6205358675741157,-0.004242240491031717,-4.871085336457898,0.3900523560209424,345,0.43478260869565216,-4.871085336457897,-2.843653403174568,19,0.4117647058823529
SPXW,"d65ret,d80_front",0.0,1,score_desc,d80,22,4,15,False,False,False,False,False,-12.419982111442629,-11.381770639649774,-12.419982111442629,109,0.47706422018348627,1.527035870671406,7.6565751052272475,0.07024380830483713,-2.4000000000000012,0.1926605504587156,102,0.4803921568627451,-2.4000000000000012,0.37182286033472234,0,0.6666666666666666,137,0.4306569343065693,0.9232449104885941,-1.5192677339358762,-0.011089545503181579,-3.1187372447749926,0.2116788321167883,128,0.4296875,-3.1187372447749926,-1.6455295825465859,21,0.16666666666666666,382,0.42670157068062825,0.9687215247467571,-1.6205358675741157,-0.004242240491031717,-4.871085336457898,0.3900523560209424,345,0.43478260869565216,-4.871085336457897,-2.843653403174568,19,0.4117647058823529
SPXW,"d65ret,d80_front",-999999.0,1,score_desc,d80,22,3,0,False,False,False,False,False,-12.419982111442629,-12.013945403016807,-12.419982111442629,109,0.47706422018348627,1.527035870671406,7.6565751052272475,0.07024380830483713,-2.4000000000000012,0.1926605504587156,102,0.4803921568627451,-2.4000000000000012,0.37182286033472234,0,0.6666666666666666,137,0.4306569343065693,0.9105385053287567,-1.770774591611925,-0.012925361982568797,-3.118737244774993,0.2116788321167883,128,0.4296875,-3.1187372447749935,-1.4118115382061505,21,0.16666666666666666,387,0.42118863049095606,0.9647617763331604,-1.8475703808779746,-0.004774083671519314,-5.040550020651246,0.4005167958656331,347,0.4207492795389049,-5.040550020651245,-2.584446580201766,20,0.47058823529411764
SPXW,"d65ret,d80_front",-999999.0,1,score_desc,d80,22,4,0,False,False,False,False,False,-12.419982111442629,-12.013945403016807,-12.419982111442629,109,0.47706422018348627,1.527035870671406,7.6565751052272475,0.07024380830483713,-2.4000000000000012,0.1926605504587156,102,0.4803921568627451,-2.4000000000000012,0.37182286033472234,0,0.6666666666666666,137,0.4306569343065693,0.9105385053287567,-1.770774591611925,-0.012925361982568797,-3.118737244774993,0.2116788321167883,128,0.4296875,-3.1187372447749935,-1.4118115382061505,21,0.16666666666666666,387,0.42118863049095606,0.9647617763331604,-1.8475703808779746,-0.004774083671519314,-5.040550020651246,0.4005167958656331,347,0.4207492795389049,-5.040550020651245,-2.584446580201766,20,0.47058823529411764
SPXW,"d65ret,d80_front",-999999.0,1,score_desc,d80,22,3,30,False,False,False,False,False,-12.419982111442629,-11.381770639649774,-12.419982111442629,109,0.47706422018348627,1.527035870671406,7.6565751052272475,0.07024380830483713,-2.4000000000000012,0.1926605504587156,102,0.4803921568627451,-2.4000000000000012,0.37182286033472234,0,0.6666666666666666,137,0.4306569343065693,0.9232449104885941,-1.5192677339358762,-0.011089545503181579,-3.1187372447749926,0.2116788321167883,128,0.4296875,-3.1187372447749926,-1.6455295825465859,21,0.16666666666666666,384,0.4270833333333333,0.9571844693822569,-2.2238450289859895,-0.005791263096317681,-4.659194065453931,0.3958333333333333,348,0.4281609195402299,-4.659194065453932,-2.072195802643143,20,0.4117647058823529
SPXW,"d65ret,d80_front",-999999.0,1,score_desc,d80,22,4,30,False,False,False,False,False,-12.419982111442629,-11.381770639649774,-12.419982111442629,109,0.47706422018348627,1.527035870671406,7.6565751052272475,0.07024380830483713,-2.4000000000000012,0.1926605504587156,102,0.4803921568627451,-2.4000000000000012,0.37182286033472234,0,0.6666666666666666,137,0.4306569343065693,0.9232449104885941,-1.5192677339358762,-0.011089545503181579,-3.1187372447749926,0.2116788321167883,128,0.4296875,-3.1187372447749926,-1.6455295825465859,21,0.16666666666666666,384,0.4270833333333333,0.9571844693822569,-2.2238450289859895,-0.005791263096317681,-4.659194065453931,0.3958333333333333,348,0.4281609195402299,-4.659194065453932,-2.072195802643143,20,0.4117647058823529
SPXW,"d65ret,d80_front",-999999.0,1,score_desc,d80,22,3,15,False,False,False,False,False,-12.419982111442629,-11.381770639649774,-12.419982111442629,109,0.47706422018348627,1.527035870671406,7.6565751052272475,0.07024380830483713,-2.4000000000000012,0.1926605504587156,102,0.4803921568627451,-2.4000000000000012,0.37182286033472234,0,0.6666666666666666,137,0.4306569343065693,0.9232449104885941,-1.5192677339358762,-0.011089545503181579,-3.1187372447749926,0.2116788321167883,128,0.4296875,-3.1187372447749926,-1.6455295825465859,21,0.16666666666666666,384,0.4244791666666667,0.952369990208559,-2.4754915585344985,-0.006446592600350257,-4.9108405950024405,0.3984375,348,0.43103448275862066,-4.9108405950024405,-1.8615463740549714,20,0.4117647058823529
SPXW,"d65ret,d80_front",-999999.0,1,score_desc,d80,22,4,15,False,False,False,False,False,-12.419982111442629,-11.381770639649774,-12.419982111442629,109,0.47706422018348627,1.527035870671406,7.6565751052272475,0.07024380830483713,-2.4000000000000012,0.1926605504587156,102,0.4803921568627451,-2.4000000000000012,0.37182286033472234,0,0.6666666666666666,137,0.4306569343065693,0.9232449104885941,-1.5192677339358762,-0.011089545503181579,-3.1187372447749926,0.2116788321167883,128,0.4296875,-3.1187372447749926,-1.6455295825465859,21,0.16666666666666666,384,0.4244791666666667,0.952369990208559,-2.4754915585344985,-0.006446592600350257,-4.9108405950024405,0.3984375,348,0.43103448275862066,-4.9108405950024405,-1.8615463740549714,20,0.4117647058823529
SPXW,"d50ret,d65ret,d80_zero",-999999.0,1,score_desc,d65win,21,3,15,False,False,False,False,False,-12.557952959232189,-8.021364736856908,-12.557952959232189,110,0.4727272727272727,1.5160880368489142,7.90004706321583,0.07181860966559846,-2.400000000000002,0.19090909090909092,102,0.47058823529411764,-2.400000000000002,0.4382652517948808,0,0.6666666666666666,137,0.40145985401459855,0.9986239556192074,-0.03178527290153621,-0.00023200929125208913,-3.5543792762292856,0.24817518248175183,128,0.390625,-3.5543792762292856,-95.55617934252376,21,0.5,381,0.4146981627296588,1.0424397015405777,2.4258161289964137,0.006366971467182189,-4.331619583803894,0.4199475065616798,349,0.40114613180515757,-4.331619583803894,1.264480488716754,21,0.4117647058823529
SPXW,"d50ret,d65ret,d80_zero",-999999.0,1,score_desc,d65win,21,4,15,False,False,False,False,False,-12.557952959232189,-8.021364736856908,-12.557952959232189,110,0.4727272727272727,1.5160880368489142,7.90004706321583,0.07181860966559846,-2.400000000000002,0.19090909090909092,102,0.47058823529411764,-2.400000000000002,0.4382652517948808,0,0.6666666666666666,137,0.40145985401459855,0.9986239556192074,-0.03178527290153621,-0.00023200929125208913,-3.5543792762292856,0.24817518248175183,128,0.390625,-3.5543792762292856,-95.55617934252376,21,0.5,381,0.4146981627296588,1.0424397015405777,2.4258161289964137,0.006366971467182189,-4.331619583803894,0.4199475065616798,349,0.40114613180515757,-4.331619583803894,1.264480488716754,21,0.4117647058823529
SPXW,"d50ret,d65ret,d80_zero",0.0,1,score_desc,d65win,21,3,15,False,False,False,False,False,-12.557952959232189,-8.021364736856908,-12.557952959232189,110,0.4727272727272727,1.5160880368489142,7.90004706321583,0.07181860966559846,-2.400000000000002,0.19090909090909092,102,0.47058823529411764,-2.400000000000002,0.4382652517948808,0,0.6666666666666666,137,0.40145985401459855,0.9986239556192074,-0.03178527290153621,-0.00023200929125208913,-3.5543792762292856,0.24817518248175183,128,0.390625,-3.5543792762292856,-95.55617934252376,21,0.5,374,0.3983957219251337,1.0142820327285045,0.8067502751254253,0.0021570862971268057,-4.417177151593073,0.3877005347593583,335,0.382089552238806,-4.417177151593073,4.905978859027957,20,0.4117647058823529
SPXW,"d50ret,d65ret,d80_zero",0.0,1,score_desc,d65win,21,4,15,False,False,False,False,False,-12.557952959232189,-8.021364736856908,-12.557952959232189,110,0.4727272727272727,1.5160880368489142,7.90004706321583,0.07181860966559846,-2.400000000000002,0.19090909090909092,102,0.47058823529411764,-2.400000000000002,0.4382652517948808,0,0.6666666666666666,137,0.40145985401459855,0.9986239556192074,-0.03178527290153621,-0.00023200929125208913,-3.5543792762292856,0.24817518248175183,128,0.390625,-3.5543792762292856,-95.55617934252376,21,0.5,374,0.3983957219251337,1.0142820327285045,0.8067502751254253,0.0021570862971268057,-4.417177151593073,0.3877005347593583,335,0.382089552238806,-4.417177151593073,4.905978859027957,20,0.4117647058823529
SPXW,"d65ret,d80,d80_front",0.0,1,score_desc,d80,21,1,0,False,False,False,False,False,-12.612359393665148,-9.395769464665152,-12.612359393665148,102,0.5098039215686274,1.4644843895923139,6.045101957785633,0.0592657054684866,-2.3999999999999986,0.19607843137254902,102,0.5098039215686274,-2.3999999999999986,0.41355795443287596,0,0.6666666666666666,128,0.3984375,0.9762112218567205,-0.5175093607832375,-0.004043041881119043,-3.073998709603882,0.2109375,128,0.3984375,-3.073998709603882,-4.830830492063588,20,0.5,348,0.4425287356321839,1.1499663108535256,6.947891951376663,0.01996520675682949,-2.7368462281628414,0.40229885057471265,348,0.4425287356321839,-2.7368462281628414,0.3598213699199291,19,0.6470588235294118
SPXW,"d65ret,d80,d80_front",0.0,1,score_desc,d80,21,1,15,False,False,False,False,False,-12.612359393665148,-9.395769464665152,-12.612359393665148,102,0.5098039215686274,1.4644843895923139,6.045101957785633,0.0592657054684866,-2.3999999999999986,0.19607843137254902,102,0.5098039215686274,-2.3999999999999986,0.41355795443287596,0,0.6666666666666666,128,0.3984375,0.9762112218567205,-0.5175093607832375,-0.004043041881119043,-3.073998709603882,0.2109375,128,0.3984375,-3.073998709603882,-4.830830492063588,20,0.5,348,0.4425287356321839,1.1499663108535256,6.947891951376663,0.01996520675682949,-2.7368462281628414,0.40229885057471265,348,0.4425287356321839,-2.7368462281628414,0.3598213699199291,19,0.6470588235294118
SPXW,"d65ret,d80,d80_front",0.0,1,score_desc,d80,21,1,30,False,False,False,False,False,-12.612359393665148,-9.395769464665152,-12.612359393665148,102,0.5098039215686274,1.4644843895923139,6.045101957785633,0.0592657054684866,-2.3999999999999986,0.19607843137254902,102,0.5098039215686274,-2.3999999999999986,0.41355795443287596,0,0.6666666666666666,128,0.3984375,0.9762112218567205,-0.5175093607832375,-0.004043041881119043,-3.073998709603882,0.2109375,128,0.3984375,-3.073998709603882,-4.830830492063588,20,0.5,348,0.4425287356321839,1.1499663108535256,6.947891951376663,0.01996520675682949,-2.7368462281628414,0.40229885057471265,348,0.4425287356321839,-2.7368462281628414,0.3598213699199291,19,0.6470588235294118
SPXW,"d65ret,d80,d80_front",0.0,1,score_desc,d80,22,1,0,False,False,False,False,False,-12.612359393665148,13.953195961853023,-12.612359393665148,102,0.5098039215686274,1.4644843895923139,6.045101957785633,0.0592657054684866,-2.3999999999999986,0.19607843137254902,102,0.5098039215686274,-2.3999999999999986,0.41355795443287596,0,0.6666666666666666,128,0.4140625,1.0511710705388335,1.0824906392167626,0.008456958118880958,-2.73741416498016,0.2109375,128,0.4140625,-2.73741416498016,2.309488793186127,20,0.5,348,0.4425287356321839,1.1499663108535256,6.947891951376663,0.01996520675682949,-2.7368462281628414,0.40229885057471265,348,0.4425287356321839,-2.7368462281628414,0.3598213699199291,19,0.6470588235294118
SPXW,"d65ret,d80,d80_front",0.0,1,score_desc,d80,22,1,15,False,False,False,False,False,-12.612359393665148,13.953195961853023,-12.612359393665148,102,0.5098039215686274,1.4644843895923139,6.045101957785633,0.0592657054684866,-2.3999999999999986,0.19607843137254902,102,0.5098039215686274,-2.3999999999999986,0.41355795443287596,0,0.6666666666666666,128,0.4140625,1.0511710705388335,1.0824906392167626,0.008456958118880958,-2.73741416498016,0.2109375,128,0.4140625,-2.73741416498016,2.309488793186127,20,0.5,348,0.4425287356321839,1.1499663108535256,6.947891951376663,0.01996520675682949,-2.7368462281628414,0.40229885057471265,348,0.4425287356321839,-2.7368462281628414,0.3598213699199291,19,0.6470588235294118
SPXW,"d65ret,d80,d80_front",0.0,1,score_desc,d80,22,1,30,False,False,False,False,False,-12.612359393665148,13.953195961853023,-12.612359393665148,102,0.5098039215686274,1.4644843895923139,6.045101957785633,0.0592657054684866,-2.3999999999999986,0.19607843137254902,102,0.5098039215686274,-2.3999999999999986,0.41355795443287596,0,0.6666666666666666,128,0.4140625,1.0511710705388335,1.0824906392167626,0.008456958118880958,-2.73741416498016,0.2109375,128,0.4140625,-2.73741416498016,2.309488793186127,20,0.5,348,0.4425287356321839,1.1499663108535256,6.947891951376663,0.01996520675682949,-2.7368462281628414,0.40229885057471265,348,0.4425287356321839,-2.7368462281628414,0.3598213699199291,19,0.6470588235294118
SPXW,"d65ret,d80,d80_front",-999999.0,1,score_desc,d80,21,1,0,False,False,False,False,False,-12.612359393665148,-9.395769464665152,-12.612359393665148,102,0.5098039215686274,1.4644843895923139,6.045101957785633,0.0592657054684866,-2.3999999999999986,0.19607843137254902,102,0.5098039215686274,-2.3999999999999986,0.41355795443287596,0,0.6666666666666666,128,0.3984375,0.9762112218567205,-0.5175093607832375,-0.004043041881119043,-3.073998709603882,0.2109375,128,0.3984375,-3.073998709603882,-4.830830492063588,20,0.5,350,0.44285714285714284,1.148272580811809,6.887333506668337,0.01967809573333811,-2.7368462281628414,0.4,350,0.44285714285714284,-2.7368462281628414,0.3629851810689133,19,0.6470588235294118
SPXW,"d65ret,d80,d80_front",-999999.0,1,score_desc,d80,21,1,15,False,False,False,False,False,-12.612359393665148,-9.395769464665152,-12.612359393665148,102,0.5098039215686274,1.4644843895923139,6.045101957785633,0.0592657054684866,-2.3999999999999986,0.19607843137254902,102,0.5098039215686274,-2.3999999999999986,0.41355795443287596,0,0.6666666666666666,128,0.3984375,0.9762112218567205,-0.5175093607832375,-0.004043041881119043,-3.073998709603882,0.2109375,128,0.3984375,-3.073998709603882,-4.830830492063588,20,0.5,350,0.44285714285714284,1.148272580811809,6.887333506668337,0.01967809573333811,-2.7368462281628414,0.4,350,0.44285714285714284,-2.7368462281628414,0.3629851810689133,19,0.6470588235294118
SPXW,"d65ret,d80,d80_front",-999999.0,1,score_desc,d80,21,1,30,False,False,False,False,False,-12.612359393665148,-9.395769464665152,-12.612359393665148,102,0.5098039215686274,1.4644843895923139,6.045101957785633,0.0592657054684866,-2.3999999999999986,0.19607843137254902,102,0.5098039215686274,-2.3999999999999986,0.41355795443287596,0,0.6666666666666666,128,0.3984375,0.9762112218567205,-0.5175093607832375,-0.004043041881119043,-3.073998709603882,0.2109375,128,0.3984375,-3.073998709603882,-4.830830492063588,20,0.5,350,0.44285714285714284,1.148272580811809,6.887333506668337,0.01967809573333811,-2.7368462281628414,0.4,350,0.44285714285714284,-2.7368462281628414,0.3629851810689133,19,0.6470588235294118
SPXW,"d65ret,d80,d80_front",-999999.0,1,score_desc,d80,22,1,0,False,False,False,False,False,-12.612359393665148,13.953195961853023,-12.612359393665148,102,0.5098039215686274,1.4644843895923139,6.045101957785633,0.0592657054684866,-2.3999999999999986,0.19607843137254902,102,0.5098039215686274,-2.3999999999999986,0.41355795443287596,0,0.6666666666666666,128,0.4140625,1.0511710705388335,1.0824906392167626,0.008456958118880958,-2.73741416498016,0.2109375,128,0.4140625,-2.73741416498016,2.309488793186127,20,0.5,350,0.44285714285714284,1.148272580811809,6.887333506668337,0.01967809573333811,-2.7368462281628414,0.4,350,0.44285714285714284,-2.7368462281628414,0.3629851810689133,19,0.6470588235294118
SPXW,"d65ret,d80,d80_front",-999999.0,1,score_desc,d80,22,1,15,False,False,False,False,False,-12.612359393665148,13.953195961853023,-12.612359393665148,102,0.5098039215686274,1.4644843895923139,6.045101957785633,0.0592657054684866,-2.3999999999999986,0.19607843137254902,102,0.5098039215686274,-2.3999999999999986,0.41355795443287596,0,0.6666666666666666,128,0.4140625,1.0511710705388335,1.0824906392167626,0.008456958118880958,-2.73741416498016,0.2109375,128,0.4140625,-2.73741416498016,2.309488793186127,20,0.5,350,0.44285714285714284,1.148272580811809,6.887333506668337,0.01967809573333811,-2.7368462281628414,0.4,350,0.44285714285714284,-2.7368462281628414,0.3629851810689133,19,0.6470588235294118
SPXW,"d65ret,d80,d80_front",-999999.0,1,score_desc,d80,22,1,30,False,False,False,False,False,-12.612359393665148,13.953195961853023,-12.612359393665148,102,0.5098039215686274,1.4644843895923139,6.045101957785633,0.0592657054684866,-2.3999999999999986,0.19607843137254902,102,0.5098039215686274,-2.3999999999999986,0.41355795443287596,0,0.6666666666666666,128,0.4140625,1.0511710705388335,1.0824906392167626,0.008456958118880958,-2.73741416498016,0.2109375,128,0.4140625,-2.73741416498016,2.309488793186127,20,0.5,350,0.44285714285714284,1.148272580811809,6.887333506668337,0.01967809573333811,-2.7368462281628414,0.4,350,0.44285714285714284,-2.7368462281628414,0.3629851810689133,19,0.6470588235294118
SPXW,"d65ret,d80_front",0.0,1,score_desc,d80,21,1,0,False,False,False,False,False,-12.612359393665148,-12.548243581873196,-12.612359393665148,102,0.5098039215686274,1.4644843895923139,6.045101957785633,0.0592657054684866,-2.3999999999999986,0.19607843137254902,102,0.5098039215686274,-2.3999999999999986,0.41355795443287596,0,0.6666666666666666,128,0.3984375,0.9268786988173704,-1.5201442370484675,-0.011876126851941152,-3.4938544546936487,0.2109375,128,0.3984375,-3.4938544546936487,-1.6445807832380654,20,0.16666666666666666,347,0.4265129682997118,1.0504092230074702,2.363926177425301,0.006812467370101731,-3.5491705080836797,0.41786743515850144,347,0.4265129682997118,-3.5491705080836797,1.0575626362084223,19,0.5882352941176471
SPXW,"d65ret,d80_front",0.0,1,score_desc,d80,21,1,15,False,False,False,False,False,-12.612359393665148,-12.548243581873196,-12.612359393665148,102,0.5098039215686274,1.4644843895923139,6.045101957785633,0.0592657054684866,-2.3999999999999986,0.19607843137254902,102,0.5098039215686274,-2.3999999999999986,0.41355795443287596,0,0.6666666666666666,128,0.3984375,0.9268786988173704,-1.5201442370484675,-0.011876126851941152,-3.4938544546936487,0.2109375,128,0.3984375,-3.4938544546936487,-1.6445807832380654,20,0.16666666666666666,347,0.4265129682997118,1.0504092230074702,2.363926177425301,0.006812467370101731,-3.5491705080836797,0.41786743515850144,347,0.4265129682997118,-3.5491705080836797,1.0575626362084223,19,0.5882352941176471
SPXW,"d65ret,d80_front",0.0,1,score_desc,d80,21,1,30,False,False,False,False,False,-12.612359393665148,-12.548243581873196,-12.612359393665148,102,0.5098039215686274,1.4644843895923139,6.045101957785633,0.0592657054684866,-2.3999999999999986,0.19607843137254902,102,0.5098039215686274,-2.3999999999999986,0.41355795443287596,0,0.6666666666666666,128,0.3984375,0.9268786988173704,-1.5201442370484675,-0.011876126851941152,-3.4938544546936487,0.2109375,128,0.3984375,-3.4938544546936487,-1.6445807832380654,20,0.16666666666666666,347,0.4265129682997118,1.0504092230074702,2.363926177425301,0.006812467370101731,-3.5491705080836797,0.41786743515850144,347,0.4265129682997118,-3.5491705080836797,1.0575626362084223,19,0.5882352941176471
SPXW,"d65ret,d80_front",0.0,1,score_desc,d80,22,1,0,False,False,False,False,False,-12.612359393665148,-7.985223431123769,-12.612359393665148,102,0.5098039215686274,1.4644843895923139,6.045101957785633,0.0592657054684866,-2.3999999999999986,0.19607843137254902,102,0.5098039215686274,-2.3999999999999986,0.41355795443287596,0,0.6666666666666666,128,0.4140625,0.9988454706938269,-0.02343527985827798,-0.00018308812389279672,-2.693854454693649,0.2109375,128,0.4140625,-2.693854454693649,-106.67677173553922,20,0.3333333333333333,348,0.42528735632183906,1.0437321456529327,2.0639261774253015,0.0059308223489232806,-3.5491705080836797,0.41379310344827586,348,0.42528735632183906,-3.5491705080836797,1.2112836337580108,19,0.5882352941176471
SPXW,"d65ret,d80_front",0.0,1,score_desc,d80,22,1,15,False,False,False,False,False,-12.612359393665148,-7.985223431123769,-12.612359393665148,102,0.5098039215686274,1.4644843895923139,6.045101957785633,0.0592657054684866,-2.3999999999999986,0.19607843137254902,102,0.5098039215686274,-2.3999999999999986,0.41355795443287596,0,0.6666666666666666,128,0.4140625,0.9988454706938269,-0.02343527985827798,-0.00018308812389279672,-2.693854454693649,0.2109375,128,0.4140625,-2.693854454693649,-106.67677173553922,20,0.3333333333333333,348,0.42528735632183906,1.0437321456529327,2.0639261774253015,0.0059308223489232806,-3.5491705080836797,0.41379310344827586,348,0.42528735632183906,-3.5491705080836797,1.2112836337580108,19,0.5882352941176471
SPXW,"d65ret,d80_front",0.0,1,score_desc,d80,22,1,30,False,False,False,False,False,-12.612359393665148,-7.985223431123769,-12.612359393665148,102,0.5098039215686274,1.4644843895923139,6.045101957785633,0.0592657054684866,-2.3999999999999986,0.19607843137254902,102,0.5098039215686274,-2.3999999999999986,0.41355795443287596,0,0.6666666666666666,128,0.4140625,0.9988454706938269,-0.02343527985827798,-0.00018308812389279672,-2.693854454693649,0.2109375,128,0.4140625,-2.693854454693649,-106.67677173553922,20,0.3333333333333333,348,0.42528735632183906,1.0437321456529327,2.0639261774253015,0.0059308223489232806,-3.5491705080836797,0.41379310344827586,348,0.42528735632183906,-3.5491705080836797,1.2112836337580108,19,0.5882352941176471
SPXW,"d65ret,d80_front",-999999.0,1,score_desc,d80,22,1,0,False,False,False,False,False,-12.612359393665148,-7.985223431123769,-12.612359393665148,102,0.5098039215686274,1.4644843895923139,6.045101957785633,0.0592657054684866,-2.3999999999999986,0.19607843137254902,102,0.5098039215686274,-2.3999999999999986,0.41355795443287596,0,0.6666666666666666,128,0.4140625,0.9988454706938269,-0.02343527985827798,-0.00018308812389279672,-2.693854454693649,0.2109375,128,0.4140625,-2.693854454693649,-106.67677173553922,20,0.3333333333333333,350,0.4228571428571429,1.0339818564371563,1.6069229059883476,0.0045912083028238505,-3.549170508083682,0.4228571428571429,350,0.4228571428571429,-3.549170508083682,1.5557684756894792,19,0.5882352941176471
SPXW,"d65ret,d80_front",-999999.0,1,score_desc,d80,22,1,15,False,False,False,False,False,-12.612359393665148,-7.985223431123769,-12.612359393665148,102,0.5098039215686274,1.4644843895923139,6.045101957785633,0.0592657054684866,-2.3999999999999986,0.19607843137254902,102,0.5098039215686274,-2.3999999999999986,0.41355795443287596,0,0.6666666666666666,128,0.4140625,0.9988454706938269,-0.02343527985827798,-0.00018308812389279672,-2.693854454693649,0.2109375,128,0.4140625,-2.693854454693649,-106.67677173553922,20,0.3333333333333333,350,0.4228571428571429,1.0339818564371563,1.6069229059883476,0.0045912083028238505,-3.549170508083682,0.4228571428571429,350,0.4228571428571429,-3.549170508083682,1.5557684756894792,19,0.5882352941176471
SPXW,"d65ret,d80_front",-999999.0,1,score_desc,d80,22,1,30,False,False,False,False,False,-12.612359393665148,-7.985223431123769,-12.612359393665148,102,0.5098039215686274,1.4644843895923139,6.045101957785633,0.0592657054684866,-2.3999999999999986,0.19607843137254902,102,0.5098039215686274,-2.3999999999999986,0.41355795443287596,0,0.6666666666666666,128,0.4140625,0.9988454706938269,-0.02343527985827798,-0.00018308812389279672,-2.693854454693649,0.2109375,128,0.4140625,-2.693854454693649,-106.67677173553922,20,0.3333333333333333,350,0.4228571428571429,1.0339818564371563,1.6069229059883476,0.0045912083028238505,-3.549170508083682,0.4228571428571429,350,0.4228571428571429,-3.549170508083682,1.5557684756894792,19,0.5882352941176471
SPXW,"d65ret,d80_front",-999999.0,1,score_desc,d80,21,1,0,False,False,False,False,False,-12.612359393665148,-12.548243581873196,-12.612359393665148,102,0.5098039215686274,1.4644843895923139,6.045101957785633,0.0592657054684866,-2.3999999999999986,0.19607843137254902,102,0.5098039215686274,-2.3999999999999986,0.41355795443287596,0,0.6666666666666666,128,0.3984375,0.9268786988173704,-1.5201442370484675,-0.011876126851941152,-3.4938544546936487,0.2109375,128,0.3984375,-3.4938544546936487,-1.6445807832380654,20,0.16666666666666666,350,0.42,1.0205947534220425,0.9765626961721505,0.00279017913192043,-3.5615619915184,0.4257142857142857,350,0.42,-3.5615619915184,2.559999485746581,19,0.5882352941176471
SPXW,"d65ret,d80_front",-999999.0,1,score_desc,d80,21,1,15,False,False,False,False,False,-12.612359393665148,-12.548243581873196,-12.612359393665148,102,0.5098039215686274,1.4644843895923139,6.045101957785633,0.0592657054684866,-2.3999999999999986,0.19607843137254902,102,0.5098039215686274,-2.3999999999999986,0.41355795443287596,0,0.6666666666666666,128,0.3984375,0.9268786988173704,-1.5201442370484675,-0.011876126851941152,-3.4938544546936487,0.2109375,128,0.3984375,-3.4938544546936487,-1.6445807832380654,20,0.16666666666666666,350,0.42,1.0205947534220425,0.9765626961721505,0.00279017913192043,-3.5615619915184,0.4257142857142857,350,0.42,-3.5615619915184,2.559999485746581,19,0.5882352941176471
SPXW,"d65ret,d80_front",-999999.0,1,score_desc,d80,21,1,30,False,False,False,False,False,-12.612359393665148,-12.548243581873196,-12.612359393665148,102,0.5098039215686274,1.4644843895923139,6.045101957785633,0.0592657054684866,-2.3999999999999986,0.19607843137254902,102,0.5098039215686274,-2.3999999999999986,0.41355795443287596,0,0.6666666666666666,128,0.3984375,0.9268786988173704,-1.5201442370484675,-0.011876126851941152,-3.4938544546936487,0.2109375,128,0.3984375,-3.4938544546936487,-1.6445807832380654,20,0.16666666666666666,350,0.42,1.0205947534220425,0.9765626961721505,0.00279017913192043,-3.5615619915184,0.4257142857142857,350,0.42,-3.5615619915184,2.559999485746581,19,0.5882352941176471
SPXW,"d50ret,d65ret,d80_zero",-999999.0,1,score_desc,d65win,22,2,15,False,False,False,False,False,-12.648564022527351,12.97060228007118,-12.648564022527351,115,0.46956521739130436,1.4771882191968644,7.597187351372711,0.06606249870758879,-2.4732483842357524,0.19130434782608696,103,0.46601941747572817,-2.4732483842357524,0.49478611532559097,0,0.8333333333333334,139,0.41007194244604317,1.016590973642669,0.3832351865211614,0.002757087672814111,-3.502324509578672,0.2446043165467626,128,0.3984375,-3.5023245095786715,8.061196135262183,22,0.5,389,0.41131105398457585,1.0280739898231321,1.6359647344170327,0.004205564869966665,-4.331619583803894,0.4190231362467866,349,0.3982808022922636,-4.331619583803893,1.90818634002562,21,0.4117647058823529
SPXW,"d50ret,d65ret,d80_zero",0.0,1,score_desc,d65win,22,2,15,False,False,False,False,False,-12.648564022527351,12.97060228007118,-12.648564022527351,115,0.46956521739130436,1.4771882191968644,7.597187351372711,0.06606249870758879,-2.4732483842357524,0.19130434782608696,103,0.46601941747572817,-2.4732483842357524,0.49478611532559097,0,0.8333333333333334,139,0.41007194244604317,1.016590973642669,0.3832351865211614,0.002757087672814111,-3.502324509578672,0.2446043165467626,128,0.3984375,-3.5023245095786715,8.061196135262183,22,0.5,383,0.402088772845953,1.0220403439090666,1.267454925839992,0.00330928179070494,-4.331619583803894,0.38903394255874674,336,0.38392857142857145,-4.331619583803894,3.2353126145908884,20,0.47058823529411764
SPXW,"d50ret,d65ret,d80_zero",-999999.0,1,score_desc,d65win,22,2,0,False,False,False,False,False,-12.648564022527351,12.534036311621763,-12.648564022527351,115,0.46956521739130436,1.4771882191968644,7.597187351372711,0.06606249870758879,-2.4732483842357524,0.19130434782608696,103,0.46601941747572817,-2.4732483842357524,0.49478611532559097,0,0.8333333333333334,139,0.41007194244604317,1.00233333906524,0.053897839339853926,0.0003877542398550642,-3.5023245095786724,0.2446043165467626,128,0.390625,-3.5023245095786724,57.31832745652399,22,0.5,391,0.4040920716112532,1.001987292689293,0.11879138087342445,0.00030381427333356635,-4.331619583803893,0.41687979539641945,349,0.40114613180515757,-4.331619583803893,28.27898111072466,21,0.35294117647058826
SPXW,"d50ret,d65ret,d80_zero",0.0,1,score_desc,d65win,22,2,0,False,False,False,False,False,-12.648564022527351,12.534036311621763,-12.648564022527351,115,0.46956521739130436,1.4771882191968644,7.597187351372711,0.06606249870758879,-2.4732483842357524,0.19130434782608696,103,0.46601941747572817,-2.4732483842357524,0.49478611532559097,0,0.8333333333333334,139,0.41007194244604317,1.00233333906524,0.053897839339853926,0.0003877542398550642,-3.5023245095786724,0.2446043165467626,128,0.390625,-3.5023245095786724,57.31832745652399,22,0.5,383,0.38642297650130547,0.9612039303786136,-2.3143219551661343,-0.006042616070929855,-4.465616050142039,0.381201044386423,333,0.3783783783783784,-4.461316031587994,-1.7093709836979163,20,0.35294117647058826
SPXW,"d50ret,d65ret,d80_zero",-999999.0,1,score_desc,d65win,22,3,15,False,False,False,False,False,-12.704998730084048,12.97060228007118,-12.704998730084048,115,0.46956521739130436,1.4716356326068898,7.537117277188207,0.0655401502364192,-2.4732483842357524,0.19130434782608696,103,0.46601941747572817,-2.4732483842357524,0.49872951139599936,0,0.8333333333333334,139,0.41007194244604317,1.016590973642669,0.3832351865211614,0.002757087672814111,-3.502324509578672,0.2446043165467626,128,0.3984375,-3.5023245095786715,8.061196135262183,22,0.5,389,0.41131105398457585,1.0280739898231321,1.6359647344170327,0.004205564869966665,-4.331619583803894,0.4190231362467866,349,0.3982808022922636,-4.331619583803893,1.90818634002562,21,0.4117647058823529
SPXW,"d50ret,d65ret,d80_zero",-999999.0,1,score_desc,d65win,22,4,15,False,False,False,False,False,-12.704998730084048,12.97060228007118,-12.704998730084048,115,0.46956521739130436,1.4716356326068898,7.537117277188207,0.0655401502364192,-2.4732483842357524,0.19130434782608696,103,0.46601941747572817,-2.4732483842357524,0.49872951139599936,0,0.8333333333333334,139,0.41007194244604317,1.016590973642669,0.3832351865211614,0.002757087672814111,-3.502324509578672,0.2446043165467626,128,0.3984375,-3.5023245095786715,8.061196135262183,22,0.5,389,0.41131105398457585,1.0280739898231321,1.6359647344170327,0.004205564869966665,-4.331619583803894,0.4190231362467866,349,0.3982808022922636,-4.331619583803893,1.90818634002562,21,0.4117647058823529
SPXW,"d50ret,d65ret,d80_zero",0.0,1,score_desc,d65win,22,3,15,False,False,False,False,False,-12.704998730084048,12.97060228007118,-12.704998730084048,115,0.46956521739130436,1.4716356326068898,7.537117277188207,0.0655401502364192,-2.4732483842357524,0.19130434782608696,103,0.46601941747572817,-2.4732483842357524,0.49872951139599936,0,0.8333333333333334,139,0.41007194244604317,1.016590973642669,0.3832351865211614,0.002757087672814111,-3.502324509578672,0.2446043165467626,128,0.3984375,-3.5023245095786715,8.061196135262183,22,0.5,383,0.39947780678851175,1.0114458145224736,0.6583390506374912,0.001718900915502588,-4.331619583803894,0.38642297650130547,336,0.38095238095238093,-4.331619583803893,6.04283287812834,20,0.4117647058823529
SPXW,"d50ret,d65ret,d80_zero",0.0,1,score_desc,d65win,22,4,15,False,False,False,False,False,-12.704998730084048,12.97060228007118,-12.704998730084048,115,0.46956521739130436,1.4716356326068898,7.537117277188207,0.0655401502364192,-2.4732483842357524,0.19130434782608696,103,0.46601941747572817,-2.4732483842357524,0.49872951139599936,0,0.8333333333333334,139,0.41007194244604317,1.016590973642669,0.3832351865211614,0.002757087672814111,-3.502324509578672,0.2446043165467626,128,0.3984375,-3.5023245095786715,8.061196135262183,22,0.5,383,0.39947780678851175,1.0114458145224736,0.6583390506374912,0.001718900915502588,-4.331619583803894,0.38642297650130547,336,0.38095238095238093,-4.331619583803893,6.04283287812834,20,0.4117647058823529
SPXW,"d50ret,d65ret,d80_zero",-999999.0,1,score_desc,d65win,21,3,30,False,False,False,False,False,-12.71483144903739,-8.021364736856908,-12.71483144903739,110,0.4727272727272727,1.5004632766391173,7.740645022581678,0.07036950020528798,-2.4000000000000012,0.19090909090909092,102,0.47058823529411764,-2.4000000000000012,0.44729038797815,0,0.6666666666666666,137,0.40145985401459855,0.9986239556192074,-0.03178527290153621,-0.00023200929125208913,-3.5543792762292856,0.24817518248175183,128,0.390625,-3.5543792762292856,-95.55617934252376,21,0.5,381,0.41732283464566927,1.0540700576955297,3.074376072026978,0.00806922853550388,-4.331619583803894,0.4146981627296588,349,0.40114613180515757,-4.331619583803894,1.0723474092298813,21,0.4117647058823529
SPXW,"d50ret,d65ret,d80_zero",-999999.0,1,score_desc,d65win,21,4,30,False,False,False,False,False,-12.71483144903739,-8.021364736856908,-12.71483144903739,110,0.4727272727272727,1.5004632766391173,7.740645022581678,0.07036950020528798,-2.4000000000000012,0.19090909090909092,102,0.47058823529411764,-2.4000000000000012,0.44729038797815,0,0.6666666666666666,137,0.40145985401459855,0.9986239556192074,-0.03178527290153621,-0.00023200929125208913,-3.5543792762292856,0.24817518248175183,128,0.390625,-3.5543792762292856,-95.55617934252376,21,0.5,381,0.41732283464566927,1.0540700576955297,3.074376072026978,0.00806922853550388,-4.331619583803894,0.4146981627296588,349,0.40114613180515757,-4.331619583803894,1.0723474092298813,21,0.4117647058823529
SPXW,"d50ret,d65ret,d80_zero",0.0,1,score_desc,d65win,21,3,30,False,False,False,False,False,-12.71483144903739,-8.021364736856908,-12.71483144903739,110,0.4727272727272727,1.5004632766391173,7.740645022581678,0.07036950020528798,-2.4000000000000012,0.19090909090909092,102,0.47058823529411764,-2.4000000000000012,0.44729038797815,0,0.6666666666666666,137,0.40145985401459855,0.9986239556192074,-0.03178527290153621,-0.00023200929125208913,-3.5543792762292856,0.24817518248175183,128,0.390625,-3.5543792762292856,-95.55617934252376,21,0.5,374,0.39572192513368987,1.0154604002863115,0.8707422838175778,0.00232818792464593,-4.417177151593073,0.3877005347593583,335,0.382089552238806,-4.417177151593073,4.360416723063268,20,0.4117647058823529
SPXW,"d50ret,d65ret,d80_zero",0.0,1,score_desc,d65win,21,4,30,False,False,False,False,False,-12.71483144903739,-8.021364736856908,-12.71483144903739,110,0.4727272727272727,1.5004632766391173,7.740645022581678,0.07036950020528798,-2.4000000000000012,0.19090909090909092,102,0.47058823529411764,-2.4000000000000012,0.44729038797815,0,0.6666666666666666,137,0.40145985401459855,0.9986239556192074,-0.03178527290153621,-0.00023200929125208913,-3.5543792762292856,0.24817518248175183,128,0.390625,-3.5543792762292856,-95.55617934252376,21,0.5,374,0.39572192513368987,1.0154604002863115,0.8707422838175778,0.00232818792464593,-4.417177151593073,0.3877005347593583,335,0.382089552238806,-4.417177151593073,4.360416723063268,20,0.4117647058823529
SPXW,"d50ret,d65ret,d80_front",0.0,1,score_desc,d65win,21,2,30,False,False,False,False,False,-12.759610335379065,-9.497142331769743,-12.759610335379065,110,0.4727272727272727,1.4916675797372332,7.323123921494141,0.06657385383176492,-2.4000000000000004,0.2,102,0.47058823529411764,-2.4000000000000004,0.4727922335424956,0,0.6666666666666666,137,0.40875912408759124,0.9649904607403694,-0.7518523151438616,-0.005487973103239866,-3.7622749773316935,0.26277372262773724,128,0.40625,-3.7622749773316944,-3.9199761940498106,21,0.5,378,0.42592592592592593,1.0469222801631697,2.44296345323126,0.006462866278389576,-2.7447411891971587,0.37037037037037035,342,0.4093567251461988,-2.7447411891971596,1.6678505037521791,19,0.47058823529411764
SPXW,"d50ret,d65ret,d80_front",-999999.0,1,score_desc,d65win,21,2,30,False,False,False,False,False,-12.759610335379065,-9.497142331769743,-12.759610335379065,110,0.4727272727272727,1.4916675797372332,7.323123921494141,0.06657385383176492,-2.4000000000000004,0.2,102,0.47058823529411764,-2.4000000000000004,0.4727922335424956,0,0.6666666666666666,137,0.40875912408759124,0.9649904607403694,-0.7518523151438616,-0.005487973103239866,-3.7622749773316935,0.26277372262773724,128,0.40625,-3.7622749773316944,-3.9199761940498106,21,0.5,382,0.418848167539267,1.0095442487691344,0.5065198138659763,0.0013259680991255926,-3.407127995417163,0.36387434554973824,350,0.4057142857142857,-3.407127995417163,6.624384877273011,21,0.35294117647058826
SPXW,"d65ret,d80",-999999.0,1,score_desc,d65win,22,2,15,False,False,False,False,False,-12.874481063138504,21.699307550718903,-12.874481063138504,115,0.4782608695652174,1.4310398764575387,7.009188031803024,0.06094946114611326,-2.4732483842357507,0.22608695652173913,102,0.49019607843137253,-2.4732483842357507,0.4939682170947635,0,0.8333333333333334,139,0.4748201438848921,1.224105938229619,4.640943241777601,0.03338808087609785,-2.2774802861251224,0.19424460431654678,128,0.453125,-2.0609676338186027,0.5640002090565494,22,0.8333333333333334,388,0.4097938144329897,0.9999652067270798,-0.0020531043867111354,-5.2915061513173596e-06,-5.298664476016214,0.38144329896907214,346,0.407514450867052,-5.2986644760162145,-1890.0241923853869,19,0.47058823529411764
SPXW,"d65ret,d80",0.0,1,score_desc,d65win,22,2,15,False,False,False,False,False,-12.874481063138504,21.699307550718903,-12.874481063138504,115,0.4782608695652174,1.4310398764575387,7.009188031803024,0.06094946114611326,-2.4732483842357507,0.22608695652173913,102,0.49019607843137253,-2.4732483842357507,0.4939682170947635,0,0.8333333333333334,139,0.4748201438848921,1.224105938229619,4.640943241777601,0.03338808087609785,-2.2774802861251224,0.19424460431654678,128,0.453125,-2.0609676338186027,0.5640002090565494,22,0.8333333333333334,388,0.40463917525773196,0.9856263793820756,-0.855315776360545,-0.0022044221040220234,-5.2986644760162145,0.3788659793814433,343,0.40524781341107874,-5.298664476016215,-4.536823787920965,19,0.47058823529411764
SPXW,"d65ret,d80",-999999.0,1,score_desc,d65win,22,2,0,False,False,False,False,False,-12.874481063138504,21.699307550718903,-12.874481063138504,115,0.4782608695652174,1.4310398764575387,7.009188031803024,0.06094946114611326,-2.4732483842357507,0.22608695652173913,102,0.49019607843137253,-2.4732483842357507,0.4939682170947635,0,0.8333333333333334,139,0.4748201438848921,1.224105938229619,4.640943241777601,0.03338808087609785,-2.2774802861251224,0.19424460431654678,128,0.453125,-2.0609676338186027,0.5640002090565494,22,0.8333333333333334,389,0.40616966580976865,0.9817785913615567,-1.0914059936298186,-0.002805670934781025,-5.586802102526443,0.37275064267352187,346,0.4046242774566474,-5.586802102526442,-3.4809997665778027,19,0.47058823529411764
SPXW,"d65ret,d80",0.0,1,score_desc,d65win,22,2,0,False,False,False,False,False,-12.874481063138504,21.699307550718903,-12.874481063138504,115,0.4782608695652174,1.4310398764575387,7.009188031803024,0.06094946114611326,-2.4732483842357507,0.22608695652173913,102,0.49019607843137253,-2.4732483842357507,0.4939682170947635,0,0.8333333333333334,139,0.4748201438848921,1.224105938229619,4.640943241777601,0.03338808087609785,-2.2774802861251224,0.19424460431654678,128,0.453125,-2.0609676338186027,0.5640002090565494,22,0.8333333333333334,388,0.4020618556701031,0.9796538898404586,-1.222682893492829,-0.003151244570857807,-5.298664476016217,0.36855670103092786,342,0.40350877192982454,-5.298664476016216,-3.224807496171724,19,0.47058823529411764
SPXW,"d65ret,d80",-999999.0,1,score_desc,d65win,21,2,15,False,False,False,False,False,-12.906349832280164,19.915257694784227,-12.906349832280164,111,0.4774774774774775,1.4323290003206874,6.868784519465373,0.06188094161680516,-2.3999999999999986,0.23423423423423423,102,0.49019607843137253,-2.3999999999999986,0.4312722443041879,0,0.8333333333333334,137,0.46715328467153283,1.1852906250527453,3.8911836160910123,0.028402800117452644,-2.3704762549331027,0.1897810218978102,128,0.4453125,-2.3704762549331027,0.6726726921233328,21,0.6666666666666666,380,0.4105263157894737,0.9988561847989077,-0.06640075400151768,-0.00017473882631978337,-5.050728195313573,0.37894736842105264,346,0.407514450867052,-5.050728195313573,-56.27472255784334,19,0.47058823529411764
SPXW,"d65ret,d80",0.0,1,score_desc,d65win,21,2,15,False,False,False,False,False,-12.906349832280164,19.915257694784227,-12.906349832280164,111,0.4774774774774775,1.4323290003206874,6.868784519465373,0.06188094161680516,-2.3999999999999986,0.23423423423423423,102,0.49019607843137253,-2.3999999999999986,0.4312722443041879,0,0.8333333333333334,137,0.46715328467153283,1.1852906250527453,3.8911836160910123,0.028402800117452644,-2.3704762549331027,0.1897810218978102,128,0.4453125,-2.3704762549331027,0.6726726921233328,21,0.6666666666666666,379,0.40633245382585753,0.9903522918207539,-0.5614099788640992,-0.0014812928202218975,-5.050728195313573,0.37730870712401055,342,0.4064327485380117,-5.050728195313573,-6.655891682986195,19,0.47058823529411764
SPXW,"d65ret,d80",-999999.0,1,score_desc,d65win,21,2,0,False,False,False,False,False,-12.906349832280164,19.915257694784227,-12.906349832280164,111,0.4774774774774775,1.4323290003206874,6.868784519465373,0.06188094161680516,-2.3999999999999986,0.23423423423423423,102,0.49019607843137253,-2.3999999999999986,0.4312722443041879,0,0.8333333333333334,137,0.46715328467153283,1.1852906250527453,3.8911836160910123,0.028402800117452644,-2.3704762549331027,0.1897810218978102,128,0.4453125,-2.3704762549331027,0.6726726921233328,21,0.6666666666666666,381,0.4094488188976378,0.9903162478583294,-0.5699551313443629,-0.0014959452266256246,-5.255473115524815,0.37270341207349084,346,0.407514450867052,-5.255473115524814,-6.665759811839597,19,0.47058823529411764
SPXW,"d65ret,d80",0.0,1,score_desc,d65win,21,2,0,False,False,False,False,False,-12.906349832280164,19.915257694784227,-12.906349832280164,111,0.4774774774774775,1.4323290003206874,6.868784519465373,0.06188094161680516,-2.3999999999999986,0.23423423423423423,102,0.49019607843137253,-2.3999999999999986,0.4312722443041879,0,0.8333333333333334,137,0.46715328467153283,1.1852906250527453,3.8911836160910123,0.028402800117452644,-2.3704762549331027,0.1897810218978102,128,0.4453125,-2.3704762549331027,0.6726726921233328,21,0.6666666666666666,379,0.40369393139841686,0.9842398289559424,-0.9263712903951078,-0.0024442514258446115,-5.0507281953135745,0.36939313984168864,341,0.40762463343108507,-5.0507281953135745,-4.101146104653803,19,0.47058823529411764
SPXW,"d65ret,d80",-999999.0,1,score_desc,d65win,22,3,15,False,False,False,False,False,-12.928630588595588,20.49900755018394,-12.928630588595588,115,0.4782608695652174,1.425772937630016,6.94911795761852,0.06042711267494365,-2.4732483842357507,0.22608695652173913,102,0.49019607843137253,-2.4732483842357507,0.49823821331970003,0,0.8333333333333334,139,0.4676258992805755,1.2021010579277736,4.245881035656893,0.030545906731344556,-2.3787445281393063,0.18705035971223022,128,0.4453125,-2.3787445281393063,0.6382657584293759,22,0.6666666666666666,388,0.4097938144329897,0.9999652067270798,-0.0020531043867111354,-5.2915061513173596e-06,-5.298664476016214,0.38144329896907214,346,0.407514450867052,-5.2986644760162145,-1890.0241923853869,19,0.47058823529411764
SPXW,"d65ret,d80",-999999.0,1,score_desc,d65win,22,4,15,False,False,False,False,False,-12.928630588595588,20.49900755018394,-12.928630588595588,115,0.4782608695652174,1.425772937630016,6.94911795761852,0.06042711267494365,-2.4732483842357507,0.22608695652173913,102,0.49019607843137253,-2.4732483842357507,0.49823821331970003,0,0.8333333333333334,139,0.4676258992805755,1.2021010579277736,4.245881035656893,0.030545906731344556,-2.3787445281393063,0.18705035971223022,128,0.4453125,-2.3787445281393063,0.6382657584293759,22,0.6666666666666666,388,0.4097938144329897,0.9999652067270798,-0.0020531043867111354,-5.2915061513173596e-06,-5.298664476016214,0.38144329896907214,346,0.407514450867052,-5.2986644760162145,-1890.0241923853869,19,0.47058823529411764
SPXW,"d65ret,d80",0.0,1,score_desc,d65win,22,3,15,False,False,False,False,False,-12.928630588595588,20.49900755018394,-12.928630588595588,115,0.4782608695652174,1.425772937630016,6.94911795761852,0.06042711267494365,-2.4732483842357507,0.22608695652173913,102,0.49019607843137253,-2.4732483842357507,0.49823821331970003,0,0.8333333333333334,139,0.4676258992805755,1.2021010579277736,4.245881035656893,0.030545906731344556,-2.3787445281393063,0.18705035971223022,128,0.4453125,-2.3787445281393063,0.6382657584293759,22,0.6666666666666666,388,0.40463917525773196,0.9856263793820756,-0.855315776360545,-0.0022044221040220234,-5.2986644760162145,0.3788659793814433,343,0.40524781341107874,-5.298664476016215,-4.536823787920965,19,0.47058823529411764
SPXW,"d65ret,d80",0.0,1,score_desc,d65win,22,4,15,False,False,False,False,False,-12.928630588595588,20.49900755018394,-12.928630588595588,115,0.4782608695652174,1.425772937630016,6.94911795761852,0.06042711267494365,-2.4732483842357507,0.22608695652173913,102,0.49019607843137253,-2.4732483842357507,0.49823821331970003,0,0.8333333333333334,139,0.4676258992805755,1.2021010579277736,4.245881035656893,0.030545906731344556,-2.3787445281393063,0.18705035971223022,128,0.4453125,-2.3787445281393063,0.6382657584293759,22,0.6666666666666666,388,0.40463917525773196,0.9856263793820756,-0.855315776360545,-0.0022044221040220234,-5.2986644760162145,0.3788659793814433,343,0.40524781341107874,-5.298664476016215,-4.536823787920965,19,0.47058823529411764
SPXW,d80,-999999.0,1,score_desc,d50ret,22,3,0,False,False,False,False,False,-12.938858108805142,24.941156764359395,-12.938858108805142,64,0.515625,1.4869168242821258,4.4227864846892535,0.06910603882326959,-1.9,0.203125,61,0.5409836065573771,-1.5999999999999999,0.5652545083635551,0,0.5,138,0.4927536231884058,1.4216638609083045,8.3319830086532,0.06037668846850145,-2.2774802861251215,0.13043478260869565,125,0.472,-2.2774802861251215,0.5298906676210513,22,0.8333333333333334,382,0.45549738219895286,1.2983703033876426,14.670588331935548,0.038404681497213475,-2.8904611199544066,0.418848167539267,334,0.46107784431137727,-2.8904611199544066,0.3072553868743109,19,0.6470588235294118
SPXW,d80,-999999.0,1,score_desc,d50ret,22,4,0,False,False,False,False,False,-12.938858108805142,24.941156764359395,-12.938858108805142,64,0.515625,1.4869168242821258,4.4227864846892535,0.06910603882326959,-1.9,0.203125,61,0.5409836065573771,-1.5999999999999999,0.5652545083635551,0,0.5,138,0.4927536231884058,1.4216638609083045,8.3319830086532,0.06037668846850145,-2.2774802861251215,0.13043478260869565,125,0.472,-2.2774802861251215,0.5298906676210513,22,0.8333333333333334,382,0.45549738219895286,1.2983703033876426,14.670588331935548,0.038404681497213475,-2.8904611199544066,0.418848167539267,334,0.46107784431137727,-2.8904611199544066,0.3072553868743109,19,0.6470588235294118
SPXW,d80,-999999.0,1,score_desc,d50ret,22,2,0,False,False,False,False,False,-12.938858108805142,24.37537792457471,-12.938858108805142,64,0.515625,1.4869168242821258,4.4227864846892535,0.06910603882326959,-1.9,0.203125,61,0.5409836065573771,-1.5999999999999999,0.5652545083635551,0,0.5,138,0.4855072463768116,1.390554239933437,7.834430170463612,0.05677123311930154,-2.5774802861251214,0.12318840579710146,125,0.472,-2.577480286125122,0.5644313294263988,22,0.8333333333333334,382,0.450261780104712,1.27474649491178,13.543848988223123,0.03545510206341132,-2.8904611199544004,0.418848167539267,335,0.4626865671641791,-2.8904611199544004,0.2966709734172164,19,0.6470588235294118
SPXW,d80,0.0,1,score_desc,d50ret,22,3,0,False,False,False,False,False,-12.938858108805142,24.941156764359395,-12.938858108805142,64,0.515625,1.4869168242821258,4.4227864846892535,0.06910603882326959,-1.9,0.203125,61,0.5409836065573771,-1.5999999999999999,0.5652545083635551,0,0.5,138,0.4927536231884058,1.4216638609083045,8.3319830086532,0.06037668846850145,-2.2774802861251215,0.13043478260869565,125,0.472,-2.2774802861251215,0.5298906676210513,22,0.8333333333333334,376,0.44148936170212766,1.2327351523267616,11.699887287296658,0.03111672150876771,-4.254713326679099,0.40691489361702127,324,0.45987654320987653,-4.130114377919908,0.3350225280704767,17,0.5882352941176471
SPXW,d80,0.0,1,score_desc,d50ret,22,4,0,False,False,False,False,False,-12.938858108805142,24.941156764359395,-12.938858108805142,64,0.515625,1.4869168242821258,4.4227864846892535,0.06910603882326959,-1.9,0.203125,61,0.5409836065573771,-1.5999999999999999,0.5652545083635551,0,0.5,138,0.4927536231884058,1.4216638609083045,8.3319830086532,0.06037668846850145,-2.2774802861251215,0.13043478260869565,125,0.472,-2.2774802861251215,0.5298906676210513,22,0.8333333333333334,376,0.44148936170212766,1.2327351523267616,11.699887287296658,0.03111672150876771,-4.254713326679099,0.40691489361702127,324,0.45987654320987653,-4.130114377919908,0.3350225280704767,17,0.5882352941176471
SPXW,d80,-999999.0,1,score_desc,d50ret,22,3,30,False,False,False,False,False,-12.938858108805142,24.85320865715484,-12.938858108805142,64,0.515625,1.4869168242821258,4.4227864846892535,0.06910603882326959,-1.9,0.203125,61,0.5409836065573771,-1.5999999999999999,0.5652545083635551,0,0.5,138,0.4927536231884058,1.4215808966178798,8.330343652943055,0.060364809079297505,-2.2774802861251215,0.12318840579710146,125,0.48,-2.2774802861251215,0.5294934516815546,22,0.8333333333333334,379,0.44591029023746703,1.2209136723244662,11.031949302720978,0.029108045653617357,-3.641049241354115,0.43535620052770446,338,0.45857988165680474,-3.641049241354115,0.35613361019909295,19,0.6470588235294118
SPXW,d80,-999999.0,1,score_desc,d50ret,22,4,30,False,False,False,False,False,-12.938858108805142,24.85320865715484,-12.938858108805142,64,0.515625,1.4869168242821258,4.4227864846892535,0.06910603882326959,-1.9,0.203125,61,0.5409836065573771,-1.5999999999999999,0.5652545083635551,0,0.5,138,0.4927536231884058,1.4215808966178798,8.330343652943055,0.060364809079297505,-2.2774802861251215,0.12318840579710146,125,0.48,-2.2774802861251215,0.5294934516815546,22,0.8333333333333334,379,0.44591029023746703,1.2209136723244662,11.031949302720978,0.029108045653617357,-3.641049241354115,0.43535620052770446,338,0.45857988165680474,-3.641049241354115,0.35613361019909295,19,0.6470588235294118
SPXW,d80,-999999.0,1,score_desc,d50ret,22,2,30,False,False,False,False,False,-12.938858108805142,24.37537792457471,-12.938858108805142,64,0.515625,1.4869168242821258,4.4227864846892535,0.06910603882326959,-1.9,0.203125,61,0.5409836065573771,-1.5999999999999999,0.5652545083635551,0,0.5,138,0.4855072463768116,1.390554239933437,7.834430170463612,0.05677123311930154,-2.5774802861251214,0.12318840579710146,125,0.48,-2.577480286125122,0.538003254901879,22,0.8333333333333334,379,0.44327176781002636,1.2151171045541418,10.705209959008553,0.028245936567304886,-3.6410492413541142,0.43535620052770446,339,0.46017699115044247,-3.6410492413541142,0.32029712129335447,19,0.6470588235294118
SPXW,d80,-999999.0,1,score_desc,d50ret,22,3,15,False,False,False,False,False,-12.938858108805142,24.85320865715484,-12.938858108805142,64,0.515625,1.4869168242821258,4.4227864846892535,0.06910603882326959,-1.9,0.203125,61,0.5409836065573771,-1.5999999999999999,0.5652545083635551,0,0.5,138,0.4927536231884058,1.4215808966178798,8.330343652943055,0.060364809079297505,-2.2774802861251215,0.12318840579710146,125,0.48,-2.2774802861251215,0.5294934516815546,22,0.8333333333333334,380,0.44473684210526315,1.2136228696495903,10.731949302720977,0.02824197184926573,-3.941049241354115,0.4368421052631579,337,0.4599406528189911,-3.941049241354115,0.3660889389139463,19,0.6470588235294118
SPXW,d80,-999999.0,1,score_desc,d50ret,22,4,15,False,False,False,False,False,-12.938858108805142,24.85320865715484,-12.938858108805142,64,0.515625,1.4869168242821258,4.4227864846892535,0.06910603882326959,-1.9,0.203125,61,0.5409836065573771,-1.5999999999999999,0.5652545083635551,0,0.5,138,0.4927536231884058,1.4215808966178798,8.330343652943055,0.060364809079297505,-2.2774802861251215,0.12318840579710146,125,0.48,-2.2774802861251215,0.5294934516815546,22,0.8333333333333334,380,0.44473684210526315,1.2136228696495903,10.731949302720977,0.02824197184926573,-3.941049241354115,0.4368421052631579,337,0.4599406528189911,-3.941049241354115,0.3660889389139463,19,0.6470588235294118
SPXW,d80,0.0,1,score_desc,d50ret,22,2,0,False,False,False,False,False,-12.938858108805142,24.37537792457471,-12.938858108805142,64,0.515625,1.4869168242821258,4.4227864846892535,0.06910603882326959,-1.9,0.203125,61,0.5409836065573771,-1.5999999999999999,0.5652545083635551,0,0.5,138,0.4855072463768116,1.390554239933437,7.834430170463612,0.05677123311930154,-2.5774802861251214,0.12318840579710146,125,0.472,-2.577480286125122,0.5644313294263988,22,0.8333333333333334,376,0.43617021276595747,1.2097930462325255,10.573147943584235,0.02812007431804318,-4.254713326679098,0.40691489361702127,325,0.46153846153846156,-4.130114377919907,0.3234349727608646,17,0.5882352941176471
SPXW,d80,-999999.0,1,score_desc,d50ret,22,2,15,False,False,False,False,False,-12.938858108805142,24.37537792457471,-12.938858108805142,64,0.515625,1.4869168242821258,4.4227864846892535,0.06910603882326959,-1.9,0.203125,61,0.5409836065573771,-1.5999999999999999,0.5652545083635551,0,0.5,138,0.4855072463768116,1.390554239933437,7.834430170463612,0.05677123311930154,-2.5774802861251214,0.12318840579710146,125,0.48,-2.577480286125122,0.538003254901879,22,0.8333333333333334,380,0.4421052631578947,1.2078358048288722,10.405209959008552,0.027382131471075138,-3.941049241354114,0.4368421052631579,338,0.46153846153846156,-3.941049241354114,0.3295318351306101,19,0.6470588235294118
SPXW,d80,0.0,1,score_desc,d50ret,22,3,30,False,False,False,False,False,-12.938858108805142,24.85320865715484,-12.938858108805142,64,0.515625,1.4869168242821258,4.4227864846892535,0.06910603882326959,-1.9,0.203125,61,0.5409836065573771,-1.5999999999999999,0.5652545083635551,0,0.5,138,0.4927536231884058,1.4215808966178798,8.330343652943055,0.060364809079297505,-2.2774802861251215,0.12318840579710146,125,0.48,-2.2774802861251215,0.5294934516815546,22,0.8333333333333334,374,0.4411764705882353,1.2040765283630295,10.232400668377533,0.027359360075875756,-3.641049241354113,0.42245989304812837,329,0.45896656534954405,-3.641049241354113,0.37969939223168775,17,0.5882352941176471
SPXW,d80,0.0,1,score_desc,d50ret,22,4,30,False,False,False,False,False,-12.938858108805142,24.85320865715484,-12.938858108805142,64,0.515625,1.4869168242821258,4.4227864846892535,0.06910603882326959,-1.9,0.203125,61,0.5409836065573771,-1.5999999999999999,0.5652545083635551,0,0.5,138,0.4927536231884058,1.4215808966178798,8.330343652943055,0.060364809079297505,-2.2774802861251215,0.12318840579710146,125,0.48,-2.2774802861251215,0.5294934516815546,22,0.8333333333333334,374,0.4411764705882353,1.2040765283630295,10.232400668377533,0.027359360075875756,-3.641049241354113,0.42245989304812837,329,0.45896656534954405,-3.641049241354113,0.37969939223168775,17,0.5882352941176471
SPXW,d80,0.0,1,score_desc,d50ret,22,2,30,False,False,False,False,False,-12.938858108805142,24.37537792457471,-12.938858108805142,64,0.515625,1.4869168242821258,4.4227864846892535,0.06910603882326959,-1.9,0.203125,61,0.5409836065573771,-1.5999999999999999,0.5652545083635551,0,0.5,138,0.4855072463768116,1.390554239933437,7.834430170463612,0.05677123311930154,-2.5774802861251214,0.12318840579710146,125,0.48,-2.577480286125122,0.538003254901879,22,0.8333333333333334,374,0.4385026737967914,1.1982450329872285,9.905661324665108,0.026485725467019005,-3.641049241354113,0.42245989304812837,330,0.46060606060606063,-3.641049241354113,0.34174763338867875,17,0.5882352941176471
SPXW,d80,0.0,1,score_desc,d50ret,22,3,15,False,False,False,False,False,-12.938858108805142,24.85320865715484,-12.938858108805142,64,0.515625,1.4869168242821258,4.4227864846892535,0.06910603882326959,-1.9,0.203125,61,0.5409836065573771,-1.5999999999999999,0.5652545083635551,0,0.5,138,0.4927536231884058,1.4215808966178798,8.330343652943055,0.060364809079297505,-2.2774802861251215,0.12318840579710146,125,0.48,-2.2774802861251215,0.5294934516815546,22,0.8333333333333334,375,0.44,1.1969150923119798,9.932400668377534,0.02648640178234009,-3.9410492413541127,0.424,328,0.4603658536585366,-3.941049241354113,0.39116790034696836,17,0.5882352941176471
SPXW,d80,0.0,1,score_desc,d50ret,22,4,15,False,False,False,False,False,-12.938858108805142,24.85320865715484,-12.938858108805142,64,0.515625,1.4869168242821258,4.4227864846892535,0.06910603882326959,-1.9,0.203125,61,0.5409836065573771,-1.5999999999999999,0.5652545083635551,0,0.5,138,0.4927536231884058,1.4215808966178798,8.330343652943055,0.060364809079297505,-2.2774802861251215,0.12318840579710146,125,0.48,-2.2774802861251215,0.5294934516815546,22,0.8333333333333334,375,0.44,1.1969150923119798,9.932400668377534,0.02648640178234009,-3.9410492413541127,0.424,328,0.4603658536585366,-3.941049241354113,0.39116790034696836,17,0.5882352941176471
SPXW,d80,0.0,1,score_desc,d50ret,22,2,15,False,False,False,False,False,-12.938858108805142,24.37537792457471,-12.938858108805142,64,0.515625,1.4869168242821258,4.4227864846892535,0.06910603882326959,-1.9,0.203125,61,0.5409836065573771,-1.5999999999999999,0.5652545083635551,0,0.5,138,0.4855072463768116,1.390554239933437,7.834430170463612,0.05677123311930154,-2.5774802861251214,0.12318840579710146,125,0.48,-2.577480286125122,0.538003254901879,22,0.8333333333333334,375,0.43733333333333335,1.19109371601957,9.605661324665109,0.025615096865773623,-3.9410492413541127,0.424,329,0.46200607902735563,-3.941049241354113,0.3524209526481601,17,0.5882352941176471
SPXW,"d65ret,d80_front,d80_zero",0.0,1,score_desc,d65win,21,2,15,False,False,False,False,False,-12.945291291426582,-8.2208758529413,-12.945291291426582,110,0.4727272727272727,1.4840141778448093,7.246309762408063,0.06587554329461875,-2.491469142497367,0.19090909090909092,102,0.47058823529411764,-2.491469142497367,0.4778040449379178,0,0.6666666666666666,137,0.41605839416058393,0.9781986825908213,-0.471230936180841,-0.003439641869933146,-2.7403914631745643,0.22627737226277372,128,0.4140625,-2.7403914631745643,-5.8652072809092415,21,0.6666666666666666,378,0.43915343915343913,1.035485285652073,1.7828042183960666,0.00471641327618007,-4.970661028056453,0.3968253968253968,342,0.4298245614035088,-4.970661028056455,2.3000915454893183,20,0.47058823529411764
SPXW,"d65ret,d80_front,d80_zero",0.0,1,score_desc,d65win,21,2,0,False,False,False,False,False,-12.945291291426582,-8.2208758529413,-12.945291291426582,110,0.4727272727272727,1.4840141778448093,7.246309762408063,0.06587554329461875,-2.491469142497367,0.19090909090909092,102,0.47058823529411764,-2.491469142497367,0.4778040449379178,0,0.6666666666666666,137,0.41605839416058393,0.9781986825908213,-0.471230936180841,-0.003439641869933146,-2.7403914631745643,0.22627737226277372,128,0.4140625,-2.7403914631745643,-5.8652072809092415,21,0.6666666666666666,378,0.4312169312169312,1.005127216311748,0.260718913337481,0.0006897325749668809,-6.457444840913009,0.3941798941798942,341,0.4281524926686217,-6.291568061662554,14.95022821354648,20,0.47058823529411764
SPXW,"d65ret,d80_front,d80_zero",-999999.0,1,score_desc,d65win,21,2,15,False,False,False,False,False,-12.945291291426582,-8.2208758529413,-12.945291291426582,110,0.4727272727272727,1.4840141778448093,7.246309762408063,0.06587554329461875,-2.491469142497367,0.19090909090909092,102,0.47058823529411764,-2.491469142497367,0.4778040449379178,0,0.6666666666666666,137,0.41605839416058393,0.9781986825908213,-0.471230936180841,-0.003439641869933146,-2.7403914631745643,0.22627737226277372,128,0.4140625,-2.7403914631745643,-5.8652072809092415,21,0.6666666666666666,382,0.4319371727748691,1.0026193339442082,0.1349919403095945,0.00035338204269527354,-6.5707513714384005,0.39528795811518325,349,0.42120343839541546,-6.4048745921879435,27.58692694465029,21,0.47058823529411764
SPXW,"d65ret,d80_front,d80_zero",-999999.0,1,score_desc,d65win,21,2,0,False,False,False,False,False,-12.945291291426582,-8.2208758529413,-12.945291291426582,110,0.4727272727272727,1.4840141778448093,7.246309762408063,0.06587554329461875,-2.491469142497367,0.19090909090909092,102,0.47058823529411764,-2.491469142497367,0.4778040449379178,0,0.6666666666666666,137,0.41605839416058393,0.9781986825908213,-0.471230936180841,-0.003439641869933146,-2.7403914631745643,0.22627737226277372,128,0.4140625,-2.7403914631745643,-5.8652072809092415,21,0.6666666666666666,384,0.4244791666666667,0.974199517342727,-1.3531340389749698,-0.0035237865598306503,-8.071297793225463,0.3932291666666667,349,0.42120343839541546,-7.905421013975006,-2.5457970347436913,21,0.47058823529411764
SPXW,"d65ret,d80",-999999.0,1,score_desc,d65win,21,3,15,False,False,False,False,False,-12.961524350249345,19.915257694784227,-12.961524350249345,111,0.4774774774774775,1.4269339374291523,6.808714445280869,0.061339769777305125,-2.3999999999999986,0.23423423423423423,102,0.49019607843137253,-2.3999999999999986,0.43507715577716444,0,0.8333333333333334,137,0.46715328467153283,1.1852906250527453,3.8911836160910123,0.028402800117452644,-2.3704762549331027,0.1897810218978102,128,0.4453125,-2.3704762549331027,0.6726726921233328,21,0.6666666666666666,380,0.4105263157894737,0.9988561847989077,-0.06640075400151679,-0.00017473882631978104,-5.050728195313573,0.37894736842105264,346,0.407514450867052,-5.050728195313573,-56.274722557844086,19,0.47058823529411764
SPXW,"d65ret,d80",-999999.0,1,score_desc,d65win,21,4,15,False,False,False,False,False,-12.961524350249345,19.915257694784227,-12.961524350249345,111,0.4774774774774775,1.4269339374291523,6.808714445280869,0.061339769777305125,-2.3999999999999986,0.23423423423423423,102,0.49019607843137253,-2.3999999999999986,0.43507715577716444,0,0.8333333333333334,137,0.46715328467153283,1.1852906250527453,3.8911836160910123,0.028402800117452644,-2.3704762549331027,0.1897810218978102,128,0.4453125,-2.3704762549331027,0.6726726921233328,21,0.6666666666666666,380,0.4105263157894737,0.9988561847989077,-0.06640075400151679,-0.00017473882631978104,-5.050728195313573,0.37894736842105264,346,0.407514450867052,-5.050728195313573,-56.274722557844086,19,0.47058823529411764
SPXW,"d65ret,d80",0.0,1,score_desc,d65win,21,3,15,False,False,False,False,False,-12.961524350249345,19.915257694784227,-12.961524350249345,111,0.4774774774774775,1.4269339374291523,6.808714445280869,0.061339769777305125,-2.3999999999999986,0.23423423423423423,102,0.49019607843137253,-2.3999999999999986,0.43507715577716444,0,0.8333333333333334,137,0.46715328467153283,1.1852906250527453,3.8911836160910123,0.028402800117452644,-2.3704762549331027,0.1897810218978102,128,0.4453125,-2.3704762549331027,0.6726726921233328,21,0.6666666666666666,379,0.40633245382585753,0.9903522918207539,-0.5614099788640983,-0.0014812928202218951,-5.050728195313573,0.37730870712401055,342,0.4064327485380117,-5.050728195313573,-6.655891682986206,19,0.47058823529411764
SPXW,"d65ret,d80",0.0,1,score_desc,d65win,21,4,15,False,False,False,False,False,-12.961524350249345,19.915257694784227,-12.961524350249345,111,0.4774774774774775,1.4269339374291523,6.808714445280869,0.061339769777305125,-2.3999999999999986,0.23423423423423423,102,0.49019607843137253,-2.3999999999999986,0.43507715577716444,0,0.8333333333333334,137,0.46715328467153283,1.1852906250527453,3.8911836160910123,0.028402800117452644,-2.3704762549331027,0.1897810218978102,128,0.4453125,-2.3704762549331027,0.6726726921233328,21,0.6666666666666666,379,0.40633245382585753,0.9903522918207539,-0.5614099788640983,-0.0014812928202218951,-5.050728195313573,0.37730870712401055,342,0.4064327485380117,-5.050728195313573,-6.655891682986206,19,0.47058823529411764
SPXW,"d65ret,d80,d80_front",0.0,1,score_desc,d65win,21,2,15,False,False,False,False,False,-12.9755418488813,20.049050393736305,-12.9755418488813,111,0.4774774774774775,1.430675655803146,6.588958217161349,0.05935998393839053,-2.3999999999999986,0.22522522522522523,102,0.49019607843137253,-2.3999999999999986,0.4495879344986828,0,0.8333333333333334,137,0.45985401459854014,1.1939773558906965,4.087806408487091,0.029838002981657598,-2.3704762549331027,0.1897810218978102,128,0.4453125,-2.3704762549331027,0.6403172501387825,21,0.6666666666666666,381,0.4356955380577428,1.0795194456289885,4.385270329896035,0.011509895878992218,-4.999456383142676,0.3543307086614173,348,0.4281609195402299,-4.970075369084043,0.8951753652789322,19,0.6470588235294118
SPXW,"d65ret,d80,d80_front",-999999.0,1,score_desc,d65win,21,2,15,False,False,False,False,False,-12.9755418488813,20.049050393736305,-12.9755418488813,111,0.4774774774774775,1.430675655803146,6.588958217161349,0.05935998393839053,-2.3999999999999986,0.22522522522522523,102,0.49019607843137253,-2.3999999999999986,0.4495879344986828,0,0.8333333333333334,137,0.45985401459854014,1.1939773558906965,4.087806408487091,0.029838002981657598,-2.3704762549331027,0.1897810218978102,128,0.4453125,-2.3704762549331027,0.6403172501387825,21,0.6666666666666666,383,0.43342036553524804,1.0760309685230518,4.205228376784355,0.010979708555572728,-4.999456383142676,0.3524804177545692,350,0.4257142857142857,-4.970075369084043,0.9335012555045478,21,0.6470588235294118
SPXW,"d65ret,d80,d80_front",0.0,1,score_desc,d65win,21,2,0,False,False,False,False,False,-12.9755418488813,20.049050393736305,-12.9755418488813,111,0.4774774774774775,1.430675655803146,6.588958217161349,0.05935998393839053,-2.3999999999999986,0.22522522522522523,102,0.49019607843137253,-2.3999999999999986,0.4495879344986828,0,0.8333333333333334,137,0.45985401459854014,1.1939773558906965,4.087806408487091,0.029838002981657598,-2.3704762549331027,0.1897810218978102,128,0.4453125,-2.3704762549331027,0.6403172501387825,21,0.6666666666666666,381,0.4330708661417323,1.072132068739427,4.020309018365025,0.010551992174186418,-5.51834091055864,0.3464566929133858,347,0.42939481268011526,-5.518340910558642,0.9919849323009048,19,0.6470588235294118
SPXW,"d65ret,d80,d80_front",-999999.0,1,score_desc,d65win,21,2,0,False,False,False,False,False,-12.9755418488813,20.049050393736305,-12.9755418488813,111,0.4774774774774775,1.430675655803146,6.588958217161349,0.05935998393839053,-2.3999999999999986,0.22522522522522523,102,0.49019607843137253,-2.3999999999999986,0.4495879344986828,0,0.8333333333333334,137,0.45985401459854014,1.1939773558906965,4.087806408487091,0.029838002981657598,-2.3704762549331027,0.1897810218978102,128,0.4453125,-2.3704762549331027,0.6403172501387825,21,0.6666666666666666,384,0.4322916666666667,1.0700974103582197,3.918281293142523,0.01020385753422532,-5.51834091055864,0.3463541666666667,350,0.42857142857142855,-5.518340910558642,1.017815126338987,21,0.6470588235294118
SPXW,"d65ret,d80_front,d80_zero",0.0,1,score_desc,d65win,21,3,15,False,False,False,False,False,-13.00475007525171,-8.2208758529413,-13.00475007525171,110,0.4727272727272727,1.4780835817212807,7.1862396882235595,0.06532945171112327,-2.491469142497367,0.19090909090909092,102,0.47058823529411764,-2.491469142497367,0.48179802867215243,0,0.6666666666666666,137,0.41605839416058393,0.9781986825908213,-0.471230936180841,-0.003439641869933146,-2.7403914631745643,0.22627737226277372,128,0.4140625,-2.7403914631745643,-5.8652072809092415,21,0.6666666666666666,378,0.43915343915343913,1.0384300351761668,1.9265245989047788,0.005096625923028515,-5.284745535098705,0.3968253968253968,342,0.4298245614035088,-5.284745535098706,2.1243048788340717,20,0.47058823529411764
SPXW,"d65ret,d80_front,d80_zero",0.0,1,score_desc,d65win,21,4,15,False,False,False,False,False,-13.00475007525171,-8.2208758529413,-13.00475007525171,110,0.4727272727272727,1.4780835817212807,7.1862396882235595,0.06532945171112327,-2.491469142497367,0.19090909090909092,102,0.47058823529411764,-2.491469142497367,0.48179802867215243,0,0.6666666666666666,137,0.41605839416058393,0.9781986825908213,-0.471230936180841,-0.003439641869933146,-2.7403914631745643,0.22627737226277372,128,0.4140625,-2.7403914631745643,-5.8652072809092415,21,0.6666666666666666,378,0.43915343915343913,1.0384300351761668,1.9265245989047788,0.005096625923028515,-5.284745535098705,0.3968253968253968,342,0.4298245614035088,-5.284745535098706,2.1243048788340717,20,0.47058823529411764
SPXW,"d65ret,d80_front,d80_zero",-999999.0,1,score_desc,d65win,21,3,15,False,False,False,False,False,-13.00475007525171,-8.2208758529413,-13.00475007525171,110,0.4727272727272727,1.4780835817212807,7.1862396882235595,0.06532945171112327,-2.491469142497367,0.19090909090909092,102,0.47058823529411764,-2.491469142497367,0.48179802867215243,0,0.6666666666666666,137,0.41605839416058393,0.9781986825908213,-0.471230936180841,-0.003439641869933146,-2.7403914631745643,0.22627737226277372,128,0.4140625,-2.7403914631745643,-5.8652072809092415,21,0.6666666666666666,382,0.4319371727748691,1.0054195947495304,0.27871232081830666,0.0007296134052835253,-6.42703099092969,0.39528795811518325,349,0.42120343839541546,-6.308998673927032,13.332476580795246,21,0.47058823529411764
SPXW,"d65ret,d80_front,d80_zero",-999999.0,1,score_desc,d65win,21,4,15,False,False,False,False,False,-13.00475007525171,-8.2208758529413,-13.00475007525171,110,0.4727272727272727,1.4780835817212807,7.1862396882235595,0.06532945171112327,-2.491469142497367,0.19090909090909092,102,0.47058823529411764,-2.491469142497367,0.48179802867215243,0,0.6666666666666666,137,0.41605839416058393,0.9781986825908213,-0.471230936180841,-0.003439641869933146,-2.7403914631745643,0.22627737226277372,128,0.4140625,-2.7403914631745643,-5.8652072809092415,21,0.6666666666666666,382,0.4319371727748691,1.0054195947495304,0.27871232081830666,0.0007296134052835253,-6.42703099092969,0.39528795811518325,349,0.42120343839541546,-6.308998673927032,13.332476580795246,21,0.47058823529411764
SPXW,"d65ret,d80",0.0,1,score_desc,d80,22,2,30,False,False,False,False,False,-13.007909573234791,19.181950237746896,-13.007909573234791,110,0.4727272727272727,1.4586116499923327,7.4038649220115245,0.06730786292737749,-2.4000000000000004,0.21818181818181817,102,0.5,-2.4000000000000004,0.357380486330916,0,0.6666666666666666,137,0.44525547445255476,1.1816745245159188,3.9684620284290375,0.028966876119919983,-2.2774802861251224,0.17518248175182483,128,0.453125,-1.9774802861251226,0.6443607934493171,21,0.6666666666666666,373,0.42091152815013405,1.0644282699600383,3.6530910659277525,0.009793809828224538,-3.664195559345005,0.3726541554959786,336,0.4226190476190476,-3.6641955593450053,1.2770830079393358,15,0.5882352941176471
SPXW,"d65ret,d80",-999999.0,1,score_desc,d80,22,2,30,False,False,False,False,False,-13.007909573234791,19.181950237746896,-13.007909573234791,110,0.4727272727272727,1.4586116499923327,7.4038649220115245,0.06730786292737749,-2.4000000000000004,0.21818181818181817,102,0.5,-2.4000000000000004,0.357380486330916,0,0.6666666666666666,137,0.44525547445255476,1.1816745245159188,3.9684620284290375,0.028966876119919983,-2.2774802861251224,0.17518248175182483,128,0.453125,-1.9774802861251226,0.6443607934493171,21,0.6666666666666666,380,0.42105263157894735,1.04772786568521,2.7590709631044126,0.007260713060801086,-3.6641955593450057,0.3684210526315789,345,0.42318840579710143,-3.664195559345006,1.516996724971402,19,0.5294117647058824
SPXW,"d65ret,d80",0.0,1,score_desc,d80,22,2,15,False,False,False,False,False,-13.007909573234791,19.181950237746896,-13.007909573234791,110,0.4727272727272727,1.4586116499923327,7.4038649220115245,0.06730786292737749,-2.4000000000000004,0.21818181818181817,102,0.5,-2.4000000000000004,0.357380486330916,0,0.6666666666666666,137,0.44525547445255476,1.1816745245159188,3.9684620284290375,0.028966876119919983,-2.2774802861251224,0.17518248175182483,128,0.453125,-1.9774802861251226,0.6443607934493171,21,0.6666666666666666,373,0.4128686327077748,1.0266432393214229,1.534653959012736,0.004114353777514037,-4.269349868378236,0.3753351206434316,336,0.4166666666666667,-4.269349868378237,3.0399690427623054,15,0.5882352941176471
SPXW,"d65ret,d80",0.0,1,score_desc,d80,22,2,0,False,False,False,False,False,-13.007909573234791,19.181950237746896,-13.007909573234791,110,0.4727272727272727,1.4586116499923327,7.4038649220115245,0.06730786292737749,-2.4000000000000004,0.21818181818181817,102,0.5,-2.4000000000000004,0.357380486330916,0,0.6666666666666666,137,0.44525547445255476,1.1816745245159188,3.9684620284290375,0.028966876119919983,-2.2774802861251224,0.17518248175182483,128,0.453125,-1.9774802861251226,0.6443607934493171,21,0.6666666666666666,375,0.4106666666666667,1.0166884865316175,0.9747449112612521,0.002599319763363339,-4.829258916129723,0.37333333333333335,335,0.408955223880597,-4.829258916129723,4.877938637451401,15,0.5882352941176471
SPXW,"d65ret,d80",-999999.0,1,score_desc,d80,22,2,15,False,False,False,False,False,-13.007909573234791,19.181950237746896,-13.007909573234791,110,0.4727272727272727,1.4586116499923327,7.4038649220115245,0.06730786292737749,-2.4000000000000004,0.21818181818181817,102,0.5,-2.4000000000000004,0.357380486330916,0,0.6666666666666666,137,0.44525547445255476,1.1816745245159188,3.9684620284290375,0.028966876119919983,-2.2774802861251224,0.17518248175182483,128,0.453125,-1.9774802861251226,0.6443607934493171,21,0.6666666666666666,380,0.4131578947368421,1.0109121350697257,0.6406338561893958,0.0016858785689194628,-4.133477628339313,0.37105263157894736,345,0.41739130434782606,-4.133477628339312,6.533375616282902,19,0.5294117647058824
SPXW,"d65ret,d80",-999999.0,1,score_desc,d80,22,2,0,False,False,False,False,False,-13.007909573234791,19.181950237746896,-13.007909573234791,110,0.4727272727272727,1.4586116499923327,7.4038649220115245,0.06730786292737749,-2.4000000000000004,0.21818181818181817,102,0.5,-2.4000000000000004,0.357380486330916,0,0.6666666666666666,137,0.44525547445255476,1.1816745245159188,3.9684620284290375,0.028966876119919983,-2.2774802861251224,0.17518248175182483,128,0.453125,-1.9774802861251226,0.6443607934493171,21,0.6666666666666666,382,0.4083769633507853,0.9990130460337614,-0.05878096230435226,-0.0001538768646710792,-4.79557710184063,0.3717277486910995,345,0.40869565217391307,-4.79557710184063,-75.19520296666629,19,0.5294117647058824
SPXW,"d65ret,d80",0.0,1,score_desc,d80,21,1,0,False,False,False,False,False,-13.016134940891519,12.1316136434648,-13.016134940891519,102,0.5,1.4382688188238646,5.957199993568216,0.05840392150557075,-2.3999999999999986,0.19607843137254902,102,0.5,-2.3999999999999986,0.4196602435203055,0,0.6666666666666666,128,0.40625,1.0002183378538627,0.004684296321840087,3.659606501437568e-05,-3.073998709603882,0.2109375,128,0.40625,-3.073998709603882,533.6980900085222,20,0.5,337,0.43026706231454004,1.1134677796431454,5.2534211363399335,0.015588786754717903,-2.7541870191732225,0.41543026706231456,337,0.43026706231454004,-2.7541870191732225,0.47588037111788717,15,0.5882352941176471
SPXW,"d65ret,d80",0.0,1,score_desc,d80,21,1,15,False,False,False,False,False,-13.016134940891519,12.1316136434648,-13.016134940891519,102,0.5,1.4382688188238646,5.957199993568216,0.05840392150557075,-2.3999999999999986,0.19607843137254902,102,0.5,-2.3999999999999986,0.4196602435203055,0,0.6666666666666666,128,0.40625,1.0002183378538627,0.004684296321840087,3.659606501437568e-05,-3.073998709603882,0.2109375,128,0.40625,-3.073998709603882,533.6980900085222,20,0.5,337,0.43026706231454004,1.1134677796431454,5.2534211363399335,0.015588786754717903,-2.7541870191732225,0.41543026706231456,337,0.43026706231454004,-2.7541870191732225,0.47588037111788717,15,0.5882352941176471
SPXW,"d65ret,d80",0.0,1,score_desc,d80,21,1,30,False,False,False,False,False,-13.016134940891519,12.1316136434648,-13.016134940891519,102,0.5,1.4382688188238646,5.957199993568216,0.05840392150557075,-2.3999999999999986,0.19607843137254902,102,0.5,-2.3999999999999986,0.4196602435203055,0,0.6666666666666666,128,0.40625,1.0002183378538627,0.004684296321840087,3.659606501437568e-05,-3.073998709603882,0.2109375,128,0.40625,-3.073998709603882,533.6980900085222,20,0.5,337,0.43026706231454004,1.1134677796431454,5.2534211363399335,0.015588786754717903,-2.7541870191732225,0.41543026706231456,337,0.43026706231454004,-2.7541870191732225,0.47588037111788717,15,0.5882352941176471
SPXW,"d65ret,d80",0.0,1,score_desc,d80,22,1,0,False,False,False,False,False,-13.016134940891519,15.009064809325963,-13.016134940891519,102,0.5,1.4382688188238646,5.957199993568216,0.05840392150557075,-2.3999999999999986,0.19607843137254902,102,0.5,-2.3999999999999986,0.4196602435203055,0,0.6666666666666666,128,0.421875,1.076947228848523,1.6046842963218402,0.012536596065014376,-2.73741416498016,0.2109375,128,0.421875,-2.73741416498016,1.5579388454977394,20,0.5,337,0.43026706231454004,1.1134677796431454,5.2534211363399335,0.015588786754717903,-2.7541870191732225,0.41543026706231456,337,0.43026706231454004,-2.7541870191732225,0.47588037111788717,15,0.5882352941176471
SPXW,"d65ret,d80",0.0,1,score_desc,d80,22,1,15,False,False,False,False,False,-13.016134940891519,15.009064809325963,-13.016134940891519,102,0.5,1.4382688188238646,5.957199993568216,0.05840392150557075,-2.3999999999999986,0.19607843137254902,102,0.5,-2.3999999999999986,0.4196602435203055,0,0.6666666666666666,128,0.421875,1.076947228848523,1.6046842963218402,0.012536596065014376,-2.73741416498016,0.2109375,128,0.421875,-2.73741416498016,1.5579388454977394,20,0.5,337,0.43026706231454004,1.1134677796431454,5.2534211363399335,0.015588786754717903,-2.7541870191732225,0.41543026706231456,337,0.43026706231454004,-2.7541870191732225,0.47588037111788717,15,0.5882352941176471
SPXW,"d65ret,d80",0.0,1,score_desc,d80,22,1,30,False,False,False,False,False,-13.016134940891519,15.009064809325963,-13.016134940891519,102,0.5,1.4382688188238646,5.957199993568216,0.05840392150557075,-2.3999999999999986,0.19607843137254902,102,0.5,-2.3999999999999986,0.4196602435203055,0,0.6666666666666666,128,0.421875,1.076947228848523,1.6046842963218402,0.012536596065014376,-2.73741416498016,0.2109375,128,0.421875,-2.73741416498016,1.5579388454977394,20,0.5,337,0.43026706231454004,1.1134677796431454,5.2534211363399335,0.015588786754717903,-2.7541870191732225,0.41543026706231456,337,0.43026706231454004,-2.7541870191732225,0.47588037111788717,15,0.5882352941176471
SPXW,"d65ret,d80",-999999.0,1,score_desc,d80,21,1,0,False,False,False,False,False,-13.016134940891519,12.1316136434648,-13.016134940891519,102,0.5,1.4382688188238646,5.957199993568216,0.05840392150557075,-2.3999999999999986,0.19607843137254902,102,0.5,-2.3999999999999986,0.4196602435203055,0,0.6666666666666666,128,0.40625,1.0002183378538627,0.004684296321840087,3.659606501437568e-05,-3.073998709603882,0.2109375,128,0.40625,-3.073998709603882,533.6980900085222,20,0.5,345,0.4318840579710145,1.10192818155685,4.834638697302897,0.014013445499428687,-2.7541870191732225,0.4115942028985507,345,0.4318840579710145,-2.7541870191732225,0.5171017229053075,19,0.5294117647058824
SPXW,"d65ret,d80",-999999.0,1,score_desc,d80,21,1,15,False,False,False,False,False,-13.016134940891519,12.1316136434648,-13.016134940891519,102,0.5,1.4382688188238646,5.957199993568216,0.05840392150557075,-2.3999999999999986,0.19607843137254902,102,0.5,-2.3999999999999986,0.4196602435203055,0,0.6666666666666666,128,0.40625,1.0002183378538627,0.004684296321840087,3.659606501437568e-05,-3.073998709603882,0.2109375,128,0.40625,-3.073998709603882,533.6980900085222,20,0.5,345,0.4318840579710145,1.10192818155685,4.834638697302897,0.014013445499428687,-2.7541870191732225,0.4115942028985507,345,0.4318840579710145,-2.7541870191732225,0.5171017229053075,19,0.5294117647058824
SPXW,"d65ret,d80",-999999.0,1,score_desc,d80,21,1,30,False,False,False,False,False,-13.016134940891519,12.1316136434648,-13.016134940891519,102,0.5,1.4382688188238646,5.957199993568216,0.05840392150557075,-2.3999999999999986,0.19607843137254902,102,0.5,-2.3999999999999986,0.4196602435203055,0,0.6666666666666666,128,0.40625,1.0002183378538627,0.004684296321840087,3.659606501437568e-05,-3.073998709603882,0.2109375,128,0.40625,-3.073998709603882,533.6980900085222,20,0.5,345,0.4318840579710145,1.10192818155685,4.834638697302897,0.014013445499428687,-2.7541870191732225,0.4115942028985507,345,0.4318840579710145,-2.7541870191732225,0.5171017229053075,19,0.5294117647058824
SPXW,"d65ret,d80",-999999.0,1,score_desc,d80,22,1,0,False,False,False,False,False,-13.016134940891519,15.009064809325963,-13.016134940891519,102,0.5,1.4382688188238646,5.957199993568216,0.05840392150557075,-2.3999999999999986,0.19607843137254902,102,0.5,-2.3999999999999986,0.4196602435203055,0,0.6666666666666666,128,0.421875,1.076947228848523,1.6046842963218402,0.012536596065014376,-2.73741416498016,0.2109375,128,0.421875,-2.73741416498016,1.5579388454977394,20,0.5,345,0.4318840579710145,1.10192818155685,4.834638697302897,0.014013445499428687,-2.7541870191732225,0.4115942028985507,345,0.4318840579710145,-2.7541870191732225,0.5171017229053075,19,0.5294117647058824
SPXW,"d65ret,d80",-999999.0,1,score_desc,d80,22,1,15,False,False,False,False,False,-13.016134940891519,15.009064809325963,-13.016134940891519,102,0.5,1.4382688188238646,5.957199993568216,0.05840392150557075,-2.3999999999999986,0.19607843137254902,102,0.5,-2.3999999999999986,0.4196602435203055,0,0.6666666666666666,128,0.421875,1.076947228848523,1.6046842963218402,0.012536596065014376,-2.73741416498016,0.2109375,128,0.421875,-2.73741416498016,1.5579388454977394,20,0.5,345,0.4318840579710145,1.10192818155685,4.834638697302897,0.014013445499428687,-2.7541870191732225,0.4115942028985507,345,0.4318840579710145,-2.7541870191732225,0.5171017229053075,19,0.5294117647058824
SPXW,"d65ret,d80",-999999.0,1,score_desc,d80,22,1,30,False,False,False,False,False,-13.016134940891519,15.009064809325963,-13.016134940891519,102,0.5,1.4382688188238646,5.957199993568216,0.05840392150557075,-2.3999999999999986,0.19607843137254902,102,0.5,-2.3999999999999986,0.4196602435203055,0,0.6666666666666666,128,0.421875,1.076947228848523,1.6046842963218402,0.012536596065014376,-2.73741416498016,0.2109375,128,0.421875,-2.73741416498016,1.5579388454977394,20,0.5,345,0.4318840579710145,1.10192818155685,4.834638697302897,0.014013445499428687,-2.7541870191732225,0.4115942028985507,345,0.4318840579710145,-2.7541870191732225,0.5171017229053075,19,0.5294117647058824
SPXW,"d65ret,d80,d80_front",0.0,1,score_desc,d65win,22,2,15,False,False,False,False,False,-13.035824378524897,20.963770152684777,-13.035824378524897,114,0.47368421052631576,1.4285063998437042,6.7157098329256,0.05890973537654035,-2.4732483842357498,0.21929824561403508,102,0.49019607843137253,-2.4732483842357498,0.5155547516923297,0,0.8333333333333334,139,0.460431654676259,1.2078505845205003,4.371416262569391,0.03144903786021145,-2.2271174054228906,0.19424460431654678,128,0.453125,-2.2271174054228906,0.5987745850228549,22,0.8333333333333334,389,0.4318766066838046,1.0572968354430499,3.2350974837091835,0.008316445973545458,-5.247392663845318,0.35732647814910024,348,0.42528735632183906,-5.2180116497866855,1.2134366859667818,19,0.5882352941176471
SPXW,"d65ret,d80,d80_front",0.0,1,score_desc,d65win,22,2,0,False,False,False,False,False,-13.035824378524897,20.963770152684777,-13.035824378524897,114,0.47368421052631576,1.4285063998437042,6.7157098329256,0.05890973537654035,-2.4732483842357498,0.21929824561403508,102,0.49019607843137253,-2.4732483842357498,0.5155547516923297,0,0.8333333333333334,139,0.460431654676259,1.2078505845205003,4.371416262569391,0.03144903786021145,-2.2271174054228906,0.19424460431654678,128,0.453125,-2.2271174054228906,0.5987745850228549,22,0.8333333333333334,389,0.42930591259640105,1.0557197408662455,3.178828406232365,0.008171795388772145,-5.622544239951688,0.34704370179948585,347,0.4265129682997118,-5.622544239951688,1.254577303258195,19,0.5882352941176471
SPXW,"d65ret,d80,d80_front",-999999.0,1,score_desc,d65win,22,2,15,False,False,False,False,False,-13.035824378524897,20.963770152684777,-13.035824378524897,114,0.47368421052631576,1.4285063998437042,6.7157098329256,0.05890973537654035,-2.4732483842357498,0.21929824561403508,102,0.49019607843137253,-2.4732483842357498,0.5155547516923297,0,0.8333333333333334,139,0.460431654676259,1.2078505845205003,4.371416262569391,0.03144903786021145,-2.2271174054228906,0.19424460431654678,128,0.453125,-2.2271174054228906,0.5987745850228549,22,0.8333333333333334,391,0.4296675191815857,1.0539530512447042,3.055055530597505,0.007813441254725077,-5.247392663845318,0.3554987212276215,350,0.4228571428571429,-5.218011649786686,1.2849475009849605,21,0.5882352941176471
SPXW,"d65ret,d80,d80_front",-999999.0,1,score_desc,d65win,22,2,0,False,False,False,False,False,-13.035824378524897,20.963770152684777,-13.035824378524897,114,0.47368421052631576,1.4285063998437042,6.7157098329256,0.05890973537654035,-2.4732483842357498,0.21929824561403508,102,0.49019607843137253,-2.4732483842357498,0.5155547516923297,0,0.8333333333333334,139,0.460431654676259,1.2078505845205003,4.371416262569391,0.03144903786021145,-2.2271174054228906,0.19424460431654678,128,0.453125,-2.2271174054228906,0.5987745850228549,22,0.8333333333333334,392,0.42857142857142855,1.0537783949797477,3.0768006810098645,0.007848981329106797,-5.622544239951688,0.3469387755102041,350,0.4257142857142857,-5.622544239951688,1.2961795003576835,21,0.5882352941176471
SPXW,"d50ret,d65ret,d80_front",0.0,1,score_desc,d65win,22,2,15,False,False,False,False,False,-13.041410106753787,-8.07587816023313,-13.041410106753787,114,0.4649122807017544,1.4743724989628488,7.309277577892541,0.06411646998151352,-2.4732483842357516,0.20175438596491227,103,0.47572815533980584,-2.4732483842357516,0.4736878683912251,0,0.6666666666666666,139,0.4172661870503597,0.9845963099131221,-0.3308041264893764,-0.0023798858020818445,-3.7102202106810798,0.2589928057553957,128,0.40625,-3.71022021068108,-9.000470195992989,22,0.5,387,0.4263565891472868,1.0465910669120508,2.477324586796205,0.006401355521437222,-2.9416515704710786,0.37467700258397935,343,0.40816326530612246,-2.9416515704710786,1.7808368645613728,19,0.5294117647058824
SPXW,"d50ret,d65ret,d80_front",-999999.0,1,score_desc,d65win,22,2,15,False,False,False,False,False,-13.041410106753787,-8.07587816023313,-13.041410106753787,114,0.4649122807017544,1.4743724989628488,7.309277577892541,0.06411646998151352,-2.4732483842357516,0.20175438596491227,103,0.47572815533980584,-2.4732483842357516,0.4736878683912251,0,0.6666666666666666,139,0.4172661870503597,0.9845963099131221,-0.3308041264893764,-0.0023798858020818445,-3.7102202106810798,0.2589928057553957,128,0.40625,-3.71022021068108,-9.000470195992989,22,0.5,390,0.4230769230769231,1.0250054182377317,1.3470942936884298,0.0034540879325344353,-2.720523050434953,0.36923076923076925,350,0.4085714285714286,-2.720523050434953,2.981589924532592,21,0.4117647058823529
SPXW,"d50ret,d65ret,d80_front",0.0,1,score_desc,d65win,22,2,0,False,False,False,False,False,-13.041410106753787,-8.448010379372095,-13.041410106753787,114,0.4649122807017544,1.4743724989628488,7.309277577892541,0.06411646998151352,-2.4732483842357516,0.20175438596491227,103,0.47572815533980584,-2.4732483842357516,0.4736878683912251,0,0.6666666666666666,139,0.4172661870503597,0.9774082340867637,-0.4851726662007496,-0.003490450835976616,-3.71022021068108,0.2589928057553957,128,0.40625,-3.71022021068108,-6.136769213513717,22,0.5,387,0.4134366925064599,0.9998004359326195,-0.0108497658147515,-2.803557058075323e-05,-3.5463724726454995,0.3695090439276486,341,0.40175953079178883,-3.5463724726455,-364.6521317336147,19,0.4117647058823529
SPXW,"d50ret,d65ret,d80_front",-999999.0,1,score_desc,d65win,22,2,0,False,False,False,False,False,-13.041410106753787,-8.448010379372095,-13.041410106753787,114,0.4649122807017544,1.4743724989628488,7.309277577892541,0.06411646998151352,-2.4732483842357516,0.20175438596491227,103,0.47572815533980584,-2.4732483842357516,0.4736878683912251,0,0.6666666666666666,139,0.4172661870503597,0.9774082340867637,-0.4851726662007496,-0.003490450835976616,-3.71022021068108,0.2589928057553957,128,0.40625,-3.71022021068108,-6.136769213513717,22,0.5,392,0.4107142857142857,0.9786431303294436,-1.178859122115238,-0.003007293678865403,-4.395202852490671,0.3673469387755102,350,0.40285714285714286,-4.395202852490672,-2.8993135234685004,21,0.35294117647058826
SPXW,"d65ret,d80",-999999.0,1,score_desc,d65win,21,2,30,False,False,False,False,False,-13.05205207632401,19.827666453908314,-13.05205207632401,111,0.4774774774774775,1.4181012708310605,6.709382478831221,0.06044488719667766,-2.3999999999999986,0.23423423423423423,102,0.49019607843137253,-2.3999999999999986,0.4415184444616328,0,0.8333333333333334,137,0.46715328467153283,1.1852906250527453,3.8911836160910123,0.028402800117452644,-2.3704762549331027,0.18248175182481752,128,0.4453125,-2.3704762549331027,0.7985126604201783,21,0.6666666666666666,378,0.4074074074074074,0.9963599655652575,-0.20964036095441596,-0.000554604129509037,-4.978523475201529,0.38095238095238093,347,0.40634005763688763,-4.978523475201529,-15.43922169534327,19,0.47058823529411764
SPXW,"d65ret,d80",0.0,1,score_desc,d65win,21,2,30,False,False,False,False,False,-13.05205207632401,19.827666453908314,-13.05205207632401,111,0.4774774774774775,1.4181012708310605,6.709382478831221,0.06044488719667766,-2.3999999999999986,0.23423423423423423,102,0.49019607843137253,-2.3999999999999986,0.4415184444616328,0,0.8333333333333334,137,0.46715328467153283,1.1852906250527453,3.8911836160910123,0.028402800117452644,-2.3704762549331027,0.18248175182481752,128,0.4453125,-2.3704762549331027,0.7985126604201783,21,0.6666666666666666,377,0.40318302387267907,0.9877944683184502,-0.7046495858169965,-0.001869097044607418,-4.97852347520153,0.376657824933687,343,0.40524781341107874,-4.978523475201529,-4.593324219887653,19,0.47058823529411764
SPXW,"d65ret,d80,d80_front",0.0,1,score_desc,d80,22,2,30,False,False,False,False,False,-13.068925669808188,17.416932363875002,-13.068925669808188,110,0.4727272727272727,1.4579802954782586,7.124038619707501,0.06476398745188637,-2.3999999999999995,0.20909090909090908,102,0.5,-2.3999999999999995,0.3714180941182949,0,0.6666666666666666,137,0.4306569343065693,1.1514644609096765,3.365084820825116,0.024562662925730772,-2.2774802861251224,0.17518248175182483,128,0.4453125,-2.2774802861251233,0.7598980345419695,21,0.5,383,0.4308093994778068,1.0849466924286923,4.788526877991547,0.012502681143581064,-3.0330398634569513,0.3472584856396867,348,0.4396551724137931,-3.0330398634569518,0.7696524858055922,19,0.6470588235294118
SPXW,"d65ret,d80,d80_front",-999999.0,1,score_desc,d80,22,2,30,False,False,False,False,False,-13.068925669808188,17.416932363875002,-13.068925669808188,110,0.4727272727272727,1.4579802954782586,7.124038619707501,0.06476398745188637,-2.3999999999999995,0.20909090909090908,102,0.5,-2.3999999999999995,0.3714180941182949,0,0.6666666666666666,137,0.4306569343065693,1.1514644609096765,3.365084820825116,0.024562662925730772,-2.2774802861251224,0.17518248175182483,128,0.4453125,-2.2774802861251233,0.7598980345419695,21,0.5,385,0.43116883116883115,1.0836930561838063,4.727968433283222,0.01228043748904733,-3.0330398634569513,0.34545454545454546,350,0.44,-3.0330398634569518,0.7795106221624621,20,0.6470588235294118
SPXW,"d65ret,d80,d80_front",0.0,1,score_desc,d80,22,2,15,False,False,False,False,False,-13.068925669808188,17.416932363875002,-13.068925669808188,110,0.4727272727272727,1.4579802954782586,7.124038619707501,0.06476398745188637,-2.3999999999999995,0.20909090909090908,102,0.5,-2.3999999999999995,0.3714180941182949,0,0.6666666666666666,137,0.4306569343065693,1.1514644609096765,3.365084820825116,0.024562662925730772,-2.2774802861251224,0.17518248175182483,128,0.4453125,-2.2774802861251233,0.7598980345419695,21,0.5,383,0.42297650130548303,1.0515204450869333,2.936880348443038,0.0076680949045510125,-4.076118943641842,0.34986945169712796,348,0.4339080459770115,-4.076118943641843,1.2549035635540697,19,0.6470588235294118
SPXW,"d65ret,d80,d80_front",-999999.0,1,score_desc,d80,22,2,15,False,False,False,False,False,-13.068925669808188,17.416932363875002,-13.068925669808188,110,0.4727272727272727,1.4579802954782586,7.124038619707501,0.06476398745188637,-2.3999999999999995,0.20909090909090908,102,0.5,-2.3999999999999995,0.3714180941182949,0,0.6666666666666666,137,0.4306569343065693,1.1514644609096765,3.365084820825116,0.024562662925730772,-2.2774802861251224,0.17518248175182483,128,0.4453125,-2.2774802861251233,0.7598980345419695,21,0.5,385,0.42337662337662335,1.0503513909655635,2.8763219037347127,0.007470965983726527,-4.076118943641841,0.34805194805194806,350,0.4342857142857143,-4.076118943641842,1.2813244617049668,20,0.6470588235294118
SPXW,"d65ret,d80,d80_front",0.0,1,score_desc,d80,22,2,0,False,False,False,False,False,-13.068925669808188,17.416932363875002,-13.068925669808188,110,0.4727272727272727,1.4579802954782586,7.124038619707501,0.06476398745188637,-2.3999999999999995,0.20909090909090908,102,0.5,-2.3999999999999995,0.3714180941182949,0,0.6666666666666666,137,0.4306569343065693,1.1514644609096765,3.365084820825116,0.024562662925730772,-2.2774802861251224,0.17518248175182483,128,0.4453125,-2.2774802861251233,0.7598980345419695,21,0.5,385,0.42077922077922075,1.0411153405936686,2.376971300691553,0.006173951430367671,-4.470156597912898,0.34805194805194806,347,0.4265129682997118,-4.470156597912899,1.6576756640465597,19,0.6470588235294118
SPXW,"d65ret,d80,d80_front",-999999.0,1,score_desc,d80,22,2,0,False,False,False,False,False,-13.068925669808188,17.416932363875002,-13.068925669808188,110,0.4727272727272727,1.4579802954782586,7.124038619707501,0.06476398745188637,-2.3999999999999995,0.20909090909090908,102,0.5,-2.3999999999999995,0.3714180941182949,0,0.6666666666666666,137,0.4306569343065693,1.1514644609096765,3.365084820825116,0.024562662925730772,-2.2774802861251224,0.17518248175182483,128,0.4453125,-2.2774802861251233,0.7598980345419695,21,0.5,387,0.4186046511627907,1.0375493611834403,2.1769070852409635,0.005625082907599389,-4.568193088140986,0.3488372093023256,350,0.4257142857142857,-4.568193088140988,1.8100209724189198,20,0.6470588235294118
SPXW,"d65ret,d80,d80_front",0.0,1,score_desc,d65win,22,3,15,False,False,False,False,False,-13.091473327497198,20.63308469768799,-13.091473327497198,114,0.47368421052631576,1.4230520330767789,6.655639758741096,0.05838280490123768,-2.4732483842357498,0.21929824561403508,102,0.49019607843137253,-2.4732483842357498,0.5202078599287931,0,0.8333333333333334,139,0.460431654676259,1.210726019154794,4.4425038280529705,0.03196045919462569,-2.3787445281393063,0.18705035971223022,128,0.4453125,-2.3787445281393063,0.6100164646593386,22,0.6666666666666666,389,0.4318766066838046,1.0572968354430499,3.2350974837091835,0.008316445973545458,-5.247392663845318,0.35732647814910024,348,0.42528735632183906,-5.2180116497866855,1.2134366859667818,19,0.5882352941176471
SPXW,"d65ret,d80,d80_front",0.0,1,score_desc,d65win,22,4,15,False,False,False,False,False,-13.091473327497198,20.63308469768799,-13.091473327497198,114,0.47368421052631576,1.4230520330767789,6.655639758741096,0.05838280490123768,-2.4732483842357498,0.21929824561403508,102,0.49019607843137253,-2.4732483842357498,0.5202078599287931,0,0.8333333333333334,139,0.460431654676259,1.210726019154794,4.4425038280529705,0.03196045919462569,-2.3787445281393063,0.18705035971223022,128,0.4453125,-2.3787445281393063,0.6100164646593386,22,0.6666666666666666,389,0.4318766066838046,1.0572968354430499,3.2350974837091835,0.008316445973545458,-5.247392663845318,0.35732647814910024,348,0.42528735632183906,-5.2180116497866855,1.2134366859667818,19,0.5882352941176471
SPXW,"d65ret,d80,d80_front",-999999.0,1,score_desc,d65win,22,3,15,False,False,False,False,False,-13.091473327497198,20.63308469768799,-13.091473327497198,114,0.47368421052631576,1.4230520330767789,6.655639758741096,0.05838280490123768,-2.4732483842357498,0.21929824561403508,102,0.49019607843137253,-2.4732483842357498,0.5202078599287931,0,0.8333333333333334,139,0.460431654676259,1.210726019154794,4.4425038280529705,0.03196045919462569,-2.3787445281393063,0.18705035971223022,128,0.4453125,-2.3787445281393063,0.6100164646593386,22,0.6666666666666666,391,0.4296675191815857,1.0539530512447042,3.055055530597504,0.007813441254725073,-5.247392663845318,0.3554987212276215,350,0.4228571428571429,-5.218011649786686,1.284947500984961,21,0.5882352941176471
SPXW,"d65ret,d80,d80_front",-999999.0,1,score_desc,d65win,22,4,15,False,False,False,False,False,-13.091473327497198,20.63308469768799,-13.091473327497198,114,0.47368421052631576,1.4230520330767789,6.655639758741096,0.05838280490123768,-2.4732483842357498,0.21929824561403508,102,0.49019607843137253,-2.4732483842357498,0.5202078599287931,0,0.8333333333333334,139,0.460431654676259,1.210726019154794,4.4425038280529705,0.03196045919462569,-2.3787445281393063,0.18705035971223022,128,0.4453125,-2.3787445281393063,0.6100164646593386,22,0.6666666666666666,391,0.4296675191815857,1.0539530512447042,3.055055530597504,0.007813441254725073,-5.247392663845318,0.3554987212276215,350,0.4228571428571429,-5.218011649786686,1.284947500984961,21,0.5882352941176471
SPXW,"d50ret,d65ret,d80_front",0.0,1,score_desc,d65win,22,3,15,False,False,False,False,False,-13.099228880112793,-8.07587816023313,-13.099228880112793,114,0.4649122807017544,1.4686469041475863,7.249207503708036,0.06358953950621085,-2.4732483842357516,0.20175438596491227,103,0.47572815533980584,-2.4732483842357516,0.4776130512998404,0,0.6666666666666666,139,0.4172661870503597,0.9845963099131221,-0.3308041264893764,-0.0023798858020818445,-3.7102202106810798,0.2589928057553957,128,0.40625,-3.71022021068108,-9.000470195992989,22,0.5,387,0.4263565891472868,1.0483332595026718,2.555850775004907,0.006604265568488131,-2.6530419518073387,0.37467700258397935,343,0.40816326530612246,-2.6530419518073387,1.7229580409655518,19,0.5294117647058824
SPXW,"d50ret,d65ret,d80_front",0.0,1,score_desc,d65win,22,4,15,False,False,False,False,False,-13.099228880112793,-8.07587816023313,-13.099228880112793,114,0.4649122807017544,1.4686469041475863,7.249207503708036,0.06358953950621085,-2.4732483842357516,0.20175438596491227,103,0.47572815533980584,-2.4732483842357516,0.4776130512998404,0,0.6666666666666666,139,0.4172661870503597,0.9845963099131221,-0.3308041264893764,-0.0023798858020818445,-3.7102202106810798,0.2589928057553957,128,0.40625,-3.71022021068108,-9.000470195992989,22,0.5,387,0.4263565891472868,1.0483332595026718,2.555850775004907,0.006604265568488131,-2.6530419518073387,0.37467700258397935,343,0.40816326530612246,-2.6530419518073387,1.7229580409655518,19,0.5294117647058824
SPXW,"d50ret,d65ret,d80_front",-999999.0,1,score_desc,d65win,22,3,15,False,False,False,False,False,-13.099228880112793,-8.07587816023313,-13.099228880112793,114,0.4649122807017544,1.4686469041475863,7.249207503708036,0.06358953950621085,-2.4732483842357516,0.20175438596491227,103,0.47572815533980584,-2.4732483842357516,0.4776130512998404,0,0.6666666666666666,139,0.4172661870503597,0.9845963099131221,-0.3308041264893764,-0.0023798858020818445,-3.7102202106810798,0.2589928057553957,128,0.40625,-3.71022021068108,-9.000470195992989,22,0.5,390,0.4230769230769231,1.0266072340922758,1.4256204818971328,0.003655437133069571,-2.5437982347982606,0.36923076923076925,350,0.4085714285714286,-2.5437982347982615,2.811684820054227,21,0.4117647058823529
SPXW,"d50ret,d65ret,d80_front",-999999.0,1,score_desc,d65win,22,4,15,False,False,False,False,False,-13.099228880112793,-8.07587816023313,-13.099228880112793,114,0.4649122807017544,1.4686469041475863,7.249207503708036,0.06358953950621085,-2.4732483842357516,0.20175438596491227,103,0.47572815533980584,-2.4732483842357516,0.4776130512998404,0,0.6666666666666666,139,0.4172661870503597,0.9845963099131221,-0.3308041264893764,-0.0023798858020818445,-3.7102202106810798,0.2589928057553957,128,0.40625,-3.71022021068108,-9.000470195992989,22,0.5,390,0.4230769230769231,1.0266072340922758,1.4256204818971328,0.003655437133069571,-2.5437982347982606,0.36923076923076925,350,0.4085714285714286,-2.5437982347982615,2.811684820054227,21,0.4117647058823529
SPXW,"d65ret,d80_front,d80_zero",0.0,1,score_desc,d65win,21,2,30,False,False,False,False,False,-13.102244688506058,-8.2208758529413,-13.102244688506058,110,0.4727272727272727,1.4683800542257281,7.086907721773911,0.06442643383430828,-2.491469142497367,0.19090909090909092,102,0.47058823529411764,-2.491469142497367,0.48855103682442874,0,0.6666666666666666,137,0.41605839416058393,0.9781986825908213,-0.471230936180841,-0.003439641869933146,-2.7403914631745643,0.22627737226277372,128,0.4140625,-2.7403914631745643,-5.8652072809092415,21,0.6666666666666666,378,0.4365079365079365,1.0239708551197177,1.2110579118781413,0.0032038569097305324,-4.993316677342035,0.3915343915343915,342,0.4269005847953216,-4.970661028056456,3.3160386531107227,20,0.47058823529411764
SPXW,"d65ret,d80_front,d80_zero",-999999.0,1,score_desc,d65win,21,2,30,False,False,False,False,False,-13.102244688506058,-8.2208758529413,-13.102244688506058,110,0.4727272727272727,1.4683800542257281,7.086907721773911,0.06442643383430828,-2.491469142497367,0.19090909090909092,102,0.47058823529411764,-2.491469142497367,0.48855103682442874,0,0.6666666666666666,137,0.41605839416058393,0.9781986825908213,-0.471230936180841,-0.003439641869933146,-2.7403914631745643,0.22627737226277372,128,0.4140625,-2.7403914631745643,-5.8652072809092415,21,0.6666666666666666,382,0.4293193717277487,0.9912163301000251,-0.4553168391876574,-0.001191928898397009,-6.659691428407837,0.3900523560209424,349,0.4183381088825215,-6.49381464915738,-7.82512727477904,21,0.47058823529411764
SPXW,"d65ret,d80",-999999.0,1,score_desc,d65win,21,3,30,False,False,False,False,False,-13.10637498494015,19.827666453908314,-13.10637498494015,111,0.4774774774774775,1.4128126591086558,6.649312404646717,0.05990371535717763,-2.3999999999999986,0.23423423423423423,102,0.49019607843137253,-2.3999999999999986,0.44550713443416323,0,0.8333333333333334,137,0.46715328467153283,1.1852906250527453,3.8911836160910123,0.028402800117452644,-2.3704762549331027,0.18248175182481752,128,0.4453125,-2.3704762549331027,0.7985126604201783,21,0.6666666666666666,378,0.4074074074074074,0.9963599655652575,-0.20964036095441596,-0.000554604129509037,-4.978523475201529,0.38095238095238093,347,0.40634005763688763,-4.978523475201529,-15.43922169534327,19,0.47058823529411764
SPXW,"d65ret,d80",-999999.0,1,score_desc,d65win,21,4,30,False,False,False,False,False,-13.10637498494015,19.827666453908314,-13.10637498494015,111,0.4774774774774775,1.4128126591086558,6.649312404646717,0.05990371535717763,-2.3999999999999986,0.23423423423423423,102,0.49019607843137253,-2.3999999999999986,0.44550713443416323,0,0.8333333333333334,137,0.46715328467153283,1.1852906250527453,3.8911836160910123,0.028402800117452644,-2.3704762549331027,0.18248175182481752,128,0.4453125,-2.3704762549331027,0.7985126604201783,21,0.6666666666666666,378,0.4074074074074074,0.9963599655652575,-0.20964036095441596,-0.000554604129509037,-4.978523475201529,0.38095238095238093,347,0.40634005763688763,-4.978523475201529,-15.43922169534327,19,0.47058823529411764
SPXW,"d65ret,d80",0.0,1,score_desc,d65win,21,3,30,False,False,False,False,False,-13.10637498494015,19.827666453908314,-13.10637498494015,111,0.4774774774774775,1.4128126591086558,6.649312404646717,0.05990371535717763,-2.3999999999999986,0.23423423423423423,102,0.49019607843137253,-2.3999999999999986,0.44550713443416323,0,0.8333333333333334,137,0.46715328467153283,1.1852906250527453,3.8911836160910123,0.028402800117452644,-2.3704762549331027,0.18248175182481752,128,0.4453125,-2.3704762549331027,0.7985126604201783,21,0.6666666666666666,377,0.40318302387267907,0.9877944683184502,-0.7046495858169965,-0.001869097044607418,-4.97852347520153,0.376657824933687,343,0.40524781341107874,-4.978523475201529,-4.593324219887653,19,0.47058823529411764
SPXW,"d65ret,d80",0.0,1,score_desc,d65win,21,4,30,False,False,False,False,False,-13.10637498494015,19.827666453908314,-13.10637498494015,111,0.4774774774774775,1.4128126591086558,6.649312404646717,0.05990371535717763,-2.3999999999999986,0.23423423423423423,102,0.49019607843137253,-2.3999999999999986,0.44550713443416323,0,0.8333333333333334,137,0.46715328467153283,1.1852906250527453,3.8911836160910123,0.028402800117452644,-2.3704762549331027,0.18248175182481752,128,0.4453125,-2.3704762549331027,0.7985126604201783,21,0.6666666666666666,377,0.40318302387267907,0.9877944683184502,-0.7046495858169965,-0.001869097044607418,-4.97852347520153,0.376657824933687,343,0.40524781341107874,-4.978523475201529,-4.593324219887653,19,0.47058823529411764
SPXW,"d65ret,d80,d80_front",0.0,1,score_desc,d65win,21,2,30,False,False,False,False,False,-13.125442662556754,19.961459152860392,-13.125442662556754,111,0.4774774774774775,1.4159231051095675,6.429556176527197,0.057923929518263036,-2.3999999999999986,0.22522522522522523,102,0.49019607843137253,-2.3999999999999986,0.4607341524079712,0,0.8333333333333334,137,0.45985401459854014,1.1939773558906965,4.087806408487091,0.029838002981657598,-2.3704762549331027,0.18248175182481752,128,0.4453125,-2.3704762549331027,0.7601043373818215,21,0.6666666666666666,379,0.43271767810026385,1.065188535264602,3.594961550398784,0.009485386676513942,-5.153757163533318,0.3562005277044855,348,0.4281609195402299,-5.153757163533319,0.9528852871963405,19,0.6470588235294118
SPXW,"d65ret,d80,d80_front",-999999.0,1,score_desc,d65win,21,2,30,False,False,False,False,False,-13.125442662556754,19.961459152860392,-13.125442662556754,111,0.4774774774774775,1.4159231051095675,6.429556176527197,0.057923929518263036,-2.3999999999999986,0.22522522522522523,102,0.49019607843137253,-2.3999999999999986,0.4607341524079712,0,0.8333333333333334,137,0.45985401459854014,1.1939773558906965,4.087806408487091,0.029838002981657598,-2.3704762549331027,0.18248175182481752,128,0.4453125,-2.3704762549331027,0.7601043373818215,21,0.6666666666666666,381,0.4304461942257218,1.0617421031978838,3.414919597287104,0.008963043562433343,-5.153757163533319,0.3543307086614173,350,0.4257142857142857,-5.153757163533321,1.003123462154985,21,0.6470588235294118
SPXW,"d65ret,d80_front,d80_zero",0.0,1,score_desc,d65win,21,3,30,False,False,False,False,False,-13.160711030301787,-8.2208758529413,-13.160711030301787,110,0.4727272727272727,1.4625735133558746,7.026837647589407,0.0638803422508128,-2.491469142497367,0.19090909090909092,102,0.47058823529411764,-2.491469142497367,0.4927274954957099,0,0.6666666666666666,137,0.41605839416058393,0.9781986825908213,-0.471230936180841,-0.003439641869933146,-2.7403914631745643,0.22627737226277372,128,0.4140625,-2.7403914631745643,-5.8652072809092415,21,0.6666666666666666,378,0.4365079365079365,1.0268740492810025,1.3547782923868534,0.0035840695565789774,-5.284745535098708,0.3915343915343915,342,0.4269005847953216,-5.2847455350987085,2.958290344713348,20,0.47058823529411764
SPXW,"d65ret,d80_front,d80_zero",0.0,1,score_desc,d65win,21,4,30,False,False,False,False,False,-13.160711030301787,-8.2208758529413,-13.160711030301787,110,0.4727272727272727,1.4625735133558746,7.026837647589407,0.0638803422508128,-2.491469142497367,0.19090909090909092,102,0.47058823529411764,-2.491469142497367,0.4927274954957099,0,0.6666666666666666,137,0.41605839416058393,0.9781986825908213,-0.471230936180841,-0.003439641869933146,-2.7403914631745643,0.22627737226277372,128,0.4140625,-2.7403914631745643,-5.8652072809092415,21,0.6666666666666666,378,0.4365079365079365,1.0268740492810025,1.3547782923868534,0.0035840695565789774,-5.284745535098708,0.3915343915343915,342,0.4269005847953216,-5.2847455350987085,2.958290344713348,20,0.47058823529411764
SPXW,"d65ret,d80_front,d80_zero",-999999.0,1,score_desc,d65win,21,3,30,False,False,False,False,False,-13.160711030301787,-8.2208758529413,-13.160711030301787,110,0.4727272727272727,1.4625735133558746,7.026837647589407,0.0638803422508128,-2.491469142497367,0.19090909090909092,102,0.47058823529411764,-2.491469142497367,0.4927274954957099,0,0.6666666666666666,137,0.41605839416058393,0.9781986825908213,-0.471230936180841,-0.003439641869933146,-2.7403914631745643,0.22627737226277372,128,0.4140625,-2.7403914631745643,-5.8652072809092415,21,0.6666666666666666,382,0.4293193717277487,0.9939761097988514,-0.31159645867894614,-0.0008156975358087596,-6.515971047899124,0.3900523560209424,349,0.4183381088825215,-6.397938730896467,-11.408425264896955,21,0.47058823529411764
SPXW,"d65ret,d80_front,d80_zero",-999999.0,1,score_desc,d65win,21,4,30,False,False,False,False,False,-13.160711030301787,-8.2208758529413,-13.160711030301787,110,0.4727272727272727,1.4625735133558746,7.026837647589407,0.0638803422508128,-2.491469142497367,0.19090909090909092,102,0.47058823529411764,-2.491469142497367,0.4927274954957099,0,0.6666666666666666,137,0.41605839416058393,0.9781986825908213,-0.471230936180841,-0.003439641869933146,-2.7403914631745643,0.22627737226277372,128,0.4140625,-2.7403914631745643,-5.8652072809092415,21,0.6666666666666666,382,0.4293193717277487,0.9939761097988514,-0.31159645867894614,-0.0008156975358087596,-6.515971047899124,0.3900523560209424,349,0.4183381088825215,-6.397938730896467,-11.408425264896955,21,0.47058823529411764
SPXW,"d50ret,d65ret,d80_zero",-999999.0,1,score_desc,d65win,22,3,30,False,False,False,False,False,-13.16491396581626,12.97060228007118,-13.16491396581626,115,0.4608695652173913,1.4429620075240446,7.167094797493145,0.06232256345646213,-2.4732483842357507,0.19130434782608696,103,0.46601941747572817,-2.4732483842357507,0.524477898394927,0,0.8333333333333334,139,0.41007194244604317,1.016590973642669,0.3832351865211614,0.002757087672814111,-3.502324509578672,0.2446043165467626,128,0.3984375,-3.5023245095786715,8.061196135262183,22,0.5,389,0.4138817480719794,1.0399705005185558,2.315966089982062,0.005953640334144119,-4.331619583803894,0.4138817480719794,349,0.3982808022922636,-4.331619583803893,1.4469674771923275,21,0.4117647058823529
SPXW,"d50ret,d65ret,d80_zero",-999999.0,1,score_desc,d65win,22,4,30,False,False,False,False,False,-13.16491396581626,12.97060228007118,-13.16491396581626,115,0.4608695652173913,1.4429620075240446,7.167094797493145,0.06232256345646213,-2.4732483842357507,0.19130434782608696,103,0.46601941747572817,-2.4732483842357507,0.524477898394927,0,0.8333333333333334,139,0.41007194244604317,1.016590973642669,0.3832351865211614,0.002757087672814111,-3.502324509578672,0.2446043165467626,128,0.3984375,-3.5023245095786715,8.061196135262183,22,0.5,389,0.4138817480719794,1.0399705005185558,2.315966089982062,0.005953640334144119,-4.331619583803894,0.4138817480719794,349,0.3982808022922636,-4.331619583803893,1.4469674771923275,21,0.4117647058823529
SPXW,"d50ret,d65ret,d80_zero",0.0,1,score_desc,d65win,22,3,30,False,False,False,False,False,-13.16491396581626,12.97060228007118,-13.16491396581626,115,0.4608695652173913,1.4429620075240446,7.167094797493145,0.06232256345646213,-2.4732483842357507,0.19130434782608696,103,0.46601941747572817,-2.4732483842357507,0.524477898394927,0,0.8333333333333334,139,0.41007194244604317,1.016590973642669,0.3832351865211614,0.002757087672814111,-3.502324509578672,0.2446043165467626,128,0.3984375,-3.5023245095786715,8.061196135262183,22,0.5,383,0.3968668407310705,1.0129574330276947,0.7427223781216926,0.0019392229193777874,-4.331619583803894,0.38642297650130547,336,0.38095238095238093,-4.331619583803893,5.242247859748851,20,0.4117647058823529
SPXW,"d50ret,d65ret,d80_zero",0.0,1,score_desc,d65win,22,4,30,False,False,False,False,False,-13.16491396581626,12.97060228007118,-13.16491396581626,115,0.4608695652173913,1.4429620075240446,7.167094797493145,0.06232256345646213,-2.4732483842357507,0.19130434782608696,103,0.46601941747572817,-2.4732483842357507,0.524477898394927,0,0.8333333333333334,139,0.41007194244604317,1.016590973642669,0.3832351865211614,0.002757087672814111,-3.502324509578672,0.2446043165467626,128,0.3984375,-3.5023245095786715,8.061196135262183,22,0.5,383,0.3968668407310705,1.0129574330276947,0.7427223781216926,0.0019392229193777874,-4.331619583803894,0.38642297650130547,336,0.38095238095238093,-4.331619583803893,5.242247859748851,20,0.4117647058823529
SPXW,"d65ret,d80,d80_front",0.0,1,score_desc,d65win,22,2,30,False,False,False,False,False,-13.182768024603458,20.87743921743298,-13.182768024603458,114,0.47368421052631576,1.4141234950997377,6.556307792291448,0.05751147186220568,-2.4732483842357498,0.21929824561403508,102,0.49019607843137253,-2.4732483842357498,0.5280893187202862,0,0.8333333333333334,139,0.460431654676259,1.2078505845205003,4.371416262569391,0.03144903786021145,-2.2271174054228906,0.18705035971223022,128,0.453125,-2.2271174054228906,0.7107900952086283,22,0.8333333333333334,389,0.42930591259640105,1.049364643022868,2.7946415051862195,0.0071841683937949085,-5.408107691952081,0.35989717223650386,348,0.4281609195402299,-5.408107691952082,1.2257693743739357,19,0.5882352941176471
SPXW,"d65ret,d80,d80_front",-999999.0,1,score_desc,d65win,22,2,30,False,False,False,False,False,-13.182768024603458,20.87743921743298,-13.182768024603458,114,0.47368421052631576,1.4141234950997377,6.556307792291448,0.05751147186220568,-2.4732483842357498,0.21929824561403508,102,0.49019607843137253,-2.4732483842357498,0.5280893187202862,0,0.8333333333333334,139,0.460431654676259,1.2078505845205003,4.371416262569391,0.03144903786021145,-2.2271174054228906,0.18705035971223022,128,0.453125,-2.2271174054228906,0.7107900952086283,22,0.8333333333333334,391,0.42710997442455245,1.0460523733722267,2.6145995520745395,0.006686955376149718,-5.408107691952081,0.35805626598465473,350,0.4257142857142857,-5.408107691952082,1.3101761478898497,21,0.5882352941176471
SPXW,"d65ret,d80,d80_front",0.0,1,score_desc,d65win,22,3,30,False,False,False,False,False,-13.237544365054607,20.546753762436193,-13.237544365054607,114,0.47368421052631576,1.4087782043979569,6.4962377181069435,0.056984541386903016,-2.4732483842357498,0.21929824561403508,102,0.49019607843137253,-2.4732483842357498,0.5329725089494788,0,0.8333333333333334,139,0.460431654676259,1.210726019154794,4.442503828052971,0.031960459194625694,-2.3787445281393063,0.17985611510791366,128,0.4453125,-2.3787445281393063,0.7202395374666173,22,0.6666666666666666,389,0.42930591259640105,1.049364643022868,2.7946415051862195,0.0071841683937949085,-5.408107691952081,0.35989717223650386,348,0.4281609195402299,-5.408107691952082,1.2257693743739357,19,0.5882352941176471
SPXW,"d65ret,d80,d80_front",0.0,1,score_desc,d65win,22,4,30,False,False,False,False,False,-13.237544365054607,20.546753762436193,-13.237544365054607,114,0.47368421052631576,1.4087782043979569,6.4962377181069435,0.056984541386903016,-2.4732483842357498,0.21929824561403508,102,0.49019607843137253,-2.4732483842357498,0.5329725089494788,0,0.8333333333333334,139,0.460431654676259,1.210726019154794,4.442503828052971,0.031960459194625694,-2.3787445281393063,0.17985611510791366,128,0.4453125,-2.3787445281393063,0.7202395374666173,22,0.6666666666666666,389,0.42930591259640105,1.049364643022868,2.7946415051862195,0.0071841683937949085,-5.408107691952081,0.35989717223650386,348,0.4281609195402299,-5.408107691952082,1.2257693743739357,19,0.5882352941176471
SPXW,"d65ret,d80,d80_front",-999999.0,1,score_desc,d65win,22,3,30,False,False,False,False,False,-13.237544365054607,20.546753762436193,-13.237544365054607,114,0.47368421052631576,1.4087782043979569,6.4962377181069435,0.056984541386903016,-2.4732483842357498,0.21929824561403508,102,0.49019607843137253,-2.4732483842357498,0.5329725089494788,0,0.8333333333333334,139,0.460431654676259,1.210726019154794,4.442503828052971,0.031960459194625694,-2.3787445281393063,0.17985611510791366,128,0.4453125,-2.3787445281393063,0.7202395374666173,22,0.6666666666666666,391,0.42710997442455245,1.0460523733722267,2.6145995520745395,0.006686955376149718,-5.408107691952081,0.35805626598465473,350,0.4257142857142857,-5.408107691952082,1.3101761478898497,21,0.5882352941176471
SPXW,"d65ret,d80,d80_front",-999999.0,1,score_desc,d65win,22,4,30,False,False,False,False,False,-13.237544365054607,20.546753762436193,-13.237544365054607,114,0.47368421052631576,1.4087782043979569,6.4962377181069435,0.056984541386903016,-2.4732483842357498,0.21929824561403508,102,0.49019607843137253,-2.4732483842357498,0.5329725089494788,0,0.8333333333333334,139,0.460431654676259,1.210726019154794,4.442503828052971,0.031960459194625694,-2.3787445281393063,0.17985611510791366,128,0.4453125,-2.3787445281393063,0.7202395374666173,22,0.6666666666666666,391,0.42710997442455245,1.0460523733722267,2.6145995520745395,0.006686955376149718,-5.408107691952081,0.35805626598465473,350,0.4257142857142857,-5.408107691952082,1.3101761478898497,21,0.5882352941176471
SPXW,"d50ret,d65ret,d80_front",0.0,1,score_desc,d65win,22,3,30,False,False,False,False,False,-13.250949885712373,-8.090409050138467,-13.250949885712373,114,0.4649122807017544,1.4536668294634925,7.089805463073884,0.062191275991876176,-2.4732483842357507,0.20175438596491227,103,0.47572815533980584,-2.4732483842357507,0.4883513565195284,0,0.6666666666666666,139,0.4172661870503597,0.9843156324197685,-0.3368318557211638,-0.0024232507605839123,-3.7102202106810798,0.2589928057553957,128,0.40625,-3.71022021068108,-8.904436716753613,22,0.5,387,0.4263565891472868,1.0453594540254059,2.3963285299769703,0.006192063384953411,-2.6530419518073387,0.3695090439276486,343,0.40816326530612246,-2.6530419518073387,1.8296438077276116,19,0.5294117647058824
SPXW,"d50ret,d65ret,d80_front",0.0,1,score_desc,d65win,22,4,30,False,False,False,False,False,-13.250949885712373,-8.090409050138467,-13.250949885712373,114,0.4649122807017544,1.4536668294634925,7.089805463073884,0.062191275991876176,-2.4732483842357507,0.20175438596491227,103,0.47572815533980584,-2.4732483842357507,0.4883513565195284,0,0.6666666666666666,139,0.4172661870503597,0.9843156324197685,-0.3368318557211638,-0.0024232507605839123,-3.7102202106810798,0.2589928057553957,128,0.40625,-3.71022021068108,-8.904436716753613,22,0.5,387,0.4263565891472868,1.0453594540254059,2.3963285299769703,0.006192063384953411,-2.6530419518073387,0.3695090439276486,343,0.40816326530612246,-2.6530419518073387,1.8296438077276116,19,0.5294117647058824
SPXW,"d50ret,d65ret,d80_front",-999999.0,1,score_desc,d65win,22,3,30,False,False,False,False,False,-13.250949885712373,-8.090409050138467,-13.250949885712373,114,0.4649122807017544,1.4536668294634925,7.089805463073884,0.062191275991876176,-2.4732483842357507,0.20175438596491227,103,0.47572815533980584,-2.4732483842357507,0.4883513565195284,0,0.6666666666666666,139,0.4172661870503597,0.9843156324197685,-0.3368318557211638,-0.0024232507605839123,-3.7102202106810798,0.2589928057553957,128,0.40625,-3.71022021068108,-8.904436716753613,22,0.5,390,0.4230769230769231,1.0232972002339331,1.2475357638898692,0.0031988096509996647,-2.5445562492534686,0.3641025641025641,350,0.4085714285714286,-2.544556249253468,3.0897919128535656,21,0.4117647058823529
SPXW,"d50ret,d65ret,d80_front",-999999.0,1,score_desc,d65win,22,4,30,False,False,False,False,False,-13.250949885712373,-8.090409050138467,-13.250949885712373,114,0.4649122807017544,1.4536668294634925,7.089805463073884,0.062191275991876176,-2.4732483842357507,0.20175438596491227,103,0.47572815533980584,-2.4732483842357507,0.4883513565195284,0,0.6666666666666666,139,0.4172661870503597,0.9843156324197685,-0.3368318557211638,-0.0024232507605839123,-3.7102202106810798,0.2589928057553957,128,0.40625,-3.71022021068108,-8.904436716753613,22,0.5,390,0.4230769230769231,1.0232972002339331,1.2475357638898692,0.0031988096509996647,-2.5445562492534686,0.3641025641025641,350,0.4085714285714286,-2.544556249253468,3.0897919128535656,21,0.4117647058823529
SPXW,"d50ret,d65ret,d80",-999999.0,1,score_desc,d50ret,22,2,30,False,False,False,False,False,-13.27879255096483,16.51884646257544,-13.27879255096483,105,0.4666666666666667,1.4490013852006327,6.979315170483867,0.06646966829032254,-2.3999999999999986,0.21904761904761905,102,0.4803921568627451,-2.3999999999999986,0.3582013333589975,0,0.6666666666666666,139,0.4244604316546763,1.1266304341511237,2.896064842056054,0.02083499886371262,-3.8946980002129394,0.2014388489208633,128,0.421875,-3.89469800021294,1.1156025033332657,22,0.3333333333333333,383,0.4177545691906005,1.0740131150201044,4.351291506914206,0.011361074430585396,-4.467385763880396,0.3733681462140992,349,0.4154727793696275,-4.4673857638803955,0.6630595305286607,19,0.5882352941176471
SPXW,"d50ret,d65ret,d80",-999999.0,1,score_desc,d50ret,22,3,30,False,False,False,False,False,-13.27879255096483,17.492056865222708,-13.27879255096483,105,0.4666666666666667,1.4490013852006327,6.979315170483867,0.06646966829032254,-2.3999999999999986,0.21904761904761905,102,0.47058823529411764,-2.3999999999999986,0.3582013333589975,0,0.6666666666666666,139,0.4316546762589928,1.1502856226278924,3.3919783245354975,0.024402721759248184,-3.89469800021294,0.2014388489208633,128,0.421875,-3.8946980002129403,1.0102572428914043,22,0.3333333333333333,383,0.4177545691906005,1.0687732123196303,4.063056212796559,0.01060850186108762,-4.467385763880397,0.370757180156658,349,0.41260744985673353,-4.467385763880398,0.71009731410584,19,0.5882352941176471
SPXW,"d50ret,d65ret,d80",-999999.0,1,score_desc,d50ret,22,4,30,False,False,False,False,False,-13.27879255096483,17.492056865222708,-13.27879255096483,105,0.4666666666666667,1.4490013852006327,6.979315170483867,0.06646966829032254,-2.3999999999999986,0.21904761904761905,102,0.47058823529411764,-2.3999999999999986,0.3582013333589975,0,0.6666666666666666,139,0.4316546762589928,1.1502856226278924,3.3919783245354975,0.024402721759248184,-3.89469800021294,0.2014388489208633,128,0.421875,-3.8946980002129403,1.0102572428914043,22,0.3333333333333333,383,0.4177545691906005,1.0687732123196303,4.063056212796559,0.01060850186108762,-4.467385763880397,0.370757180156658,349,0.41260744985673353,-4.467385763880398,0.71009731410584,19,0.5882352941176471
SPXW,"d50ret,d65ret,d80",0.0,1,score_desc,d50ret,22,2,30,False,False,False,False,False,-13.27879255096483,16.51884646257544,-13.27879255096483,105,0.4666666666666667,1.4490013852006327,6.979315170483867,0.06646966829032254,-2.3999999999999986,0.21904761904761905,102,0.4803921568627451,-2.3999999999999986,0.3582013333589975,0,0.6666666666666666,139,0.4244604316546763,1.1266304341511237,2.896064842056054,0.02083499886371262,-3.8946980002129394,0.2014388489208633,128,0.421875,-3.89469800021294,1.1156025033332657,22,0.3333333333333333,379,0.40633245382585753,1.038912617673535,2.3067162586402965,0.0060863225821643704,-5.587483417437201,0.3720316622691293,343,0.40524781341107874,-5.587483417437201,1.4675256616794656,17,0.5882352941176471
SPXW,"d50ret,d65ret,d80",0.0,1,score_desc,d50ret,22,3,30,False,False,False,False,False,-13.27879255096483,17.492056865222708,-13.27879255096483,105,0.4666666666666667,1.4490013852006327,6.979315170483867,0.06646966829032254,-2.3999999999999986,0.21904761904761905,102,0.47058823529411764,-2.3999999999999986,0.3582013333589975,0,0.6666666666666666,139,0.4316546762589928,1.1502856226278924,3.3919783245354975,0.024402721759248184,-3.89469800021294,0.2014388489208633,128,0.421875,-3.8946980002129403,1.0102572428914043,22,0.3333333333333333,379,0.40633245382585753,1.0338855366055797,2.018480964522649,0.005325807294255011,-5.587483417437203,0.36939313984168864,343,0.40233236151603496,-5.587483417437203,1.6770855724014424,17,0.5882352941176471
SPXW,"d50ret,d65ret,d80",0.0,1,score_desc,d50ret,22,4,30,False,False,False,False,False,-13.27879255096483,17.492056865222708,-13.27879255096483,105,0.4666666666666667,1.4490013852006327,6.979315170483867,0.06646966829032254,-2.3999999999999986,0.21904761904761905,102,0.47058823529411764,-2.3999999999999986,0.3582013333589975,0,0.6666666666666666,139,0.4316546762589928,1.1502856226278924,3.3919783245354975,0.024402721759248184,-3.89469800021294,0.2014388489208633,128,0.421875,-3.8946980002129403,1.0102572428914043,22,0.3333333333333333,379,0.40633245382585753,1.0338855366055797,2.018480964522649,0.005325807294255011,-5.587483417437203,0.36939313984168864,343,0.40233236151603496,-5.587483417437203,1.6770855724014424,17,0.5882352941176471
SPXW,"d65ret,d80_zero",-999999.0,1,score_desc,d65win,21,2,15,False,False,False,False,False,-13.31402264126292,-9.253809489577385,-13.31402264126292,110,0.4636363636363636,1.4605321201950052,7.1601171374003325,0.06509197397636667,-2.4897598032876815,0.19090909090909092,102,0.46078431372549017,-2.489759803287681,0.48355579230213247,0,0.6666666666666666,134,0.40298507462686567,0.9738743825928902,-0.5683384362997453,-0.004241331614177204,-3.077952612117665,0.2462686567164179,123,0.3983739837398374,-2.8188090214844794,-5.742823130400004,21,0.5,379,0.41160949868073876,0.9920361071017819,-0.4470057662471725,-0.0011794347394384497,-3.9671992632370454,0.44591029023746703,345,0.4057971014492754,-3.9671992632370454,-7.457420948892528,21,0.47058823529411764
SPXW,"d65ret,d80_zero",-999999.0,1,score_desc,d65win,21,2,0,False,False,False,False,False,-13.31402264126292,-9.253809489577385,-13.31402264126292,110,0.4636363636363636,1.4605321201950052,7.1601171374003325,0.06509197397636667,-2.4897598032876815,0.19090909090909092,102,0.46078431372549017,-2.489759803287681,0.48355579230213247,0,0.6666666666666666,134,0.40298507462686567,0.9738743825928902,-0.5683384362997453,-0.004241331614177204,-3.077952612117665,0.2462686567164179,123,0.3983739837398374,-2.8188090214844794,-5.742823130400004,21,0.5,382,0.4083769633507853,0.9774803120906655,-1.2910953281726776,-0.0033798307020227163,-3.838863908752679,0.4424083769633508,343,0.4110787172011662,-3.834563890198633,-2.668125698285005,21,0.47058823529411764
SPXW,"d65ret,d80_zero",0.0,1,score_desc,d65win,21,2,15,False,False,False,False,False,-13.31402264126292,-9.253809489577385,-13.31402264126292,110,0.4636363636363636,1.4605321201950052,7.1601171374003325,0.06509197397636667,-2.4897598032876815,0.19090909090909092,102,0.46078431372549017,-2.489759803287681,0.48355579230213247,0,0.6666666666666666,134,0.40298507462686567,0.9738743825928902,-0.5683384362997453,-0.004241331614177204,-3.077952612117665,0.2462686567164179,123,0.3983739837398374,-2.8188090214844794,-5.742823130400004,21,0.5,370,0.4027027027027027,0.9642222180971017,-1.9500387734003106,-0.005270375063244083,-5.303904594508554,0.42162162162162165,325,0.39384615384615385,-5.299604575954508,-2.102836603010302,20,0.4117647058823529
SPXW,"d65ret,d80_zero",0.0,1,score_desc,d65win,21,2,0,False,False,False,False,False,-13.31402264126292,-9.253809489577385,-13.31402264126292,110,0.4636363636363636,1.4605321201950052,7.1601171374003325,0.06509197397636667,-2.4897598032876815,0.19090909090909092,102,0.46078431372549017,-2.489759803287681,0.48355579230213247,0,0.6666666666666666,134,0.40298507462686567,0.9738743825928902,-0.5683384362997453,-0.004241331614177204,-3.077952612117665,0.2462686567164179,123,0.3983739837398374,-2.8188090214844794,-5.742823130400004,21,0.5,371,0.39622641509433965,0.9359938777314161,-3.5655876610998396,-0.00961074841266803,-5.6417204340910185,0.41778975741239893,321,0.3956386292834891,-5.637420415536972,-1.093173867665021,20,0.4117647058823529
SPXW,"d65ret,d80",-999999.0,1,score_desc,d65win,22,2,30,False,False,False,False,False,-13.326561132843427,21.612976615467105,-13.326561132843427,115,0.46956521739130436,1.4033456471281038,6.639165552107962,0.05773187436615619,-2.4732483842357498,0.22608695652173913,102,0.49019607843137253,-2.4732483842357498,0.5214986865709946,0,0.8333333333333334,139,0.4748201438848921,1.224105938229619,4.6409432417776,0.03338808087609784,-2.2774802861251224,0.18705035971223022,128,0.453125,-2.0609676338186027,0.6695103171048743,22,0.8333333333333334,388,0.4072164948453608,1.0034848531822276,0.20456008963467642,0.0005272167258625681,-5.22645975590417,0.38402061855670105,347,0.4092219020172911,-5.226459755904171,16.52530054329606,19,0.47058823529411764
SPXW,"d65ret,d80",0.0,1,score_desc,d65win,22,2,30,False,False,False,False,False,-13.326561132843427,21.612976615467105,-13.326561132843427,115,0.46956521739130436,1.4033456471281038,6.639165552107962,0.05773187436615619,-2.4732483842357498,0.22608695652173913,102,0.49019607843137253,-2.4732483842357498,0.5214986865709946,0,0.8333333333333334,139,0.4748201438848921,1.224105938229619,4.6409432417776,0.03338808087609784,-2.2774802861251224,0.18705035971223022,128,0.453125,-2.0609676338186027,0.6695103171048743,22,0.8333333333333334,387,0.40310077519379844,0.9940794560274996,-0.34870258233915674,-0.0009010402644422655,-5.22645975590417,0.3798449612403101,344,0.4069767441860465,-5.226459755904171,-9.694269935428043,19,0.47058823529411764
SPXW,"d65ret,d80_front,d80_zero",-999999.0,1,score_desc,d80,22,2,0,False,False,False,False,False,-13.327625682625527,-12.579894273151874,-13.327625682625527,109,0.47706422018348627,1.4675788426755985,7.1633050358117245,0.06571839482396077,-2.3999999999999995,0.1926605504587156,102,0.49019607843137253,-2.3999999999999995,0.43918230911974465,0,0.5,137,0.40145985401459855,0.9188402134083459,-1.8241343608009002,-0.013314849348911681,-3.1822269027599264,0.22627737226277372,128,0.40625,-3.1822269027599264,-1.370513079366783,21,0.3333333333333333,388,0.41237113402061853,0.9677784565207328,-1.7700995251313483,-0.004562112178173578,-6.933735465957645,0.3917525773195876,351,0.41025641025641024,-6.9337354659576445,-2.686146059469497,20,0.4117647058823529
SPXW,"d65ret,d80_front,d80_zero",0.0,1,score_desc,d80,22,2,0,False,False,False,False,False,-13.327625682625527,-12.579894273151874,-13.327625682625527,109,0.47706422018348627,1.4675788426755985,7.1633050358117245,0.06571839482396077,-2.3999999999999995,0.1926605504587156,102,0.49019607843137253,-2.3999999999999995,0.43918230911974465,0,0.5,137,0.40145985401459855,0.9188402134083459,-1.8241343608009002,-0.013314849348911681,-3.1822269027599264,0.22627737226277372,128,0.40625,-3.1822269027599264,-1.370513079366783,21,0.3333333333333333,385,0.4155844155844156,0.9611705538728385,-2.1113464240144277,-0.0054840166857517605,-6.740278818251202,0.38441558441558443,344,0.4127906976744186,-6.740278818251202,-2.251997024372684,20,0.4117647058823529
SPXW,"d65ret,d80",-999999.0,1,score_desc,d50ret,22,2,15,False,False,False,False,False,-13.365586571141097,18.34790203427906,-13.365586571141097,105,0.4666666666666667,1.4411883100543303,6.857868075454634,0.06531302929004414,-2.3999999999999986,0.22857142857142856,102,0.4803921568627451,-2.3999999999999986,0.36454477871160645,0,0.6666666666666666,139,0.4460431654676259,1.1589809818895076,3.492845835111848,0.025128387302962935,-2.5774802861251223,0.17985611510791366,128,0.4453125,-2.5774802861251227,0.7841308925636649,22,0.5,384,0.4192708333333333,1.0441853627552302,2.5591409046578635,0.006664429439213186,-5.136802449129088,0.3854166666666667,346,0.42485549132947975,-5.136802449129089,1.1273960329877208,19,0.47058823529411764
SPXW,"d65ret,d80",-999999.0,1,score_desc,d50ret,22,2,30,False,False,False,False,False,-13.365586571141097,18.34790203427906,-13.365586571141097,105,0.4666666666666667,1.4411883100543303,6.857868075454634,0.06531302929004414,-2.3999999999999986,0.22857142857142856,102,0.4803921568627451,-2.3999999999999986,0.36454477871160645,0,0.6666666666666666,139,0.4460431654676259,1.1589809818895076,3.492845835111848,0.025128387302962935,-2.5774802861251223,0.17985611510791366,128,0.4453125,-2.5774802861251227,0.7841308925636649,22,0.5,383,0.42036553524804177,1.0435291784561922,2.508077074870632,0.006548504111933765,-4.793994680014992,0.38642297650130547,347,0.42363112391930835,-4.793994680014993,1.1503495377695683,19,0.47058823529411764
SPXW,"d65ret,d80",-999999.0,1,score_desc,d50ret,22,3,15,False,False,False,False,False,-13.365586571141097,19.30002677175981,-13.365586571141097,105,0.4666666666666667,1.4411883100543303,6.857868075454634,0.06531302929004414,-2.3999999999999986,0.22857142857142856,102,0.47058823529411764,-2.3999999999999986,0.36454477871160645,0,0.6666666666666666,139,0.45323741007194246,1.184066467140447,3.988759317591292,0.028696110198498503,-2.313939836243168,0.17985611510791366,128,0.4453125,-2.313939836243168,0.7357580568499186,22,0.5,384,0.4192708333333333,1.0390146186802076,2.2709056105402166,0.005913816694115147,-5.136802449129089,0.3828125,346,0.42196531791907516,-5.136802449129092,1.2704910720976827,19,0.47058823529411764
SPXW,"d65ret,d80",-999999.0,1,score_desc,d50ret,22,4,15,False,False,False,False,False,-13.365586571141097,19.30002677175981,-13.365586571141097,105,0.4666666666666667,1.4411883100543303,6.857868075454634,0.06531302929004414,-2.3999999999999986,0.22857142857142856,102,0.47058823529411764,-2.3999999999999986,0.36454477871160645,0,0.6666666666666666,139,0.45323741007194246,1.184066467140447,3.988759317591292,0.028696110198498503,-2.313939836243168,0.17985611510791366,128,0.4453125,-2.313939836243168,0.7357580568499186,22,0.5,384,0.4192708333333333,1.0390146186802076,2.2709056105402166,0.005913816694115147,-5.136802449129089,0.3828125,346,0.42196531791907516,-5.136802449129092,1.2704910720976827,19,0.47058823529411764
SPXW,"d65ret,d80",-999999.0,1,score_desc,d50ret,22,3,30,False,False,False,False,False,-13.365586571141097,19.30002677175981,-13.365586571141097,105,0.4666666666666667,1.4411883100543303,6.857868075454634,0.06531302929004414,-2.3999999999999986,0.22857142857142856,102,0.47058823529411764,-2.3999999999999986,0.36454477871160645,0,0.6666666666666666,139,0.45323741007194246,1.184066467140447,3.988759317591292,0.028696110198498503,-2.313939836243168,0.17985611510791366,128,0.4453125,-2.313939836243168,0.7357580568499186,22,0.5,383,0.42036553524804177,1.038334912202838,2.2198417807529847,0.005795931542435991,-4.793994680014993,0.3838120104438642,347,0.4207492795389049,-4.793994680014995,1.2997166414217214,19,0.47058823529411764
SPXW,"d65ret,d80",-999999.0,1,score_desc,d50ret,22,4,30,False,False,False,False,False,-13.365586571141097,19.30002677175981,-13.365586571141097,105,0.4666666666666667,1.4411883100543303,6.857868075454634,0.06531302929004414,-2.3999999999999986,0.22857142857142856,102,0.47058823529411764,-2.3999999999999986,0.36454477871160645,0,0.6666666666666666,139,0.45323741007194246,1.184066467140447,3.988759317591292,0.028696110198498503,-2.313939836243168,0.17985611510791366,128,0.4453125,-2.313939836243168,0.7357580568499186,22,0.5,383,0.42036553524804177,1.038334912202838,2.2198417807529847,0.005795931542435991,-4.793994680014993,0.3838120104438642,347,0.4207492795389049,-4.793994680014995,1.2997166414217214,19,0.47058823529411764
SPXW,"d65ret,d80",0.0,1,score_desc,d50ret,22,2,15,False,False,False,False,False,-13.365586571141097,18.34790203427906,-13.365586571141097,105,0.4666666666666667,1.4411883100543303,6.857868075454634,0.06531302929004414,-2.3999999999999986,0.22857142857142856,102,0.4803921568627451,-2.3999999999999986,0.36454477871160645,0,0.6666666666666666,139,0.4460431654676259,1.1589809818895076,3.492845835111848,0.025128387302962935,-2.5774802861251223,0.17985611510791366,128,0.4453125,-2.5774802861251227,0.7841308925636649,22,0.5,382,0.4162303664921466,1.033402259531656,1.9455489867008948,0.005093060174609672,-5.33680244912909,0.3900523560209424,341,0.4252199413489736,-5.336802449129092,1.7399537749538618,17,0.47058823529411764
SPXW,"d65ret,d80",0.0,1,score_desc,d50ret,22,3,15,False,False,False,False,False,-13.365586571141097,19.30002677175981,-13.365586571141097,105,0.4666666666666667,1.4411883100543303,6.857868075454634,0.06531302929004414,-2.3999999999999986,0.22857142857142856,102,0.47058823529411764,-2.3999999999999986,0.36454477871160645,0,0.6666666666666666,139,0.45323741007194246,1.184066467140447,3.988759317591292,0.028696110198498503,-2.313939836243168,0.17985611510791366,128,0.4453125,-2.313939836243168,0.7357580568499186,22,0.5,382,0.4162303664921466,1.028313564792176,1.657313692583248,0.0043385175198514345,-5.336802449129089,0.387434554973822,341,0.4222873900293255,-5.336802449129092,2.042561597672822,17,0.47058823529411764
SPXW,"d65ret,d80",0.0,1,score_desc,d50ret,22,4,15,False,False,False,False,False,-13.365586571141097,19.30002677175981,-13.365586571141097,105,0.4666666666666667,1.4411883100543303,6.857868075454634,0.06531302929004414,-2.3999999999999986,0.22857142857142856,102,0.47058823529411764,-2.3999999999999986,0.36454477871160645,0,0.6666666666666666,139,0.45323741007194246,1.184066467140447,3.988759317591292,0.028696110198498503,-2.313939836243168,0.17985611510791366,128,0.4453125,-2.313939836243168,0.7357580568499186,22,0.5,382,0.4162303664921466,1.028313564792176,1.657313692583248,0.0043385175198514345,-5.336802449129089,0.387434554973822,341,0.4222873900293255,-5.336802449129092,2.042561597672822,17,0.47058823529411764
SPXW,"d65ret,d80",0.0,1,score_desc,d50ret,22,2,30,False,False,False,False,False,-13.365586571141097,18.34790203427906,-13.365586571141097,105,0.4666666666666667,1.4411883100543303,6.857868075454634,0.06531302929004414,-2.3999999999999986,0.22857142857142856,102,0.4803921568627451,-2.3999999999999986,0.36454477871160645,0,0.6666666666666666,139,0.4460431654676259,1.1589809818895076,3.492845835111848,0.025128387302962935,-2.5774802861251223,0.17985611510791366,128,0.4453125,-2.5774802861251227,0.7841308925636649,22,0.5,379,0.41424802110817943,1.0154365220193184,0.8944851569136603,0.0023601191475294465,-5.006490170547452,0.38522427440633245,342,0.41812865497076024,-4.887866278916326,3.784484602794403,17,0.47058823529411764
SPXW,"d65ret,d80",-999999.0,1,score_desc,d50ret,22,2,0,False,False,False,False,False,-13.365586571141097,18.34790203427906,-13.365586571141097,105,0.4666666666666667,1.4411883100543303,6.857868075454634,0.06531302929004414,-2.3999999999999986,0.22857142857142856,102,0.4803921568627451,-2.3999999999999986,0.36454477871160645,0,0.6666666666666666,139,0.4460431654676259,1.1589809818895076,3.492845835111848,0.025128387302962935,-2.5774802861251223,0.17985611510791366,128,0.4453125,-2.5774802861251227,0.7841308925636649,22,0.5,387,0.4108527131782946,1.0106396307947247,0.6316375461367416,0.0016321383621104434,-5.925437315374097,0.38242894056847543,346,0.42196531791907516,-5.800838366614904,4.535582866084319,19,0.47058823529411764
SPXW,"d65ret,d80",0.0,1,score_desc,d50ret,22,3,30,False,False,False,False,False,-13.365586571141097,19.30002677175981,-13.365586571141097,105,0.4666666666666667,1.4411883100543303,6.857868075454634,0.06531302929004414,-2.3999999999999986,0.22857142857142856,102,0.47058823529411764,-2.3999999999999986,0.36454477871160645,0,0.6666666666666666,139,0.45323741007194246,1.184066467140447,3.988759317591292,0.028696110198498503,-2.313939836243168,0.17985611510791366,128,0.4453125,-2.313939836243168,0.7357580568499186,22,0.5,379,0.41424802110817943,1.0104105352274833,0.6062498627960133,0.001599603859620088,-5.006490170547453,0.38258575197889183,342,0.4152046783625731,-4.887866278916327,5.583779084345787,17,0.47058823529411764
SPXW,"d65ret,d80",0.0,1,score_desc,d50ret,22,4,30,False,False,False,False,False,-13.365586571141097,19.30002677175981,-13.365586571141097,105,0.4666666666666667,1.4411883100543303,6.857868075454634,0.06531302929004414,-2.3999999999999986,0.22857142857142856,102,0.47058823529411764,-2.3999999999999986,0.36454477871160645,0,0.6666666666666666,139,0.45323741007194246,1.184066467140447,3.988759317591292,0.028696110198498503,-2.313939836243168,0.17985611510791366,128,0.4453125,-2.313939836243168,0.7357580568499186,22,0.5,379,0.41424802110817943,1.0104105352274833,0.6062498627960133,0.001599603859620088,-5.006490170547453,0.38258575197889183,342,0.4152046783625731,-4.887866278916327,5.583779084345787,17,0.47058823529411764
SPXW,"d65ret,d80",-999999.0,1,score_desc,d50ret,22,3,0,False,False,False,False,False,-13.365586571141097,19.388652483183023,-13.365586571141097,105,0.4666666666666667,1.4411883100543303,6.857868075454634,0.06531302929004414,-2.3999999999999986,0.22857142857142856,102,0.47058823529411764,-2.3999999999999986,0.36454477871160645,0,0.6666666666666666,139,0.45323741007194246,1.1841421173338849,3.9903986733014376,0.028707904124470773,-2.313939836243168,0.18705035971223022,128,0.4453125,-2.313939836243168,0.6846159365482022,22,0.5,387,0.4108527131782946,1.0057564969815425,0.3434022520190947,0.000887344320462777,-5.925437315374099,0.3798449612403101,346,0.4190751445086705,-5.800838366614906,8.34253245279839,19,0.47058823529411764
SPXW,"d65ret,d80",-999999.0,1,score_desc,d50ret,22,4,0,False,False,False,False,False,-13.365586571141097,19.388652483183023,-13.365586571141097,105,0.4666666666666667,1.4411883100543303,6.857868075454634,0.06531302929004414,-2.3999999999999986,0.22857142857142856,102,0.47058823529411764,-2.3999999999999986,0.36454477871160645,0,0.6666666666666666,139,0.45323741007194246,1.1841421173338849,3.9903986733014376,0.028707904124470773,-2.313939836243168,0.18705035971223022,128,0.4453125,-2.313939836243168,0.6846159365482022,22,0.5,387,0.4108527131782946,1.0057564969815425,0.3434022520190947,0.000887344320462777,-5.925437315374099,0.3798449612403101,346,0.4190751445086705,-5.800838366614906,8.34253245279839,19,0.47058823529411764
SPXW,"d65ret,d80",0.0,1,score_desc,d50ret,22,2,0,False,False,False,False,False,-13.365586571141097,18.34790203427906,-13.365586571141097,105,0.4666666666666667,1.4411883100543303,6.857868075454634,0.06531302929004414,-2.3999999999999986,0.22857142857142856,102,0.4803921568627451,-2.3999999999999986,0.36454477871160645,0,0.6666666666666666,139,0.4460431654676259,1.1589809818895076,3.492845835111848,0.025128387302962935,-2.5774802861251223,0.17985611510791366,128,0.4453125,-2.5774802861251227,0.7841308925636649,22,0.5,385,0.4077922077922078,1.000302301073358,0.018045628179772955,4.687176150590378e-05,-6.174632486888401,0.38701298701298703,340,0.42058823529411765,-6.050033538129208,186.46313657315332,17,0.47058823529411764
SPXW,"d65ret,d80",0.0,1,score_desc,d50ret,22,3,0,False,False,False,False,False,-13.365586571141097,19.388652483183023,-13.365586571141097,105,0.4666666666666667,1.4411883100543303,6.857868075454634,0.06531302929004414,-2.3999999999999986,0.22857142857142856,102,0.47058823529411764,-2.3999999999999986,0.36454477871160645,0,0.6666666666666666,139,0.45323741007194246,1.1841421173338849,3.9903986733014376,0.028707904124470773,-2.313939836243168,0.18705035971223022,128,0.4453125,-2.313939836243168,0.6846159365482022,22,0.5,385,0.4077922077922078,0.995495522086511,-0.27018966593787463,-0.0007017913400983757,-6.174632486888402,0.38441558441558443,340,0.4176470588235294,-6.0500335381292105,-12.453638521493401,17,0.47058823529411764
SPXW,"d65ret,d80",0.0,1,score_desc,d50ret,22,4,0,False,False,False,False,False,-13.365586571141097,19.388652483183023,-13.365586571141097,105,0.4666666666666667,1.4411883100543303,6.857868075454634,0.06531302929004414,-2.3999999999999986,0.22857142857142856,102,0.47058823529411764,-2.3999999999999986,0.36454477871160645,0,0.6666666666666666,139,0.45323741007194246,1.1841421173338849,3.9903986733014376,0.028707904124470773,-2.313939836243168,0.18705035971223022,128,0.4453125,-2.313939836243168,0.6846159365482022,22,0.5,385,0.4077922077922078,0.995495522086511,-0.27018966593787463,-0.0007017913400983757,-6.174632486888402,0.38441558441558443,340,0.4176470588235294,-6.0500335381292105,-12.453638521493401,17,0.47058823529411764
SPXW,"d65ret,d80,d80_front",0.0,1,score_desc,d65win,21,3,15,False,False,False,False,False,-13.365652389145431,20.049050393736305,-13.365652389145431,111,0.4774774774774775,1.425080256791409,6.528888142976846,0.058818812098890505,-2.3999999999999986,0.22522522522522523,102,0.49019607843137253,-2.3999999999999986,0.4537244398249143,0,0.6666666666666666,137,0.45985401459854014,1.1939773558906965,4.087806408487091,0.029838002981657598,-2.3704762549331027,0.1897810218978102,128,0.4453125,-2.3704762549331027,0.6403172501387825,21,0.6666666666666666,381,0.4356955380577428,1.0795194456289885,4.385270329896034,0.011509895878992217,-4.999456383142676,0.3543307086614173,348,0.4281609195402299,-4.970075369084043,0.8951753652789323,19,0.6470588235294118
SPXW,"d65ret,d80,d80_front",0.0,1,score_desc,d65win,21,4,15,False,False,False,False,False,-13.365652389145431,20.049050393736305,-13.365652389145431,111,0.4774774774774775,1.425080256791409,6.528888142976846,0.058818812098890505,-2.3999999999999986,0.22522522522522523,102,0.49019607843137253,-2.3999999999999986,0.4537244398249143,0,0.6666666666666666,137,0.45985401459854014,1.1939773558906965,4.087806408487091,0.029838002981657598,-2.3704762549331027,0.1897810218978102,128,0.4453125,-2.3704762549331027,0.6403172501387825,21,0.6666666666666666,381,0.4356955380577428,1.0795194456289885,4.385270329896034,0.011509895878992217,-4.999456383142676,0.3543307086614173,348,0.4281609195402299,-4.970075369084043,0.8951753652789323,19,0.6470588235294118
SPXW,"d65ret,d80,d80_front",-999999.0,1,score_desc,d65win,21,3,15,False,False,False,False,False,-13.365652389145431,20.049050393736305,-13.365652389145431,111,0.4774774774774775,1.425080256791409,6.528888142976846,0.058818812098890505,-2.3999999999999986,0.22522522522522523,102,0.49019607843137253,-2.3999999999999986,0.4537244398249143,0,0.6666666666666666,137,0.45985401459854014,1.1939773558906965,4.087806408487091,0.029838002981657598,-2.3704762549331027,0.1897810218978102,128,0.4453125,-2.3704762549331027,0.6403172501387825,21,0.6666666666666666,383,0.43342036553524804,1.0760309685230518,4.205228376784355,0.010979708555572728,-4.999456383142676,0.3524804177545692,350,0.4257142857142857,-4.970075369084043,0.9335012555045478,21,0.6470588235294118
SPXW,"d65ret,d80,d80_front",-999999.0,1,score_desc,d65win,21,4,15,False,False,False,False,False,-13.365652389145431,20.049050393736305,-13.365652389145431,111,0.4774774774774775,1.425080256791409,6.528888142976846,0.058818812098890505,-2.3999999999999986,0.22522522522522523,102,0.49019607843137253,-2.3999999999999986,0.4537244398249143,0,0.6666666666666666,137,0.45985401459854014,1.1939773558906965,4.087806408487091,0.029838002981657598,-2.3704762549331027,0.1897810218978102,128,0.4453125,-2.3704762549331027,0.6403172501387825,21,0.6666666666666666,383,0.43342036553524804,1.0760309685230518,4.205228376784355,0.010979708555572728,-4.999456383142676,0.3524804177545692,350,0.4257142857142857,-4.970075369084043,0.9335012555045478,21,0.6470588235294118
SPXW,"d65ret,d80_zero",-999999.0,1,score_desc,d65win,21,3,15,False,False,False,False,False,-13.371006806171557,-9.253809489577385,-13.371006806171557,110,0.4636363636363636,1.4549108514360385,7.100047063215829,0.06454588239287118,-2.4897598032876815,0.19090909090909092,102,0.46078431372549017,-2.4897598032876815,0.48764692466468035,0,0.6666666666666666,134,0.40298507462686567,0.9738743825928902,-0.5683384362997453,-0.004241331614177204,-3.077952612117665,0.2462686567164179,123,0.3983739837398374,-2.8188090214844794,-5.742823130400004,21,0.5,379,0.40897097625329815,0.9805558253668915,-1.0995534455649107,-0.0029011964262926405,-3.9671992632370454,0.44327176781002636,345,0.4057971014492754,-3.9671992632370454,-2.7896753693081755,21,0.47058823529411764
SPXW,"d65ret,d80_zero",-999999.0,1,score_desc,d65win,21,4,15,False,False,False,False,False,-13.371006806171557,-9.253809489577385,-13.371006806171557,110,0.4636363636363636,1.4549108514360385,7.100047063215829,0.06454588239287118,-2.4897598032876815,0.19090909090909092,102,0.46078431372549017,-2.4897598032876815,0.48764692466468035,0,0.6666666666666666,134,0.40298507462686567,0.9738743825928902,-0.5683384362997453,-0.004241331614177204,-3.077952612117665,0.2462686567164179,123,0.3983739837398374,-2.8188090214844794,-5.742823130400004,21,0.5,379,0.40897097625329815,0.9805558253668915,-1.0995534455649107,-0.0029011964262926405,-3.9671992632370454,0.44327176781002636,345,0.4057971014492754,-3.9671992632370454,-2.7896753693081755,21,0.47058823529411764
SPXW,"d65ret,d80_zero",0.0,1,score_desc,d65win,21,3,15,False,False,False,False,False,-13.371006806171557,-9.253809489577385,-13.371006806171557,110,0.4636363636363636,1.4549108514360385,7.100047063215829,0.06454588239287118,-2.4897598032876815,0.19090909090909092,102,0.46078431372549017,-2.4897598032876815,0.48764692466468035,0,0.6666666666666666,134,0.40298507462686567,0.9738743825928902,-0.5683384362997453,-0.004241331614177204,-3.077952612117665,0.2462686567164179,123,0.3983739837398374,-2.8188090214844794,-5.742823130400004,21,0.5,370,0.4,0.9526150943673672,-2.602586452718049,-0.0070340174397785105,-5.625442726794924,0.4189189189189189,325,0.39384615384615385,-5.625442726794924,-1.520756319217306,20,0.4117647058823529
SPXW,"d65ret,d80_zero",0.0,1,score_desc,d65win,21,4,15,False,False,False,False,False,-13.371006806171557,-9.253809489577385,-13.371006806171557,110,0.4636363636363636,1.4549108514360385,7.100047063215829,0.06454588239287118,-2.4897598032876815,0.19090909090909092,102,0.46078431372549017,-2.4897598032876815,0.48764692466468035,0,0.6666666666666666,134,0.40298507462686567,0.9738743825928902,-0.5683384362997453,-0.004241331614177204,-3.077952612117665,0.2462686567164179,123,0.3983739837398374,-2.8188090214844794,-5.742823130400004,21,0.5,370,0.4,0.9526150943673672,-2.602586452718049,-0.0070340174397785105,-5.625442726794924,0.4189189189189189,325,0.39384615384615385,-5.625442726794924,-1.520756319217306,20,0.4117647058823529
SPXW,"d65ret,d80",-999999.0,1,score_desc,d65win,22,3,30,False,False,False,False,False,-13.379397182799128,20.412676614932142,-13.379397182799128,115,0.46956521739130436,1.3982428927382544,6.579095477923458,0.05720952589498659,-2.4732483842357498,0.22608695652173913,102,0.49019607843137253,-2.4732483842357498,0.5262602020246856,0,0.8333333333333334,139,0.4676258992805755,1.2021010579277736,4.245881035656892,0.03054590673134455,-2.3787445281393063,0.17985611510791366,128,0.4453125,-2.3787445281393063,0.7535931589791985,22,0.6666666666666666,388,0.4072164948453608,1.0034848531822276,0.20456008963467642,0.0005272167258625681,-5.22645975590417,0.38402061855670105,347,0.4092219020172911,-5.226459755904171,16.52530054329606,19,0.47058823529411764
SPXW,"d65ret,d80",-999999.0,1,score_desc,d65win,22,4,30,False,False,False,False,False,-13.379397182799128,20.412676614932142,-13.379397182799128,115,0.46956521739130436,1.3982428927382544,6.579095477923458,0.05720952589498659,-2.4732483842357498,0.22608695652173913,102,0.49019607843137253,-2.4732483842357498,0.5262602020246856,0,0.8333333333333334,139,0.4676258992805755,1.2021010579277736,4.245881035656892,0.03054590673134455,-2.3787445281393063,0.17985611510791366,128,0.4453125,-2.3787445281393063,0.7535931589791985,22,0.6666666666666666,388,0.4072164948453608,1.0034848531822276,0.20456008963467642,0.0005272167258625681,-5.22645975590417,0.38402061855670105,347,0.4092219020172911,-5.226459755904171,16.52530054329606,19,0.47058823529411764
SPXW,"d65ret,d80",0.0,1,score_desc,d65win,22,3,30,False,False,False,False,False,-13.379397182799128,20.412676614932142,-13.379397182799128,115,0.46956521739130436,1.3982428927382544,6.579095477923458,0.05720952589498659,-2.4732483842357498,0.22608695652173913,102,0.49019607843137253,-2.4732483842357498,0.5262602020246856,0,0.8333333333333334,139,0.4676258992805755,1.2021010579277736,4.245881035656892,0.03054590673134455,-2.3787445281393063,0.17985611510791366,128,0.4453125,-2.3787445281393063,0.7535931589791985,22,0.6666666666666666,387,0.40310077519379844,0.9940794560274996,-0.34870258233915674,-0.0009010402644422655,-5.22645975590417,0.3798449612403101,344,0.4069767441860465,-5.226459755904171,-9.694269935428043,19,0.47058823529411764
SPXW,"d65ret,d80",0.0,1,score_desc,d65win,22,4,30,False,False,False,False,False,-13.379397182799128,20.412676614932142,-13.379397182799128,115,0.46956521739130436,1.3982428927382544,6.579095477923458,0.05720952589498659,-2.4732483842357498,0.22608695652173913,102,0.49019607843137253,-2.4732483842357498,0.5262602020246856,0,0.8333333333333334,139,0.4676258992805755,1.2021010579277736,4.245881035656892,0.03054590673134455,-2.3787445281393063,0.17985611510791366,128,0.4453125,-2.3787445281393063,0.7535931589791985,22,0.6666666666666666,387,0.40310077519379844,0.9940794560274996,-0.34870258233915674,-0.0009010402644422655,-5.22645975590417,0.3798449612403101,344,0.4069767441860465,-5.226459755904171,-9.694269935428043,19,0.47058823529411764
SPXW,"d50ret,d65ret,d80_zero",-999999.0,1,score_desc,d65win,21,3,0,False,False,False,False,False,-13.407832133545991,-8.021364736856908,-13.407832133545991,110,0.4636363636363636,1.4614086716568353,7.201462162966341,0.06546783784514855,-2.3999999999999995,0.18181818181818182,102,0.46078431372549017,-2.3999999999999995,0.42543182839417004,0,0.6666666666666666,137,0.40145985401459855,0.9986239556192074,-0.03178527290153621,-0.00023200929125208913,-3.5543792762292856,0.24817518248175183,128,0.390625,-3.5543792762292856,-95.55617934252376,21,0.5,383,0.40992167101827676,1.027177251134302,1.5775498184017822,0.004118929029769666,-4.408838528425006,0.4177545691906005,349,0.40114613180515757,-4.331619583803894,2.129440970200091,21,0.4117647058823529
SPXW,"d50ret,d65ret,d80_zero",-999999.0,1,score_desc,d65win,21,4,0,False,False,False,False,False,-13.407832133545991,-8.021364736856908,-13.407832133545991,110,0.4636363636363636,1.4614086716568353,7.201462162966341,0.06546783784514855,-2.3999999999999995,0.18181818181818182,102,0.46078431372549017,-2.3999999999999995,0.42543182839417004,0,0.6666666666666666,137,0.40145985401459855,0.9986239556192074,-0.03178527290153621,-0.00023200929125208913,-3.5543792762292856,0.24817518248175183,128,0.390625,-3.5543792762292856,-95.55617934252376,21,0.5,383,0.40992167101827676,1.027177251134302,1.5775498184017822,0.004118929029769666,-4.408838528425006,0.4177545691906005,349,0.40114613180515757,-4.331619583803894,2.129440970200091,21,0.4117647058823529
SPXW,"d50ret,d65ret,d80_zero",0.0,1,score_desc,d65win,21,3,0,False,False,False,False,False,-13.407832133545991,-8.021364736856908,-13.407832133545991,110,0.4636363636363636,1.4614086716568353,7.201462162966341,0.06546783784514855,-2.3999999999999995,0.18181818181818182,102,0.46078431372549017,-2.3999999999999995,0.42543182839417004,0,0.6666666666666666,137,0.40145985401459855,0.9986239556192074,-0.03178527290153621,-0.00023200929125208913,-3.5543792762292856,0.24817518248175183,128,0.390625,-3.5543792762292856,-95.55617934252376,21,0.5,374,0.3877005347593583,0.9742559826506311,-1.4925404771215598,-0.0039907499388277,-4.621010875085716,0.38235294117647056,331,0.3806646525679758,-4.621010875085716,-2.5857249937230002,20,0.35294117647058826
SPXW,"d50ret,d65ret,d80_zero",0.0,1,score_desc,d65win,21,4,0,False,False,False,False,False,-13.407832133545991,-8.021364736856908,-13.407832133545991,110,0.4636363636363636,1.4614086716568353,7.201462162966341,0.06546783784514855,-2.3999999999999995,0.18181818181818182,102,0.46078431372549017,-2.3999999999999995,0.42543182839417004,0,0.6666666666666666,137,0.40145985401459855,0.9986239556192074,-0.03178527290153621,-0.00023200929125208913,-3.5543792762292856,0.24817518248175183,128,0.390625,-3.5543792762292856,-95.55617934252376,21,0.5,374,0.3877005347593583,0.9742559826506311,-1.4925404771215598,-0.0039907499388277,-4.621010875085716,0.38235294117647056,331,0.3806646525679758,-4.621010875085716,-2.5857249937230002,20,0.35294117647058826
SPXW,"d65ret,d80,d80_front",0.0,1,score_desc,d50ret,22,2,15,False,False,False,False,False,-13.43229252560555,18.34642383207189,-13.43229252560555,105,0.4666666666666667,1.4398457233038742,6.578041773150611,0.06264801688714867,-2.3999999999999986,0.21904761904761905,102,0.4803921568627451,-2.3999999999999986,0.38005231438392084,0,0.6666666666666666,139,0.43884892086330934,1.167372906699854,3.6894686275079267,0.026542939766244077,-2.49469800021294,0.17985611510791366,128,0.4453125,-2.4946980002129404,0.7401762864311889,22,0.5,388,0.44072164948453607,1.1275731943891414,7.033034070186789,0.01812637646955358,-5.105991590358936,0.3634020618556701,348,0.4425287356321839,-5.105991590358934,0.5327951382545405,19,0.6470588235294118
SPXW,"d65ret,d80,d80_front",0.0,1,score_desc,d50ret,22,3,15,False,False,False,False,False,-13.43229252560555,19.357636876809682,-13.43229252560555,105,0.4666666666666667,1.4398457233038742,6.578041773150611,0.06264801688714867,-2.3999999999999986,0.21904761904761905,102,0.47058823529411764,-2.3999999999999986,0.38005231438392084,0,0.6666666666666666,139,0.4460431654676259,1.1924897352570276,4.18538210998737,0.03011066266177964,-2.4946980002129413,0.17985611510791366,128,0.4453125,-2.4946980002129417,0.6992839824848079,22,0.5,388,0.44072164948453607,1.1217085202494197,6.744798776069141,0.017383502000178196,-5.105991590358933,0.36082474226804123,348,0.4396551724137931,-5.105991590358934,0.5555638476672105,19,0.6470588235294118
SPXW,"d65ret,d80,d80_front",0.0,1,score_desc,d50ret,22,4,15,False,False,False,False,False,-13.43229252560555,19.357636876809682,-13.43229252560555,105,0.4666666666666667,1.4398457233038742,6.578041773150611,0.06264801688714867,-2.3999999999999986,0.21904761904761905,102,0.47058823529411764,-2.3999999999999986,0.38005231438392084,0,0.6666666666666666,139,0.4460431654676259,1.1924897352570276,4.18538210998737,0.03011066266177964,-2.4946980002129413,0.17985611510791366,128,0.4453125,-2.4946980002129417,0.6992839824848079,22,0.5,388,0.44072164948453607,1.1217085202494197,6.744798776069141,0.017383502000178196,-5.105991590358933,0.36082474226804123,348,0.4396551724137931,-5.105991590358934,0.5555638476672105,19,0.6470588235294118
SPXW,"d65ret,d80,d80_front",-999999.0,1,score_desc,d50ret,22,2,15,False,False,False,False,False,-13.43229252560555,18.34642383207189,-13.43229252560555,105,0.4666666666666667,1.4398457233038742,6.578041773150611,0.06264801688714867,-2.3999999999999986,0.21904761904761905,102,0.4803921568627451,-2.3999999999999986,0.38005231438392084,0,0.6666666666666666,139,0.43884892086330934,1.167372906699854,3.6894686275079267,0.026542939766244077,-2.49469800021294,0.17985611510791366,128,0.4453125,-2.4946980002129404,0.7401762864311889,22,0.5,389,0.4370179948586118,1.1123279258005334,6.2153296908623155,0.015977711287563794,-5.105991590358922,0.36246786632390743,350,0.43714285714285717,-5.105991590358921,0.6028910043634679,19,0.6470588235294118
SPXW,"d65ret,d80,d80_front",0.0,1,score_desc,d50ret,22,2,30,False,False,False,False,False,-13.43229252560555,18.34642383207189,-13.43229252560555,105,0.4666666666666667,1.4398457233038742,6.578041773150611,0.06264801688714867,-2.3999999999999986,0.21904761904761905,102,0.4803921568627451,-2.3999999999999986,0.38005231438392084,0,0.6666666666666666,139,0.43884892086330934,1.167372906699854,3.6894686275079267,0.026542939766244077,-2.49469800021294,0.17985611510791366,128,0.4453125,-2.4946980002129404,0.7401762864311889,22,0.5,387,0.43669250645994834,1.108817071809009,6.031665347658972,0.015585698572762203,-5.105991590358921,0.3669250645994832,348,0.4396551724137931,-5.105991590358919,0.621249048776956,19,0.6470588235294118
SPXW,"d65ret,d80,d80_front",-999999.0,1,score_desc,d50ret,22,3,15,False,False,False,False,False,-13.43229252560555,19.357636876809682,-13.43229252560555,105,0.4666666666666667,1.4398457233038742,6.578041773150611,0.06264801688714867,-2.3999999999999986,0.21904761904761905,102,0.47058823529411764,-2.3999999999999986,0.38005231438392084,0,0.6666666666666666,139,0.4460431654676259,1.1924897352570276,4.18538210998737,0.03011066266177964,-2.4946980002129413,0.17985611510791366,128,0.4453125,-2.4946980002129417,0.6992839824848079,22,0.5,389,0.4370179948586118,1.1065636186388694,5.927094396744668,0.015236746521194519,-5.105991590358918,0.35989717223650386,350,0.4342857142857143,-5.105991590358917,0.6322096644575319,19,0.6470588235294118
SPXW,"d65ret,d80,d80_front",-999999.0,1,score_desc,d50ret,22,4,15,False,False,False,False,False,-13.43229252560555,19.357636876809682,-13.43229252560555,105,0.4666666666666667,1.4398457233038742,6.578041773150611,0.06264801688714867,-2.3999999999999986,0.21904761904761905,102,0.47058823529411764,-2.3999999999999986,0.38005231438392084,0,0.6666666666666666,139,0.4460431654676259,1.1924897352570276,4.18538210998737,0.03011066266177964,-2.4946980002129413,0.17985611510791366,128,0.4453125,-2.4946980002129417,0.6992839824848079,22,0.5,389,0.4370179948586118,1.1065636186388694,5.927094396744668,0.015236746521194519,-5.105991590358918,0.35989717223650386,350,0.4342857142857143,-5.105991590358917,0.6322096644575319,19,0.6470588235294118
SPXW,"d65ret,d80,d80_front",0.0,1,score_desc,d50ret,22,3,30,False,False,False,False,False,-13.43229252560555,19.357636876809682,-13.43229252560555,105,0.4666666666666667,1.4398457233038742,6.578041773150611,0.06264801688714867,-2.3999999999999986,0.21904761904761905,102,0.47058823529411764,-2.3999999999999986,0.38005231438392084,0,0.6666666666666666,139,0.4460431654676259,1.1924897352570276,4.18538210998737,0.03011066266177964,-2.4946980002129413,0.17985611510791366,128,0.4453125,-2.4946980002129417,0.6992839824848079,22,0.5,387,0.43669250645994834,1.103081002882013,5.743430053541324,0.014840904531114533,-5.105991590358919,0.3643410852713178,348,0.4367816091954023,-5.10599159035892,0.6524265682427193,19,0.6470588235294118
SPXW,"d65ret,d80,d80_front",0.0,1,score_desc,d50ret,22,4,30,False,False,False,False,False,-13.43229252560555,19.357636876809682,-13.43229252560555,105,0.4666666666666667,1.4398457233038742,6.578041773150611,0.06264801688714867,-2.3999999999999986,0.21904761904761905,102,0.47058823529411764,-2.3999999999999986,0.38005231438392084,0,0.6666666666666666,139,0.4460431654676259,1.1924897352570276,4.18538210998737,0.03011066266177964,-2.4946980002129413,0.17985611510791366,128,0.4453125,-2.4946980002129417,0.6992839824848079,22,0.5,387,0.43669250645994834,1.103081002882013,5.743430053541324,0.014840904531114533,-5.105991590358919,0.3643410852713178,348,0.4367816091954023,-5.10599159035892,0.6524265682427193,19,0.6470588235294118
SPXW,"d65ret,d80,d80_front",-999999.0,1,score_desc,d50ret,22,2,30,False,False,False,False,False,-13.43229252560555,18.34642383207189,-13.43229252560555,105,0.4666666666666667,1.4398457233038742,6.578041773150611,0.06264801688714867,-2.3999999999999986,0.21904761904761905,102,0.4803921568627451,-2.3999999999999986,0.38005231438392084,0,0.6666666666666666,139,0.43884892086330934,1.167372906699854,3.6894686275079267,0.026542939766244077,-2.49469800021294,0.17985611510791366,128,0.4453125,-2.4946980002129404,0.7401762864311889,22,0.5,389,0.43444730077120824,1.1027099537131317,5.713960968334499,0.01468884567695244,-5.105991590358917,0.36503856041131105,350,0.43714285714285717,-5.105991590358919,0.6557913819397834,19,0.6470588235294118
SPXW,"d65ret,d80,d80_front",0.0,1,score_desc,d50ret,22,2,0,False,False,False,False,False,-13.43229252560555,18.34642383207189,-13.43229252560555,105,0.4666666666666667,1.4398457233038742,6.578041773150611,0.06264801688714867,-2.3999999999999986,0.21904761904761905,102,0.4803921568627451,-2.3999999999999986,0.38005231438392084,0,0.6666666666666666,139,0.43884892086330934,1.167372906699854,3.6894686275079267,0.026542939766244077,-2.49469800021294,0.17985611510791366,128,0.4453125,-2.4946980002129404,0.7401762864311889,22,0.5,388,0.43556701030927836,1.1005540177254964,5.639926181706862,0.014535892220893975,-5.306890330330786,0.36082474226804123,348,0.4425287356321839,-5.306890330330784,0.5935965730262229,19,0.5882352941176471
SPXW,"d65ret,d80,d80_front",-999999.0,1,score_desc,d50ret,22,2,0,False,False,False,False,False,-13.43229252560555,18.34642383207189,-13.43229252560555,105,0.4666666666666667,1.4398457233038742,6.578041773150611,0.06264801688714867,-2.3999999999999986,0.21904761904761905,102,0.4803921568627451,-2.3999999999999986,0.38005231438392084,0,0.6666666666666666,139,0.43884892086330934,1.167372906699854,3.6894686275079267,0.026542939766244077,-2.49469800021294,0.17985611510791366,128,0.4453125,-2.4946980002129404,0.7401762864311889,22,0.5,389,0.43444730077120824,1.1004127292130836,5.622221802382388,0.01445301234545601,-5.324594709655262,0.35989717223650386,350,0.44,-5.324594709655259,0.5954658089375686,19,0.5882352941176471
SPXW,"d65ret,d80,d80_front",-999999.0,1,score_desc,d50ret,22,3,30,False,False,False,False,False,-13.43229252560555,19.357636876809682,-13.43229252560555,105,0.4666666666666667,1.4398457233038742,6.578041773150611,0.06264801688714867,-2.3999999999999986,0.21904761904761905,102,0.47058823529411764,-2.3999999999999986,0.38005231438392084,0,0.6666666666666666,139,0.4460431654676259,1.1924897352570276,4.18538210998737,0.03011066266177964,-2.4946980002129413,0.17985611510791366,128,0.4453125,-2.4946980002129417,0.6992839824848079,22,0.5,389,0.43444730077120824,1.09702614568551,5.425725674216851,0.013947880910583165,-5.105991590358917,0.36246786632390743,350,0.4342857142857143,-5.105991590358919,0.6906295276926122,19,0.6470588235294118
SPXW,"d65ret,d80,d80_front",-999999.0,1,score_desc,d50ret,22,4,30,False,False,False,False,False,-13.43229252560555,19.357636876809682,-13.43229252560555,105,0.4666666666666667,1.4398457233038742,6.578041773150611,0.06264801688714867,-2.3999999999999986,0.21904761904761905,102,0.47058823529411764,-2.3999999999999986,0.38005231438392084,0,0.6666666666666666,139,0.4460431654676259,1.1924897352570276,4.18538210998737,0.03011066266177964,-2.4946980002129413,0.17985611510791366,128,0.4453125,-2.4946980002129417,0.6992839824848079,22,0.5,389,0.43444730077120824,1.09702614568551,5.425725674216851,0.013947880910583165,-5.105991590358917,0.36246786632390743,350,0.4342857142857143,-5.105991590358919,0.6906295276926122,19,0.6470588235294118
SPXW,"d65ret,d80,d80_front",0.0,1,score_desc,d50ret,22,3,0,False,False,False,False,False,-13.43229252560555,19.446255967258104,-13.43229252560555,105,0.4666666666666667,1.4398457233038742,6.578041773150611,0.06264801688714867,-2.3999999999999986,0.21904761904761905,102,0.47058823529411764,-2.3999999999999986,0.38005231438392084,0,0.6666666666666666,139,0.4460431654676259,1.1925651307975889,4.187021465697516,0.030122456587751912,-2.4946980002129404,0.18705035971223022,128,0.4453125,-2.494698000212941,0.6505577801734181,22,0.5,388,0.43556701030927836,1.0949272571734443,5.351690887589214,0.013793017751518593,-5.306890330330782,0.3582474226804124,348,0.4396551724137931,-5.306890330330786,0.6255669327512621,19,0.5882352941176471
SPXW,"d65ret,d80,d80_front",0.0,1,score_desc,d50ret,22,4,0,False,False,False,False,False,-13.43229252560555,19.446255967258104,-13.43229252560555,105,0.4666666666666667,1.4398457233038742,6.578041773150611,0.06264801688714867,-2.3999999999999986,0.21904761904761905,102,0.47058823529411764,-2.3999999999999986,0.38005231438392084,0,0.6666666666666666,139,0.4460431654676259,1.1925651307975889,4.187021465697516,0.030122456587751912,-2.4946980002129404,0.18705035971223022,128,0.4453125,-2.494698000212941,0.6505577801734181,22,0.5,388,0.43556701030927836,1.0949272571734443,5.351690887589214,0.013793017751518593,-5.306890330330782,0.3582474226804124,348,0.4396551724137931,-5.306890330330786,0.6255669327512621,19,0.5882352941176471
SPXW,"d65ret,d80,d80_front",-999999.0,1,score_desc,d50ret,22,3,0,False,False,False,False,False,-13.43229252560555,19.446255967258104,-13.43229252560555,105,0.4666666666666667,1.4398457233038742,6.578041773150611,0.06264801688714867,-2.3999999999999986,0.21904761904761905,102,0.47058823529411764,-2.3999999999999986,0.38005231438392084,0,0.6666666666666666,139,0.4460431654676259,1.1925651307975889,4.187021465697516,0.030122456587751912,-2.4946980002129404,0.18705035971223022,128,0.4453125,-2.494698000212941,0.6505577801734181,22,0.5,389,0.43444730077120824,1.0947769547882495,5.33398650826474,0.013712047579086735,-5.324594709655255,0.35732647814910024,350,0.43714285714285717,-5.32459470965526,0.6276432923845524,19,0.5882352941176471
SPXW,"d65ret,d80,d80_front",-999999.0,1,score_desc,d50ret,22,4,0,False,False,False,False,False,-13.43229252560555,19.446255967258104,-13.43229252560555,105,0.4666666666666667,1.4398457233038742,6.578041773150611,0.06264801688714867,-2.3999999999999986,0.21904761904761905,102,0.47058823529411764,-2.3999999999999986,0.38005231438392084,0,0.6666666666666666,139,0.4460431654676259,1.1925651307975889,4.187021465697516,0.030122456587751912,-2.4946980002129404,0.18705035971223022,128,0.4453125,-2.494698000212941,0.6505577801734181,22,0.5,389,0.43444730077120824,1.0947769547882495,5.33398650826474,0.013712047579086735,-5.324594709655255,0.35732647814910024,350,0.43714285714285717,-5.32459470965526,0.6276432923845524,19,0.5882352941176471
SPXW,"d50ret,d65ret,d80_zero",-999999.0,1,score_desc,d65win,21,2,30,False,False,False,False,False,-13.46448123516922,-8.021364736856908,-13.46448123516922,110,0.4636363636363636,1.4457098469725718,7.000715096766182,0.0636428645160562,-2.3999999999999995,0.19090909090909092,102,0.46078431372549017,-2.3999999999999995,0.4945660646797398,0,0.6666666666666666,137,0.40145985401459855,0.9986239556192074,-0.03178527290153621,-0.00023200929125208913,-3.5543792762292856,0.24817518248175183,128,0.390625,-3.5543792762292856,-95.55617934252376,21,0.5,381,0.41732283464566927,1.0540700576955297,3.074376072026978,0.00806922853550388,-4.331619583803894,0.4146981627296588,349,0.40114613180515757,-4.331619583803894,1.0723474092298813,21,0.4117647058823529
SPXW,"d50ret,d65ret,d80_zero",0.0,1,score_desc,d65win,21,2,30,False,False,False,False,False,-13.46448123516922,-8.021364736856908,-13.46448123516922,110,0.4636363636363636,1.4457098469725718,7.000715096766182,0.0636428645160562,-2.3999999999999995,0.19090909090909092,102,0.46078431372549017,-2.3999999999999995,0.4945660646797398,0,0.6666666666666666,137,0.40145985401459855,0.9986239556192074,-0.03178527290153621,-0.00023200929125208913,-3.5543792762292856,0.24817518248175183,128,0.390625,-3.5543792762292856,-95.55617934252376,21,0.5,373,0.39946380697050937,1.021865842700891,1.2294767495864518,0.003296184315245179,-4.417177151593073,0.38605898123324395,335,0.382089552238806,-4.417177151593073,3.266360952571306,20,0.4117647058823529
SPXW,"d65ret,d80_zero",-999999.0,1,score_desc,d65win,21,2,30,False,False,False,False,False,-13.46448123516922,-9.253809489577385,-13.46448123516922,110,0.4636363636363636,1.4457098469725718,7.00071509676618,0.06364286451605619,-2.4897598032876815,0.19090909090909092,102,0.46078431372549017,-2.489759803287681,0.4945660646797399,0,0.6666666666666666,134,0.40298507462686567,0.9738743825928902,-0.5683384362997453,-0.004241331614177204,-3.077952612117665,0.2462686567164179,123,0.3983739837398374,-2.6685863714567652,-5.742823130400004,21,0.5,378,0.4126984126984127,1.0072365232593055,0.4024579087547393,0.001064703462314125,-3.9671992632370454,0.4417989417989418,345,0.4057971014492754,-3.9671992632370454,8.852881604482977,21,0.47058823529411764
SPXW,"d65ret,d80_zero",0.0,1,score_desc,d65win,21,2,30,False,False,False,False,False,-13.46448123516922,-9.253809489577385,-13.46448123516922,110,0.4636363636363636,1.4457098469725718,7.00071509676618,0.06364286451605619,-2.4897598032876815,0.19090909090909092,102,0.46078431372549017,-2.489759803287681,0.4945660646797399,0,0.6666666666666666,134,0.40298507462686567,0.9738743825928902,-0.5683384362997453,-0.004241331614177204,-3.077952612117665,0.2462686567164179,123,0.3983739837398374,-2.6685863714567652,-5.742823130400004,21,0.5,369,0.4010840108401084,0.9677687790995069,-1.7468923084493435,-0.004734125497152693,-5.303904594508554,0.42005420054200543,325,0.39384615384615385,-5.299604575954508,-2.2988909090270515,20,0.4117647058823529
SPXW,"d65ret,d80,d80_front",0.0,1,score_desc,d65win,21,3,30,False,False,False,False,False,-13.514636570741004,19.961459152860392,-13.514636570741004,111,0.4774774774774775,1.4104422851078162,6.369486102342694,0.057382757678763004,-2.3999999999999986,0.22522522522522523,102,0.49019607843137253,-2.3999999999999986,0.4650792964697978,0,0.6666666666666666,137,0.45985401459854014,1.1939773558906965,4.087806408487091,0.029838002981657598,-2.3704762549331027,0.18248175182481752,128,0.4453125,-2.3704762549331027,0.7601043373818215,21,0.6666666666666666,379,0.43271767810026385,1.065188535264602,3.594961550398784,0.009485386676513942,-5.153757163533318,0.3562005277044855,348,0.4281609195402299,-5.153757163533319,0.9528852871963405,19,0.6470588235294118
SPXW,"d65ret,d80,d80_front",0.0,1,score_desc,d65win,21,4,30,False,False,False,False,False,-13.514636570741004,19.961459152860392,-13.514636570741004,111,0.4774774774774775,1.4104422851078162,6.369486102342694,0.057382757678763004,-2.3999999999999986,0.22522522522522523,102,0.49019607843137253,-2.3999999999999986,0.4650792964697978,0,0.6666666666666666,137,0.45985401459854014,1.1939773558906965,4.087806408487091,0.029838002981657598,-2.3704762549331027,0.18248175182481752,128,0.4453125,-2.3704762549331027,0.7601043373818215,21,0.6666666666666666,379,0.43271767810026385,1.065188535264602,3.594961550398784,0.009485386676513942,-5.153757163533318,0.3562005277044855,348,0.4281609195402299,-5.153757163533319,0.9528852871963405,19,0.6470588235294118
SPXW,"d65ret,d80,d80_front",-999999.0,1,score_desc,d65win,21,3,30,False,False,False,False,False,-13.514636570741004,19.961459152860392,-13.514636570741004,111,0.4774774774774775,1.4104422851078162,6.369486102342694,0.057382757678763004,-2.3999999999999986,0.22522522522522523,102,0.49019607843137253,-2.3999999999999986,0.4650792964697978,0,0.6666666666666666,137,0.45985401459854014,1.1939773558906965,4.087806408487091,0.029838002981657598,-2.3704762549331027,0.18248175182481752,128,0.4453125,-2.3704762549331027,0.7601043373818215,21,0.6666666666666666,381,0.4304461942257218,1.0617421031978838,3.414919597287104,0.008963043562433343,-5.153757163533319,0.3543307086614173,350,0.4257142857142857,-5.153757163533321,1.003123462154985,21,0.6470588235294118
SPXW,"d65ret,d80,d80_front",-999999.0,1,score_desc,d65win,21,4,30,False,False,False,False,False,-13.514636570741004,19.961459152860392,-13.514636570741004,111,0.4774774774774775,1.4104422851078162,6.369486102342694,0.057382757678763004,-2.3999999999999986,0.22522522522522523,102,0.49019607843137253,-2.3999999999999986,0.4650792964697978,0,0.6666666666666666,137,0.45985401459854014,1.1939773558906965,4.087806408487091,0.029838002981657598,-2.3704762549331027,0.18248175182481752,128,0.4453125,-2.3704762549331027,0.7601043373818215,21,0.6666666666666666,381,0.4304461942257218,1.0617421031978838,3.414919597287104,0.008963043562433343,-5.153757163533319,0.3543307086614173,350,0.4257142857142857,-5.153757163533321,1.003123462154985,21,0.6470588235294118
SPXW,"d50ret,d65ret,d80_zero",-999999.0,1,score_desc,d65win,22,3,0,False,False,False,False,False,-13.518378410822196,12.534036311621763,-13.518378410822196,115,0.4608695652173913,1.4200364906730332,6.8385323769387165,0.05946549892990188,-2.4732483842357498,0.1826086956521739,103,0.4563106796116505,-2.4732483842357498,0.49139168048235804,0,0.8333333333333334,139,0.41007194244604317,1.00233333906524,0.053897839339853926,0.0003877542398550642,-3.5023245095786724,0.2446043165467626,128,0.390625,-3.5023245095786724,57.31832745652399,22,0.5,391,0.4040920716112532,0.9978215405649243,-0.13021846548506955,-0.0003330395536702546,-4.387826315479754,0.41687979539641945,349,0.40114613180515757,-4.331619583803893,-25.797410554048003,21,0.35294117647058826
SPXW,"d50ret,d65ret,d80_zero",-999999.0,1,score_desc,d65win,22,4,0,False,False,False,False,False,-13.518378410822196,12.534036311621763,-13.518378410822196,115,0.4608695652173913,1.4200364906730332,6.8385323769387165,0.05946549892990188,-2.4732483842357498,0.1826086956521739,103,0.4563106796116505,-2.4732483842357498,0.49139168048235804,0,0.8333333333333334,139,0.41007194244604317,1.00233333906524,0.053897839339853926,0.0003877542398550642,-3.5023245095786724,0.2446043165467626,128,0.390625,-3.5023245095786724,57.31832745652399,22,0.5,391,0.4040920716112532,0.9978215405649243,-0.13021846548506955,-0.0003330395536702546,-4.387826315479754,0.41687979539641945,349,0.40114613180515757,-4.331619583803893,-25.797410554048003,21,0.35294117647058826
SPXW,"d50ret,d65ret,d80_zero",0.0,1,score_desc,d65win,22,3,0,False,False,False,False,False,-13.518378410822196,12.534036311621763,-13.518378410822196,115,0.4608695652173913,1.4200364906730332,6.8385323769387165,0.05946549892990188,-2.4732483842357498,0.1826086956521739,103,0.4563106796116505,-2.4732483842357498,0.49139168048235804,0,0.8333333333333334,139,0.41007194244604317,1.00233333906524,0.053897839339853926,0.0003877542398550642,-3.5023245095786724,0.2446043165467626,128,0.390625,-3.5023245095786724,57.31832745652399,22,0.5,383,0.38642297650130547,0.9612139655345308,-2.302543389727096,-0.006011862636363175,-4.722079521744652,0.381201044386423,332,0.3795180722891566,-4.722079521744652,-1.7181152002372908,20,0.35294117647058826
SPXW,"d50ret,d65ret,d80_zero",0.0,1,score_desc,d65win,22,4,0,False,False,False,False,False,-13.518378410822196,12.534036311621763,-13.518378410822196,115,0.4608695652173913,1.4200364906730332,6.8385323769387165,0.05946549892990188,-2.4732483842357498,0.1826086956521739,103,0.4563106796116505,-2.4732483842357498,0.49139168048235804,0,0.8333333333333334,139,0.41007194244604317,1.00233333906524,0.053897839339853926,0.0003877542398550642,-3.5023245095786724,0.2446043165467626,128,0.390625,-3.5023245095786724,57.31832745652399,22,0.5,383,0.38642297650130547,0.9612139655345308,-2.302543389727096,-0.006011862636363175,-4.722079521744652,0.381201044386423,332,0.3795180722891566,-4.722079521744652,-1.7181152002372908,20,0.35294117647058826
SPXW,"d65ret,d80_zero",-999999.0,1,score_desc,d65win,21,3,30,False,False,False,False,False,-13.520558989778326,-9.253809489577385,-13.520558989778326,110,0.4636363636363636,1.4402018795010458,6.940645022581677,0.0630967729325607,-2.4897598032876815,0.19090909090909092,102,0.46078431372549017,-2.4897598032876815,0.4988464478570659,0,0.6666666666666666,134,0.40298507462686567,0.9738743825928902,-0.5683384362997453,-0.004241331614177204,-3.077952612117665,0.2462686567164179,123,0.3983739837398374,-2.6685863714567652,-5.742823130400004,21,0.5,378,0.41005291005291006,0.9955369015152454,-0.25008977056299897,-0.0006616131496375634,-3.9671992632370454,0.43915343915343913,345,0.4057971014492754,-3.9671992632370454,-13.182463274746326,21,0.47058823529411764
SPXW,"d65ret,d80_zero",-999999.0,1,score_desc,d65win,21,4,30,False,False,False,False,False,-13.520558989778326,-9.253809489577385,-13.520558989778326,110,0.4636363636363636,1.4402018795010458,6.940645022581677,0.0630967729325607,-2.4897598032876815,0.19090909090909092,102,0.46078431372549017,-2.4897598032876815,0.4988464478570659,0,0.6666666666666666,134,0.40298507462686567,0.9738743825928902,-0.5683384362997453,-0.004241331614177204,-3.077952612117665,0.2462686567164179,123,0.3983739837398374,-2.6685863714567652,-5.742823130400004,21,0.5,378,0.41005291005291006,0.9955369015152454,-0.25008977056299897,-0.0006616131496375634,-3.9671992632370454,0.43915343915343913,345,0.4057971014492754,-3.9671992632370454,-13.182463274746326,21,0.47058823529411764
SPXW,"d65ret,d80_zero",0.0,1,score_desc,d65win,21,3,30,False,False,False,False,False,-13.520558989778326,-9.253809489577385,-13.520558989778326,110,0.4636363636363636,1.4402018795010458,6.940645022581677,0.0630967729325607,-2.4897598032876815,0.19090909090909092,102,0.46078431372549017,-2.4897598032876815,0.4988464478570659,0,0.6666666666666666,134,0.40298507462686567,0.9738743825928902,-0.5683384362997453,-0.004241331614177204,-3.077952612117665,0.2462686567164179,123,0.3983739837398374,-2.6685863714567652,-5.742823130400004,21,0.5,370,0.3972972972972973,0.954656019831513,-2.4803078085807417,-0.006703534617785788,-5.625442726794924,0.4189189189189189,325,0.39384615384615385,-5.625442726794924,-1.5307774312128772,20,0.4117647058823529
SPXW,"d65ret,d80_zero",0.0,1,score_desc,d65win,21,4,30,False,False,False,False,False,-13.520558989778326,-9.253809489577385,-13.520558989778326,110,0.4636363636363636,1.4402018795010458,6.940645022581677,0.0630967729325607,-2.4897598032876815,0.19090909090909092,102,0.46078431372549017,-2.4897598032876815,0.4988464478570659,0,0.6666666666666666,134,0.40298507462686567,0.9738743825928902,-0.5683384362997453,-0.004241331614177204,-3.077952612117665,0.2462686567164179,123,0.3983739837398374,-2.6685863714567652,-5.742823130400004,21,0.5,370,0.3972972972972973,0.954656019831513,-2.4803078085807417,-0.006703534617785788,-5.625442726794924,0.4189189189189189,325,0.39384615384615385,-5.625442726794924,-1.5307774312128772,20,0.4117647058823529
SPXW,"d65ret,d80",0.0,1,score_desc,d80_front,22,2,0,False,False,False,False,False,-13.547028443651286,17.73646745306007,-13.547028443651286,114,0.4649122807017544,1.39238763575027,6.39391375524153,0.05608696276527658,-1.8999999999999986,0.23684210526315788,102,0.4803921568627451,-1.8999999999999986,0.5007267615852377,0,0.8333333333333334,139,0.43884892086330934,1.1368671184990864,2.93877253188196,0.021142248430805467,-2.577373300770348,0.17985611510791366,128,0.4296875,-2.5773733007703488,0.8506953065874158,22,0.6666666666666666,389,0.42930591259640105,1.0914036931316529,5.073254977241734,0.013041786573886206,-3.4255669389456376,0.37789203084832906,342,0.4152046783625731,-3.4255669389456376,0.7743221851969175,20,0.5882352941176471
SPXW,"d65ret,d80",0.0,1,score_desc,d80_front,22,3,0,False,False,False,False,False,-13.547028443651286,16.829971581367666,-13.547028443651286,114,0.4649122807017544,1.39238763575027,6.39391375524153,0.05608696276527658,-1.8999999999999986,0.23684210526315788,102,0.4803921568627451,-1.8999999999999986,0.5007267615852377,0,0.8333333333333334,139,0.4316546762589928,1.1154428624503159,2.4864104885370972,0.01788784524127408,-2.5773733007703483,0.17985611510791366,128,0.4296875,-2.5773733007703488,1.0054655140515025,22,0.6666666666666666,389,0.42930591259640105,1.0848077419815432,4.735775318616577,0.01217422961083953,-3.4255669389456376,0.37789203084832906,342,0.41228070175438597,-3.4255669389456376,0.8295017427445247,20,0.5882352941176471
SPXW,"d65ret,d80",0.0,1,score_desc,d80_front,22,4,0,False,False,False,False,False,-13.547028443651286,16.829971581367666,-13.547028443651286,114,0.4649122807017544,1.39238763575027,6.39391375524153,0.05608696276527658,-1.8999999999999986,0.23684210526315788,102,0.4803921568627451,-1.8999999999999986,0.5007267615852377,0,0.8333333333333334,139,0.4316546762589928,1.1154428624503159,2.4864104885370972,0.01788784524127408,-2.5773733007703483,0.17985611510791366,128,0.4296875,-2.5773733007703488,1.0054655140515025,22,0.6666666666666666,389,0.42930591259640105,1.0848077419815432,4.735775318616577,0.01217422961083953,-3.4255669389456376,0.37789203084832906,342,0.41228070175438597,-3.4255669389456376,0.8295017427445247,20,0.5882352941176471
SPXW,"d65ret,d80",0.0,1,score_desc,d80_front,22,2,30,False,False,False,False,False,-13.547028443651286,17.73646745306007,-13.547028443651286,114,0.4649122807017544,1.39238763575027,6.39391375524153,0.05608696276527658,-1.8999999999999986,0.23684210526315788,102,0.4803921568627451,-1.8999999999999986,0.5007267615852377,0,0.8333333333333334,139,0.43884892086330934,1.1368671184990864,2.93877253188196,0.021142248430805467,-2.577373300770348,0.17985611510791366,128,0.4296875,-2.5773733007703488,0.8506953065874158,22,0.6666666666666666,388,0.42783505154639173,1.0735020736623133,3.9844148224075413,0.010269110367029745,-3.8784437963214655,0.3865979381443299,345,0.42028985507246375,-3.8784437963214655,0.8944559547822811,20,0.6470588235294118
SPXW,"d65ret,d80",0.0,1,score_desc,d80_front,22,3,30,False,False,False,False,False,-13.547028443651286,17.591091299646028,-13.547028443651286,114,0.4649122807017544,1.39238763575027,6.39391375524153,0.05608696276527658,-1.8999999999999986,0.23684210526315788,102,0.4803921568627451,-1.8999999999999986,0.5007267615852377,0,0.8333333333333334,139,0.43884892086330934,1.1320683298932286,2.8357342835732746,0.02040096606887248,-2.5773733007703483,0.17985611510791366,128,0.4296875,-2.5773733007703483,0.8816058734705496,22,0.6666666666666666,388,0.42783505154639173,1.0668602068533748,3.6469351637823832,0.009399317432428823,-3.8784437963214655,0.3865979381443299,345,0.41739130434782606,-3.8784437963214655,0.977227015061316,20,0.6470588235294118
SPXW,"d65ret,d80",0.0,1,score_desc,d80_front,22,4,30,False,False,False,False,False,-13.547028443651286,17.591091299646028,-13.547028443651286,114,0.4649122807017544,1.39238763575027,6.39391375524153,0.05608696276527658,-1.8999999999999986,0.23684210526315788,102,0.4803921568627451,-1.8999999999999986,0.5007267615852377,0,0.8333333333333334,139,0.43884892086330934,1.1320683298932286,2.8357342835732746,0.02040096606887248,-2.5773733007703483,0.17985611510791366,128,0.4296875,-2.5773733007703483,0.8816058734705496,22,0.6666666666666666,388,0.42783505154639173,1.0668602068533748,3.6469351637823832,0.009399317432428823,-3.8784437963214655,0.3865979381443299,345,0.41739130434782606,-3.8784437963214655,0.977227015061316,20,0.6470588235294118
SPXW,"d65ret,d80",0.0,1,score_desc,d80_front,22,2,15,False,False,False,False,False,-13.547028443651286,17.73646745306007,-13.547028443651286,114,0.4649122807017544,1.39238763575027,6.39391375524153,0.05608696276527658,-1.8999999999999986,0.23684210526315788,102,0.4803921568627451,-1.8999999999999986,0.5007267615852377,0,0.8333333333333334,139,0.43884892086330934,1.1368671184990864,2.93877253188196,0.021142248430805467,-2.577373300770348,0.17985611510791366,128,0.4296875,-2.5773733007703488,0.8506953065874158,22,0.6666666666666666,389,0.4241645244215938,1.0594978040521146,3.286294936997714,0.008448058964004405,-3.571471159324936,0.38303341902313626,343,0.4139941690962099,-3.571471159324937,1.1953686310419223,20,0.5882352941176471
SPXW,"d65ret,d80",-999999.0,1,score_desc,d80_front,22,2,0,False,False,False,False,False,-13.547028443651286,17.73646745306007,-13.547028443651286,114,0.4649122807017544,1.39238763575027,6.39391375524153,0.05608696276527658,-1.8999999999999986,0.23684210526315788,102,0.4803921568627451,-1.8999999999999986,0.5007267615852377,0,0.8333333333333334,139,0.43884892086330934,1.1368671184990864,2.93877253188196,0.021142248430805467,-2.577373300770348,0.17985611510791366,128,0.4296875,-2.5773733007703488,0.8506953065874158,22,0.6666666666666666,391,0.42455242966751916,1.0534752347541498,3.0302493474397822,0.007749998331048036,-3.4255669389456402,0.38107416879795397,346,0.4161849710982659,-3.4255669389456394,1.109898956557275,21,0.5294117647058824
SPXW,"d65ret,d80",0.0,1,score_desc,d80_front,22,3,15,False,False,False,False,False,-13.547028443651286,17.591091299646028,-13.547028443651286,114,0.4649122807017544,1.39238763575027,6.39391375524153,0.05608696276527658,-1.8999999999999986,0.23684210526315788,102,0.4803921568627451,-1.8999999999999986,0.5007267615852377,0,0.8333333333333334,139,0.43884892086330934,1.1320683298932286,2.8357342835732746,0.02040096606887248,-2.5773733007703483,0.17985611510791366,128,0.4296875,-2.5773733007703483,0.8816058734705496,22,0.6666666666666666,389,0.4241645244215938,1.0530635739080974,2.948815278372556,0.007580502000957727,-3.6143837068672315,0.38303341902313626,343,0.4110787172011662,-3.6143837068672333,1.3321736050577557,20,0.5882352941176471
SPXW,"d65ret,d80",0.0,1,score_desc,d80_front,22,4,15,False,False,False,False,False,-13.547028443651286,17.591091299646028,-13.547028443651286,114,0.4649122807017544,1.39238763575027,6.39391375524153,0.05608696276527658,-1.8999999999999986,0.23684210526315788,102,0.4803921568627451,-1.8999999999999986,0.5007267615852377,0,0.8333333333333334,139,0.43884892086330934,1.1320683298932286,2.8357342835732746,0.02040096606887248,-2.5773733007703483,0.17985611510791366,128,0.4296875,-2.5773733007703483,0.8816058734705496,22,0.6666666666666666,389,0.4241645244215938,1.0530635739080974,2.948815278372556,0.007580502000957727,-3.6143837068672315,0.38303341902313626,343,0.4110787172011662,-3.6143837068672333,1.3321736050577557,20,0.5882352941176471
SPXW,"d65ret,d80",-999999.0,1,score_desc,d80_front,22,3,0,False,False,False,False,False,-13.547028443651286,16.829971581367666,-13.547028443651286,114,0.4649122807017544,1.39238763575027,6.39391375524153,0.05608696276527658,-1.8999999999999986,0.23684210526315788,102,0.4803921568627451,-1.8999999999999986,0.5007267615852377,0,0.8333333333333334,139,0.4316546762589928,1.1154428624503159,2.4864104885370972,0.01788784524127408,-2.5773733007703483,0.17985611510791366,128,0.4296875,-2.5773733007703488,1.0054655140515025,22,0.6666666666666666,391,0.42455242966751916,1.0472383535246856,2.692769688814625,0.006886878999525895,-3.425566938945641,0.38107416879795397,346,0.41329479768786126,-3.425566938945641,1.2490004632785032,21,0.5294117647058824
SPXW,"d65ret,d80",-999999.0,1,score_desc,d80_front,22,4,0,False,False,False,False,False,-13.547028443651286,16.829971581367666,-13.547028443651286,114,0.4649122807017544,1.39238763575027,6.39391375524153,0.05608696276527658,-1.8999999999999986,0.23684210526315788,102,0.4803921568627451,-1.8999999999999986,0.5007267615852377,0,0.8333333333333334,139,0.4316546762589928,1.1154428624503159,2.4864104885370972,0.01788784524127408,-2.5773733007703483,0.17985611510791366,128,0.4296875,-2.5773733007703488,1.0054655140515025,22,0.6666666666666666,391,0.42455242966751916,1.0472383535246856,2.692769688814625,0.006886878999525895,-3.425566938945641,0.38107416879795397,346,0.41329479768786126,-3.425566938945641,1.2490004632785032,21,0.5294117647058824
SPXW,"d65ret,d80",-999999.0,1,score_desc,d80_front,22,2,30,False,False,False,False,False,-13.547028443651286,17.73646745306007,-13.547028443651286,114,0.4649122807017544,1.39238763575027,6.39391375524153,0.05608696276527658,-1.8999999999999986,0.23684210526315788,102,0.4803921568627451,-1.8999999999999986,0.5007267615852377,0,0.8333333333333334,139,0.43884892086330934,1.1368671184990864,2.93877253188196,0.021142248430805467,-2.577373300770348,0.17985611510791366,128,0.4296875,-2.5773733007703488,0.8506953065874158,22,0.6666666666666666,390,0.4230769230769231,1.042776966731407,2.368593694582186,0.006073317165595349,-3.8784437963214673,0.38974358974358975,348,0.41954022988505746,-3.878443796321467,1.4187914456754898,21,0.5882352941176471
SPXW,"d65ret,d80",-999999.0,1,score_desc,d80_front,22,3,30,False,False,False,False,False,-13.547028443651286,17.591091299646028,-13.547028443651286,114,0.4649122807017544,1.39238763575027,6.39391375524153,0.05608696276527658,-1.8999999999999986,0.23684210526315788,102,0.4803921568627451,-1.8999999999999986,0.5007267615852377,0,0.8333333333333334,139,0.43884892086330934,1.1320683298932286,2.8357342835732746,0.02040096606887248,-2.5773733007703483,0.17985611510791366,128,0.4296875,-2.5773733007703483,0.8816058734705496,22,0.6666666666666666,390,0.4230769230769231,1.0364598413343038,2.031114035957028,0.005207984707582124,-3.8784437963214677,0.38974358974358975,348,0.4166666666666667,-3.8784437963214673,1.654530672656534,21,0.5882352941176471
SPXW,"d65ret,d80",-999999.0,1,score_desc,d80_front,22,4,30,False,False,False,False,False,-13.547028443651286,17.591091299646028,-13.547028443651286,114,0.4649122807017544,1.39238763575027,6.39391375524153,0.05608696276527658,-1.8999999999999986,0.23684210526315788,102,0.4803921568627451,-1.8999999999999986,0.5007267615852377,0,0.8333333333333334,139,0.43884892086330934,1.1320683298932286,2.8357342835732746,0.02040096606887248,-2.5773733007703483,0.17985611510791366,128,0.4296875,-2.5773733007703483,0.8816058734705496,22,0.6666666666666666,390,0.4230769230769231,1.0364598413343038,2.031114035957028,0.005207984707582124,-3.8784437963214677,0.38974358974358975,348,0.4166666666666667,-3.8784437963214673,1.654530672656534,21,0.5882352941176471
SPXW,"d65ret,d80",-999999.0,1,score_desc,d80_front,22,2,15,False,False,False,False,False,-13.547028443651286,17.73646745306007,-13.547028443651286,114,0.4649122807017544,1.39238763575027,6.39391375524153,0.05608696276527658,-1.8999999999999986,0.23684210526315788,102,0.4803921568627451,-1.8999999999999986,0.5007267615852377,0,0.8333333333333334,139,0.43884892086330934,1.1368671184990864,2.93877253188196,0.021142248430805467,-2.577373300770348,0.17985611510791366,128,0.4296875,-2.5773733007703488,0.8506953065874158,22,0.6666666666666666,391,0.4194373401534527,1.0220455193362832,1.2432893071957625,0.0031797680490940217,-3.536162396030324,0.38618925831202044,347,0.414985590778098,-3.536162396030325,2.64066856027707,21,0.5294117647058824
SPXW,"d65ret,d80",-999999.0,1,score_desc,d80_front,22,3,15,False,False,False,False,False,-13.547028443651286,17.591091299646028,-13.547028443651286,114,0.4649122807017544,1.39238763575027,6.39391375524153,0.05608696276527658,-1.8999999999999986,0.23684210526315788,102,0.4803921568627451,-1.8999999999999986,0.5007267615852377,0,0.8333333333333334,139,0.43884892086330934,1.1320683298932286,2.8357342835732746,0.02040096606887248,-2.5773733007703483,0.17985611510791366,128,0.4296875,-2.5773733007703483,0.8816058734705496,22,0.6666666666666666,391,0.4194373401534527,1.0159659211432177,0.9058096485706046,0.002316648717571879,-3.540789599222711,0.38618925831202044,347,0.41210374639769454,-3.5407895992227103,3.624508736489356,21,0.5294117647058824
SPXW,"d65ret,d80",-999999.0,1,score_desc,d80_front,22,4,15,False,False,False,False,False,-13.547028443651286,17.591091299646028,-13.547028443651286,114,0.4649122807017544,1.39238763575027,6.39391375524153,0.05608696276527658,-1.8999999999999986,0.23684210526315788,102,0.4803921568627451,-1.8999999999999986,0.5007267615852377,0,0.8333333333333334,139,0.43884892086330934,1.1320683298932286,2.8357342835732746,0.02040096606887248,-2.5773733007703483,0.17985611510791366,128,0.4296875,-2.5773733007703483,0.8816058734705496,22,0.6666666666666666,391,0.4194373401534527,1.0159659211432177,0.9058096485706046,0.002316648717571879,-3.540789599222711,0.38618925831202044,347,0.41210374639769454,-3.5407895992227103,3.624508736489356,21,0.5294117647058824
SPXW,"d65ret,d80",-999999.0,1,score_desc,d65ret,21,2,0,False,False,False,False,False,-13.549470450489718,18.230584432314174,-13.549470450489718,110,0.4636363636363636,1.3931686047830603,6.465297495622947,0.058775431778390425,-2.3999999999999986,0.21818181818181817,102,0.47058823529411764,-2.3999999999999986,0.5413517324406998,0,0.8333333333333334,133,0.44360902255639095,1.147877080386412,3.1832876762495927,0.023934493806387916,-2.2774802861251224,0.19548872180451127,128,0.453125,-2.2774802861251224,0.7876465420661063,20,0.6666666666666666,375,0.424,1.060261146379764,3.4733408620069888,0.009262242298685303,-3.564474139191339,0.384,345,0.41739130434782606,-3.5644741391913386,1.242872054106565,19,0.5294117647058824
SPXW,"d65ret,d80",0.0,1,score_desc,d65ret,21,2,0,False,False,False,False,False,-13.549470450489718,18.230584432314174,-13.549470450489718,110,0.4636363636363636,1.3931686047830603,6.465297495622947,0.058775431778390425,-2.3999999999999986,0.21818181818181817,102,0.47058823529411764,-2.3999999999999986,0.5413517324406998,0,0.8333333333333334,133,0.44360902255639095,1.147877080386412,3.1832876762495927,0.023934493806387916,-2.2774802861251224,0.19548872180451127,128,0.453125,-2.2774802861251224,0.7876465420661063,20,0.6666666666666666,372,0.4220430107526882,1.0539694508151771,3.1101301007811504,0.008360564787046103,-3.751765663468055,0.3870967741935484,340,0.4176470588235294,-3.751765663468054,1.5279703694142552,17,0.5294117647058824
SPXW,"d65ret,d80",-999999.0,1,score_desc,d65ret,21,3,0,False,False,False,False,False,-13.549470450489718,18.230584432314174,-13.549470450489718,110,0.4636363636363636,1.3931686047830603,6.465297495622946,0.05877543177839042,-2.3999999999999986,0.21818181818181817,102,0.46078431372549017,-2.3999999999999986,0.5413517324406999,0,0.8333333333333334,133,0.44360902255639095,1.147877080386412,3.1832876762495927,0.023934493806387916,-2.2774802861251224,0.19548872180451127,128,0.453125,-2.2774802861251224,0.7876465420661063,20,0.6666666666666666,375,0.424,1.0516609397403556,2.9776408805610344,0.007940375681496092,-3.564474139191339,0.384,345,0.41739130434782606,-3.5644741391913386,1.297643274261104,19,0.5294117647058824
SPXW,"d65ret,d80",-999999.0,1,score_desc,d65ret,21,4,0,False,False,False,False,False,-13.549470450489718,18.230584432314174,-13.549470450489718,110,0.4636363636363636,1.3931686047830603,6.465297495622946,0.05877543177839042,-2.3999999999999986,0.21818181818181817,102,0.46078431372549017,-2.3999999999999986,0.5413517324406999,0,0.8333333333333334,133,0.44360902255639095,1.147877080386412,3.1832876762495927,0.023934493806387916,-2.2774802861251224,0.19548872180451127,128,0.453125,-2.2774802861251224,0.7876465420661063,20,0.6666666666666666,375,0.424,1.0516609397403556,2.9776408805610344,0.007940375681496092,-3.564474139191339,0.384,345,0.41739130434782606,-3.5644741391913386,1.297643274261104,19,0.5294117647058824
SPXW,"d65ret,d80",0.0,1,score_desc,d65ret,21,3,0,False,False,False,False,False,-13.549470450489718,18.230584432314174,-13.549470450489718,110,0.4636363636363636,1.3931686047830603,6.465297495622946,0.05877543177839042,-2.3999999999999986,0.21818181818181817,102,0.46078431372549017,-2.3999999999999986,0.5413517324406999,0,0.8333333333333334,133,0.44360902255639095,1.147877080386412,3.1832876762495927,0.023934493806387916,-2.2774802861251224,0.19548872180451127,128,0.453125,-2.2774802861251224,0.7876465420661063,20,0.6666666666666666,372,0.4220430107526882,1.045367670535628,2.6144301193351964,0.007028037955202141,-3.751765663468055,0.3870967741935484,340,0.4176470588235294,-3.751765663468054,1.6511890143281434,17,0.5294117647058824
SPXW,"d65ret,d80",0.0,1,score_desc,d65ret,21,4,0,False,False,False,False,False,-13.549470450489718,18.230584432314174,-13.549470450489718,110,0.4636363636363636,1.3931686047830603,6.465297495622946,0.05877543177839042,-2.3999999999999986,0.21818181818181817,102,0.46078431372549017,-2.3999999999999986,0.5413517324406999,0,0.8333333333333334,133,0.44360902255639095,1.147877080386412,3.1832876762495927,0.023934493806387916,-2.2774802861251224,0.19548872180451127,128,0.453125,-2.2774802861251224,0.7876465420661063,20,0.6666666666666666,372,0.4220430107526882,1.045367670535628,2.6144301193351964,0.007028037955202141,-3.751765663468055,0.3870967741935484,340,0.4176470588235294,-3.751765663468054,1.6511890143281434,17,0.5294117647058824
SPXW,"d65ret,d80",-999999.0,1,score_desc,d65ret,21,2,30,False,False,False,False,False,-13.549470450489718,18.230584432314174,-13.549470450489718,110,0.4636363636363636,1.3931686047830603,6.465297495622947,0.058775431778390425,-2.3999999999999986,0.21818181818181817,102,0.47058823529411764,-2.3999999999999986,0.5413517324406998,0,0.8333333333333334,133,0.44360902255639095,1.147877080386412,3.1832876762495927,0.023934493806387916,-2.2774802861251224,0.19548872180451127,128,0.453125,-2.2774802861251224,0.7876465420661063,20,0.6666666666666666,373,0.42091152815013405,1.0376615783813794,2.1707436213601543,0.0058196879929226656,-4.051765663468056,0.38873994638069703,345,0.4115942028985507,-4.051765663468057,1.9805121004447366,19,0.5294117647058824
SPXW,"d65ret,d80",-999999.0,1,score_desc,d65ret,21,3,30,False,False,False,False,False,-13.549470450489718,18.230584432314174,-13.549470450489718,110,0.4636363636363636,1.3931686047830603,6.465297495622946,0.05877543177839042,-2.3999999999999986,0.21818181818181817,102,0.46078431372549017,-2.3999999999999986,0.5413517324406999,0,0.8333333333333334,133,0.44360902255639095,1.147877080386412,3.1832876762495927,0.023934493806387916,-2.2774802861251224,0.19548872180451127,128,0.453125,-2.2774802861251224,0.7876465420661063,20,0.6666666666666666,373,0.42091152815013405,1.0376615783813794,2.1707436213601543,0.0058196879929226656,-4.051765663468056,0.38873994638069703,345,0.4115942028985507,-4.051765663468057,1.9805121004447366,19,0.5294117647058824
SPXW,"d65ret,d80",-999999.0,1,score_desc,d65ret,21,4,30,False,False,False,False,False,-13.549470450489718,18.230584432314174,-13.549470450489718,110,0.4636363636363636,1.3931686047830603,6.465297495622946,0.05877543177839042,-2.3999999999999986,0.21818181818181817,102,0.46078431372549017,-2.3999999999999986,0.5413517324406999,0,0.8333333333333334,133,0.44360902255639095,1.147877080386412,3.1832876762495927,0.023934493806387916,-2.2774802861251224,0.19548872180451127,128,0.453125,-2.2774802861251224,0.7876465420661063,20,0.6666666666666666,373,0.42091152815013405,1.0376615783813794,2.1707436213601543,0.0058196879929226656,-4.051765663468056,0.38873994638069703,345,0.4115942028985507,-4.051765663468057,1.9805121004447366,19,0.5294117647058824
SPXW,"d65ret,d80",0.0,1,score_desc,d65ret,21,2,30,False,False,False,False,False,-13.549470450489718,18.230584432314174,-13.549470450489718,110,0.4636363636363636,1.3931686047830603,6.465297495622947,0.058775431778390425,-2.3999999999999986,0.21818181818181817,102,0.47058823529411764,-2.3999999999999986,0.5413517324406998,0,0.8333333333333334,133,0.44360902255639095,1.147877080386412,3.1832876762495927,0.023934493806387916,-2.2774802861251224,0.19548872180451127,128,0.453125,-2.2774802861251224,0.7876465420661063,20,0.6666666666666666,369,0.42005420054200543,1.0367629682661732,2.1075328601343175,0.005711471165675657,-4.251765663468058,0.3902439024390244,340,0.4117647058823529,-4.251765663468058,2.2548576721665454,17,0.5294117647058824
SPXW,"d65ret,d80",0.0,1,score_desc,d65ret,21,3,30,False,False,False,False,False,-13.549470450489718,18.230584432314174,-13.549470450489718,110,0.4636363636363636,1.3931686047830603,6.465297495622946,0.05877543177839042,-2.3999999999999986,0.21818181818181817,102,0.46078431372549017,-2.3999999999999986,0.5413517324406999,0,0.8333333333333334,133,0.44360902255639095,1.147877080386412,3.1832876762495927,0.023934493806387916,-2.2774802861251224,0.19548872180451127,128,0.453125,-2.2774802861251224,0.7876465420661063,20,0.6666666666666666,369,0.42005420054200543,1.0367629682661732,2.1075328601343175,0.005711471165675657,-4.251765663468058,0.3902439024390244,340,0.4117647058823529,-4.251765663468058,2.2548576721665454,17,0.5294117647058824
SPXW,"d65ret,d80",0.0,1,score_desc,d65ret,21,4,30,False,False,False,False,False,-13.549470450489718,18.230584432314174,-13.549470450489718,110,0.4636363636363636,1.3931686047830603,6.465297495622946,0.05877543177839042,-2.3999999999999986,0.21818181818181817,102,0.46078431372549017,-2.3999999999999986,0.5413517324406999,0,0.8333333333333334,133,0.44360902255639095,1.147877080386412,3.1832876762495927,0.023934493806387916,-2.2774802861251224,0.19548872180451127,128,0.453125,-2.2774802861251224,0.7876465420661063,20,0.6666666666666666,369,0.42005420054200543,1.0367629682661732,2.1075328601343175,0.005711471165675657,-4.251765663468058,0.3902439024390244,340,0.4117647058823529,-4.251765663468058,2.2548576721665454,17,0.5294117647058824
SPXW,"d65ret,d80",-999999.0,1,score_desc,d65ret,21,2,15,False,False,False,False,False,-13.549470450489718,18.230584432314174,-13.549470450489718,110,0.4636363636363636,1.3931686047830603,6.465297495622947,0.058775431778390425,-2.3999999999999986,0.21818181818181817,102,0.47058823529411764,-2.3999999999999986,0.5413517324406998,0,0.8333333333333334,133,0.44360902255639095,1.147877080386412,3.1832876762495927,0.023934493806387916,-2.2774802861251224,0.19548872180451127,128,0.453125,-2.2774802861251224,0.7876465420661063,20,0.6666666666666666,373,0.42091152815013405,1.0352326321507719,2.0307436595071273,0.005444352974549939,-4.051765663468059,0.38605898123324395,345,0.4115942028985507,-4.051765663468059,2.117049086397467,19,0.5294117647058824
SPXW,"d65ret,d80",-999999.0,1,score_desc,d65ret,21,3,15,False,False,False,False,False,-13.549470450489718,18.230584432314174,-13.549470450489718,110,0.4636363636363636,1.3931686047830603,6.465297495622946,0.05877543177839042,-2.3999999999999986,0.21818181818181817,102,0.46078431372549017,-2.3999999999999986,0.5413517324406999,0,0.8333333333333334,133,0.44360902255639095,1.147877080386412,3.1832876762495927,0.023934493806387916,-2.2774802861251224,0.19548872180451127,128,0.453125,-2.2774802861251224,0.7876465420661063,20,0.6666666666666666,373,0.42091152815013405,1.0352326321507719,2.0307436595071273,0.005444352974549939,-4.051765663468059,0.38605898123324395,345,0.4115942028985507,-4.051765663468059,2.117049086397467,19,0.5294117647058824
SPXW,"d65ret,d80",-999999.0,1,score_desc,d65ret,21,4,15,False,False,False,False,False,-13.549470450489718,18.230584432314174,-13.549470450489718,110,0.4636363636363636,1.3931686047830603,6.465297495622946,0.05877543177839042,-2.3999999999999986,0.21818181818181817,102,0.46078431372549017,-2.3999999999999986,0.5413517324406999,0,0.8333333333333334,133,0.44360902255639095,1.147877080386412,3.1832876762495927,0.023934493806387916,-2.2774802861251224,0.19548872180451127,128,0.453125,-2.2774802861251224,0.7876465420661063,20,0.6666666666666666,373,0.42091152815013405,1.0352326321507719,2.0307436595071273,0.005444352974549939,-4.051765663468059,0.38605898123324395,345,0.4115942028985507,-4.051765663468059,2.117049086397467,19,0.5294117647058824
SPXW,"d65ret,d80",0.0,1,score_desc,d65ret,21,2,15,False,False,False,False,False,-13.549470450489718,18.230584432314174,-13.549470450489718,110,0.4636363636363636,1.3931686047830603,6.465297495622947,0.058775431778390425,-2.3999999999999986,0.21818181818181817,102,0.47058823529411764,-2.3999999999999986,0.5413517324406998,0,0.8333333333333334,133,0.44360902255639095,1.147877080386412,3.1832876762495927,0.023934493806387916,-2.2774802861251224,0.19548872180451127,128,0.453125,-2.2774802861251224,0.7876465420661063,20,0.6666666666666666,370,0.4189189189189189,1.028936356943357,1.6675328982812903,0.004506845671030514,-4.251765663468058,0.3891891891891892,340,0.4117647058823529,-4.251765663468058,2.8498308152810665,17,0.5294117647058824
SPXW,"d65ret,d80",0.0,1,score_desc,d65ret,21,3,15,False,False,False,False,False,-13.549470450489718,18.230584432314174,-13.549470450489718,110,0.4636363636363636,1.3931686047830603,6.465297495622946,0.05877543177839042,-2.3999999999999986,0.21818181818181817,102,0.46078431372549017,-2.3999999999999986,0.5413517324406999,0,0.8333333333333334,133,0.44360902255639095,1.147877080386412,3.1832876762495927,0.023934493806387916,-2.2774802861251224,0.19548872180451127,128,0.453125,-2.2774802861251224,0.7876465420661063,20,0.6666666666666666,370,0.4189189189189189,1.028936356943357,1.6675328982812903,0.004506845671030514,-4.251765663468058,0.3891891891891892,340,0.4117647058823529,-4.251765663468058,2.8498308152810665,17,0.5294117647058824
SPXW,"d65ret,d80",0.0,1,score_desc,d65ret,21,4,15,False,False,False,False,False,-13.549470450489718,18.230584432314174,-13.549470450489718,110,0.4636363636363636,1.3931686047830603,6.465297495622946,0.05877543177839042,-2.3999999999999986,0.21818181818181817,102,0.46078431372549017,-2.3999999999999986,0.5413517324406999,0,0.8333333333333334,133,0.44360902255639095,1.147877080386412,3.1832876762495927,0.023934493806387916,-2.2774802861251224,0.19548872180451127,128,0.453125,-2.2774802861251224,0.7876465420661063,20,0.6666666666666666,370,0.4189189189189189,1.028936356943357,1.6675328982812903,0.004506845671030514,-4.251765663468058,0.3891891891891892,340,0.4117647058823529,-4.251765663468058,2.8498308152810665,17,0.5294117647058824
SPXW,"d50ret,d65ret,d80_zero",-999999.0,1,score_desc,d80,22,2,30,False,False,False,False,False,-13.60089781598733,-12.713752443036697,-13.60089781598733,109,0.46788990825688076,1.4452076691535019,7.077112410803993,0.06492763679636691,-2.3999999999999995,0.2018348623853211,102,0.49019607843137253,-2.3999999999999995,0.37388085605613414,0,0.5,137,0.3795620437956204,0.9337496521431108,-1.6017863683888154,-0.011691871302108142,-4.432045324651458,0.24087591240875914,128,0.3828125,-4.432045324651458,-1.715892453928529,21,0.3333333333333333,382,0.418848167539267,1.0695632509729722,3.991150766578871,0.01044803865596563,-4.33326313737072,0.4214659685863874,349,0.40974212034383956,-4.333263137370719,1.1325558347965834,20,0.47058823529411764
SPXW,"d50ret,d65ret,d80_zero",0.0,1,score_desc,d80,22,2,30,False,False,False,False,False,-13.60089781598733,-12.713752443036697,-13.60089781598733,109,0.46788990825688076,1.4452076691535019,7.077112410803993,0.06492763679636691,-2.3999999999999995,0.2018348623853211,102,0.49019607843137253,-2.3999999999999995,0.37388085605613414,0,0.5,137,0.3795620437956204,0.9337496521431108,-1.6017863683888154,-0.011691871302108142,-4.432045324651458,0.24087591240875914,128,0.3828125,-4.432045324651458,-1.715892453928529,21,0.3333333333333333,374,0.4197860962566845,1.0654989472858227,3.73865875102006,0.00999641377278091,-4.333263137370719,0.40106951871657753,336,0.41369047619047616,-4.333263137370719,1.2271890942975263,19,0.5294117647058824
SPXW,"d50ret,d65ret,d80_zero",0.0,1,score_desc,d80,22,2,15,False,False,False,False,False,-13.60089781598733,-12.713752443036697,-13.60089781598733,109,0.46788990825688076,1.4452076691535019,7.077112410803993,0.06492763679636691,-2.3999999999999995,0.2018348623853211,102,0.49019607843137253,-2.3999999999999995,0.37388085605613414,0,0.5,137,0.3795620437956204,0.9337496521431108,-1.6017863683888154,-0.011691871302108142,-4.432045324651458,0.24087591240875914,128,0.3828125,-4.432045324651458,-1.715892453928529,21,0.3333333333333333,374,0.4197860962566845,1.0625867140134382,3.5859054329765057,0.009587982441113651,-4.33326313737072,0.40106951871657753,334,0.41317365269461076,-4.33326313737072,1.3553268763492239,19,0.5294117647058824
SPXW,"d50ret,d65ret,d80_zero",-999999.0,1,score_desc,d80,22,2,15,False,False,False,False,False,-13.60089781598733,-12.713752443036697,-13.60089781598733,109,0.46788990825688076,1.4452076691535019,7.077112410803993,0.06492763679636691,-2.3999999999999995,0.2018348623853211,102,0.49019607843137253,-2.3999999999999995,0.37388085605613414,0,0.5,137,0.3795620437956204,0.9337496521431108,-1.6017863683888154,-0.011691871302108142,-4.432045324651458,0.24087591240875914,128,0.3828125,-4.432045324651458,-1.715892453928529,21,0.3333333333333333,384,0.4140625,1.0457212733300818,2.6643804146336993,0.006938490663108592,-4.33326313737072,0.4270833333333333,349,0.40974212034383956,-4.333263137370719,1.6965299187065213,20,0.47058823529411764
SPXW,"d50ret,d65ret,d80_zero",-999999.0,1,score_desc,d80,22,2,0,False,False,False,False,False,-13.60089781598733,-11.268738155116218,-13.60089781598733,109,0.46788990825688076,1.4452076691535019,7.077112410803993,0.06492763679636691,-2.3999999999999995,0.2018348623853211,102,0.49019607843137253,-2.3999999999999995,0.37388085605613414,0,0.5,137,0.38686131386861317,0.9549448894732215,-1.0758160394639293,-0.007852671820904593,-4.432045324651456,0.24817518248175183,128,0.3828125,-4.432045324651457,-2.554798442764902,21,0.3333333333333333,387,0.40568475452196384,1.0298683766410996,1.779196963921673,0.004597408175508199,-4.380261589901638,0.4263565891472868,349,0.40114613180515757,-4.333263137370718,2.672411183649997,20,0.4117647058823529
SPXW,"d50ret,d65ret,d80_zero",0.0,1,score_desc,d80,22,2,0,False,False,False,False,False,-13.60089781598733,-11.268738155116218,-13.60089781598733,109,0.46788990825688076,1.4452076691535019,7.077112410803993,0.06492763679636691,-2.3999999999999995,0.2018348623853211,102,0.49019607843137253,-2.3999999999999995,0.37388085605613414,0,0.5,137,0.38686131386861317,0.9549448894732215,-1.0758160394639293,-0.007852671820904593,-4.432045324651456,0.24817518248175183,128,0.3828125,-4.432045324651457,-2.554798442764902,21,0.3333333333333333,378,0.40476190476190477,1.0236991158628184,1.410149820960957,0.003730555081907294,-4.333263137370719,0.3968253968253968,329,0.4012158054711246,-4.333263137370719,3.3718019132607076,19,0.47058823529411764
SPXW,"d65ret,d80_front",0.0,1,score_desc,d80,22,2,30,False,False,False,False,False,-11.468038139291178,-13.609899449100986,-13.609899449100986,109,0.48623853211009177,1.5943774910435489,8.456575105227245,0.07758325784612151,-2.400000000000003,0.2018348623853211,102,0.5,-2.400000000000003,0.3366480662169583,0,0.6666666666666666,137,0.4233576642335766,0.8845774071492298,-2.3192677339358765,-0.01692896156157574,-3.4300251885443247,0.2116788321167883,128,0.421875,-3.4300251885443243,-1.077926434891333,21,0.16666666666666666,382,0.42670157068062825,0.9614499633974627,-2.005052630815433,-0.005248828876480191,-5.354402114465172,0.3900523560209424,345,0.4318840579710145,-5.35440211446517,-2.0489448863608177,19,0.4117647058823529
SPXW,"d65ret,d80_front",0.0,1,score_desc,d80,22,2,15,False,False,False,False,False,-11.468038139291178,-13.609899449100986,-13.609899449100986,109,0.48623853211009177,1.5943774910435489,8.456575105227245,0.07758325784612151,-2.400000000000003,0.2018348623853211,102,0.5,-2.400000000000003,0.3366480662169583,0,0.6666666666666666,137,0.4233576642335766,0.8845774071492298,-2.3192677339358765,-0.01692896156157574,-3.4300251885443247,0.2116788321167883,128,0.421875,-3.4300251885443243,-1.077926434891333,21,0.16666666666666666,382,0.42408376963350786,0.9566393806469933,-2.256699160363943,-0.0059075894250364995,-5.606048644013681,0.39267015706806285,345,0.43478260869565216,-5.60604864401368,-1.8204652205972551,19,0.4117647058823529
SPXW,"d65ret,d80_front",-999999.0,1,score_desc,d80,22,2,30,False,False,False,False,False,-11.468038139291178,-13.609899449100986,-13.609899449100986,109,0.48623853211009177,1.5943774910435489,8.456575105227245,0.07758325784612151,-2.400000000000003,0.2018348623853211,102,0.5,-2.400000000000003,0.3366480662169583,0,0.6666666666666666,137,0.4233576642335766,0.8845774071492298,-2.3192677339358765,-0.01692896156157574,-3.4300251885443247,0.2116788321167883,128,0.421875,-3.4300251885443243,-1.077926434891333,21,0.16666666666666666,384,0.4244791666666667,0.9451844335521236,-2.8600083217758163,-0.007447938337957855,-5.394157373009715,0.3984375,348,0.4281609195402299,-5.3941573730097145,-1.4364441891703044,20,0.4117647058823529
SPXW,"d65ret,d80_front",-999999.0,1,score_desc,d80,22,2,15,False,False,False,False,False,-11.468038139291178,-13.609899449100986,-13.609899449100986,109,0.48623853211009177,1.5943774910435489,8.456575105227245,0.07758325784612151,-2.400000000000003,0.2018348623853211,102,0.5,-2.400000000000003,0.3366480662169583,0,0.6666666666666666,137,0.4233576642335766,0.8845774071492298,-2.3192677339358765,-0.01692896156157574,-3.4300251885443247,0.2116788321167883,128,0.421875,-3.4300251885443243,-1.077926434891333,21,0.16666666666666666,384,0.421875,0.9403992550754987,-3.1116548513243263,-0.008103267841990433,-5.6458039025582245,0.4010416666666667,348,0.43103448275862066,-5.645803902558224,-1.3202757153625537,20,0.4117647058823529
SPXW,d80,-999999.0,1,score_desc,d50ret,21,3,0,False,False,False,False,False,-13.61762205414566,24.17460740775214,-13.61762205414566,63,0.5079365079365079,1.4318704382574183,3.9227864846892544,0.06226645213792467,-1.9,0.20634920634920634,61,0.5245901639344263,-1.5999999999999999,0.6373020835463694,0,0.5,135,0.4888888888888889,1.376758142608749,7.413822445521837,0.054917203300161754,-2.2774802861251215,0.1259259259259259,124,0.46774193548387094,-2.2774802861251215,0.5696159039084719,21,0.8333333333333334,376,0.4521276595744681,1.2866567377603901,13.99125072725505,0.037210773210784705,-2.8904611199544012,0.4148936170212766,334,0.46107784431137727,-2.8904611199544012,0.32217400584650663,19,0.6470588235294118
SPXW,d80,-999999.0,1,score_desc,d50ret,21,4,0,False,False,False,False,False,-13.61762205414566,24.17460740775214,-13.61762205414566,63,0.5079365079365079,1.4318704382574183,3.9227864846892544,0.06226645213792467,-1.9,0.20634920634920634,61,0.5245901639344263,-1.5999999999999999,0.6373020835463694,0,0.5,135,0.4888888888888889,1.376758142608749,7.413822445521837,0.054917203300161754,-2.2774802861251215,0.1259259259259259,124,0.46774193548387094,-2.2774802861251215,0.5696159039084719,21,0.8333333333333334,376,0.4521276595744681,1.2866567377603901,13.99125072725505,0.037210773210784705,-2.8904611199544012,0.4148936170212766,334,0.46107784431137727,-2.8904611199544012,0.32217400584650663,19,0.6470588235294118
SPXW,d80,-999999.0,1,score_desc,d50ret,21,2,0,False,False,False,False,False,-13.61762205414566,24.17460740775214,-13.61762205414566,63,0.5079365079365079,1.4318704382574183,3.9227864846892544,0.06226645213792467,-1.9,0.20634920634920634,61,0.5245901639344263,-1.5999999999999999,0.6373020835463694,0,0.5,135,0.4888888888888889,1.376758142608749,7.413822445521837,0.054917203300161754,-2.2774802861251215,0.1259259259259259,124,0.46774193548387094,-2.2774802861251215,0.5696159039084719,21,0.8333333333333334,376,0.449468085106383,1.2809597636790413,13.664511383542628,0.03634178559452827,-2.8904611199544004,0.4148936170212766,335,0.4626865671641791,-2.8904611199544004,0.29405126538159615,19,0.6470588235294118
SPXW,d80,0.0,1,score_desc,d50ret,21,3,0,False,False,False,False,False,-13.61762205414566,24.17460740775214,-13.61762205414566,63,0.5079365079365079,1.4318704382574183,3.9227864846892544,0.06226645213792467,-1.9,0.20634920634920634,61,0.5245901639344263,-1.5999999999999999,0.6373020835463694,0,0.5,135,0.4888888888888889,1.376758142608749,7.413822445521837,0.054917203300161754,-2.2774802861251215,0.1259259259259259,124,0.46774193548387094,-2.2774802861251215,0.5696159039084719,21,0.8333333333333334,368,0.44021739130434784,1.2329437345841345,11.51189746688164,0.03128233007304793,-3.763365542413621,0.4048913043478261,323,0.4613003095975232,-3.6387665936544282,0.3404934615172124,17,0.5882352941176471
SPXW,d80,0.0,1,score_desc,d50ret,21,4,0,False,False,False,False,False,-13.61762205414566,24.17460740775214,-13.61762205414566,63,0.5079365079365079,1.4318704382574183,3.9227864846892544,0.06226645213792467,-1.9,0.20634920634920634,61,0.5245901639344263,-1.5999999999999999,0.6373020835463694,0,0.5,135,0.4888888888888889,1.376758142608749,7.413822445521837,0.054917203300161754,-2.2774802861251215,0.1259259259259259,124,0.46774193548387094,-2.2774802861251215,0.5696159039084719,21,0.8333333333333334,368,0.44021739130434784,1.2329437345841345,11.51189746688164,0.03128233007304793,-3.763365542413621,0.4048913043478261,323,0.4613003095975232,-3.6387665936544282,0.3404934615172124,17,0.5882352941176471
SPXW,d80,0.0,1,score_desc,d50ret,21,2,0,False,False,False,False,False,-13.61762205414566,24.17460740775214,-13.61762205414566,63,0.5079365079365079,1.4318704382574183,3.9227864846892544,0.06226645213792467,-1.9,0.20634920634920634,61,0.5245901639344263,-1.5999999999999999,0.6373020835463694,0,0.5,135,0.4888888888888889,1.376758142608749,7.413822445521837,0.054917203300161754,-2.2774802861251215,0.1259259259259259,124,0.46774193548387094,-2.2774802861251215,0.5696159039084719,21,0.8333333333333334,368,0.4375,1.2271284480470563,11.185158123169217,0.03039445142165548,-3.763365542413621,0.4048913043478261,324,0.46296296296296297,-3.63876659365443,0.3057378160838024,17,0.5882352941176471
SPXW,d80,-999999.0,1,score_desc,d50ret,21,3,30,False,False,False,False,False,-13.61762205414566,24.17460740775214,-13.61762205414566,63,0.5079365079365079,1.4318704382574183,3.9227864846892544,0.06226645213792467,-1.9,0.20634920634920634,61,0.5245901639344263,-1.5999999999999999,0.6373020835463694,0,0.5,135,0.4888888888888889,1.376758142608749,7.413822445521837,0.054917203300161754,-2.2774802861251215,0.1259259259259259,124,0.47580645161290325,-2.2774802861251215,0.5406106180869333,21,0.8333333333333334,372,0.4435483870967742,1.224002024988282,10.998122879560539,0.029564846450431555,-3.4015387417001373,0.43010752688172044,337,0.456973293768546,-3.4015387417001373,0.35722895404387195,19,0.6470588235294118
SPXW,d80,-999999.0,1,score_desc,d50ret,21,4,30,False,False,False,False,False,-13.61762205414566,24.17460740775214,-13.61762205414566,63,0.5079365079365079,1.4318704382574183,3.9227864846892544,0.06226645213792467,-1.9,0.20634920634920634,61,0.5245901639344263,-1.5999999999999999,0.6373020835463694,0,0.5,135,0.4888888888888889,1.376758142608749,7.413822445521837,0.054917203300161754,-2.2774802861251215,0.1259259259259259,124,0.47580645161290325,-2.2774802861251215,0.5406106180869333,21,0.8333333333333334,372,0.4435483870967742,1.224002024988282,10.998122879560539,0.029564846450431555,-3.4015387417001373,0.43010752688172044,337,0.456973293768546,-3.4015387417001373,0.35722895404387195,19,0.6470588235294118
SPXW,d80,-999999.0,1,score_desc,d50ret,21,2,30,False,False,False,False,False,-13.61762205414566,24.17460740775214,-13.61762205414566,63,0.5079365079365079,1.4318704382574183,3.9227864846892544,0.06226645213792467,-1.9,0.20634920634920634,61,0.5245901639344263,-1.5999999999999999,0.6373020835463694,0,0.5,135,0.4888888888888889,1.376758142608749,7.413822445521837,0.054917203300161754,-2.2774802861251215,0.1259259259259259,124,0.47580645161290325,-2.2774802861251215,0.5406106180869333,21,0.8333333333333334,372,0.44086021505376344,1.2181169302004662,10.671383535848115,0.028686514881312138,-3.4015387417001373,0.43010752688172044,338,0.45857988165680474,-3.4015387417001373,0.3213124072612463,19,0.6470588235294118
SPXW,d80,0.0,1,score_desc,d50ret,21,3,30,False,False,False,False,False,-13.61762205414566,24.17460740775214,-13.61762205414566,63,0.5079365079365079,1.4318704382574183,3.9227864846892544,0.06226645213792467,-1.9,0.20634920634920634,61,0.5245901639344263,-1.5999999999999999,0.6373020835463694,0,0.5,135,0.4888888888888889,1.376758142608749,7.413822445521837,0.054917203300161754,-2.2774802861251215,0.1259259259259259,124,0.47580645161290325,-2.2774802861251215,0.5406106180869333,21,0.8333333333333334,366,0.43989071038251365,1.2142544011223537,10.498574245217094,0.028684629085292606,-3.401538741700137,0.4180327868852459,328,0.4573170731707317,-3.401538741700137,0.3700727569387899,17,0.5882352941176471
SPXW,d80,0.0,1,score_desc,d50ret,21,4,30,False,False,False,False,False,-13.61762205414566,24.17460740775214,-13.61762205414566,63,0.5079365079365079,1.4318704382574183,3.9227864846892544,0.06226645213792467,-1.9,0.20634920634920634,61,0.5245901639344263,-1.5999999999999999,0.6373020835463694,0,0.5,135,0.4888888888888889,1.376758142608749,7.413822445521837,0.054917203300161754,-2.2774802861251215,0.1259259259259259,124,0.47580645161290325,-2.2774802861251215,0.5406106180869333,21,0.8333333333333334,366,0.43989071038251365,1.2142544011223537,10.498574245217094,0.028684629085292606,-3.401538741700137,0.4180327868852459,328,0.4573170731707317,-3.401538741700137,0.3700727569387899,17,0.5882352941176471
SPXW,d80,-999999.0,1,score_desc,d50ret,21,3,15,False,False,False,False,False,-13.61762205414566,24.17460740775214,-13.61762205414566,63,0.5079365079365079,1.4318704382574183,3.9227864846892544,0.06226645213792467,-1.9,0.20634920634920634,61,0.5245901639344263,-1.5999999999999999,0.6373020835463694,0,0.5,135,0.4888888888888889,1.376758142608749,7.413822445521837,0.054917203300161754,-2.2774802861251215,0.1259259259259259,124,0.47580645161290325,-2.2774802861251215,0.5406106180869333,21,0.8333333333333334,374,0.4411764705882353,1.2092248407742578,10.398122879560537,0.027802467592407853,-3.701538741700137,0.4304812834224599,337,0.456973293768546,-3.701538741700137,0.37784203728100546,19,0.6470588235294118
SPXW,d80,-999999.0,1,score_desc,d50ret,21,4,15,False,False,False,False,False,-13.61762205414566,24.17460740775214,-13.61762205414566,63,0.5079365079365079,1.4318704382574183,3.9227864846892544,0.06226645213792467,-1.9,0.20634920634920634,61,0.5245901639344263,-1.5999999999999999,0.6373020835463694,0,0.5,135,0.4888888888888889,1.376758142608749,7.413822445521837,0.054917203300161754,-2.2774802861251215,0.1259259259259259,124,0.47580645161290325,-2.2774802861251215,0.5406106180869333,21,0.8333333333333334,374,0.4411764705882353,1.2092248407742578,10.398122879560537,0.027802467592407853,-3.701538741700137,0.4304812834224599,337,0.456973293768546,-3.701538741700137,0.37784203728100546,19,0.6470588235294118
SPXW,d80,0.0,1,score_desc,d50ret,21,2,30,False,False,False,False,False,-13.61762205414566,24.17460740775214,-13.61762205414566,63,0.5079365079365079,1.4318704382574183,3.9227864846892544,0.06226645213792467,-1.9,0.20634920634920634,61,0.5245901639344263,-1.5999999999999999,0.6373020835463694,0,0.5,135,0.4888888888888889,1.376758142608749,7.413822445521837,0.054917203300161754,-2.2774802861251215,0.1259259259259259,124,0.47580645161290325,-2.2774802861251215,0.5406106180869333,21,0.8333333333333334,366,0.4371584699453552,1.2083229282610661,10.17183490150467,0.027791898637990902,-3.4015387417001364,0.4180327868852459,329,0.45896656534954405,-3.401538741700137,0.33280488207229,17,0.5882352941176471
SPXW,d80,-999999.0,1,score_desc,d50ret,21,2,15,False,False,False,False,False,-13.61762205414566,24.17460740775214,-13.61762205414566,63,0.5079365079365079,1.4318704382574183,3.9227864846892544,0.06226645213792467,-1.9,0.20634920634920634,61,0.5245901639344263,-1.5999999999999999,0.6373020835463694,0,0.5,135,0.4888888888888889,1.376758142608749,7.413822445521837,0.054917203300161754,-2.2774802861251215,0.1259259259259259,124,0.47580645161290325,-2.2774802861251215,0.5406106180869333,21,0.8333333333333334,374,0.4385026737967914,1.203359347220043,10.071383535848113,0.026928832983551105,-3.701538741700137,0.4304812834224599,338,0.45857988165680474,-3.701538741700137,0.34045450860914356,19,0.6470588235294118
SPXW,d80,0.0,1,score_desc,d50ret,21,3,15,False,False,False,False,False,-13.61762205414566,24.17460740775214,-13.61762205414566,63,0.5079365079365079,1.4318704382574183,3.9227864846892544,0.06226645213792467,-1.9,0.20634920634920634,61,0.5245901639344263,-1.5999999999999999,0.6373020835463694,0,0.5,135,0.4888888888888889,1.376758142608749,7.413822445521837,0.054917203300161754,-2.2774802861251215,0.1259259259259259,124,0.47580645161290325,-2.2774802861251215,0.5406106180869333,21,0.8333333333333334,368,0.4375,1.1995659899092688,9.898574245217095,0.02689829957939428,-3.7015387417001366,0.41847826086956524,328,0.4573170731707317,-3.701538741700137,0.3925046394162652,17,0.5882352941176471
SPXW,d80,0.0,1,score_desc,d50ret,21,4,15,False,False,False,False,False,-13.61762205414566,24.17460740775214,-13.61762205414566,63,0.5079365079365079,1.4318704382574183,3.9227864846892544,0.06226645213792467,-1.9,0.20634920634920634,61,0.5245901639344263,-1.5999999999999999,0.6373020835463694,0,0.5,135,0.4888888888888889,1.376758142608749,7.413822445521837,0.054917203300161754,-2.2774802861251215,0.1259259259259259,124,0.47580645161290325,-2.2774802861251215,0.5406106180869333,21,0.8333333333333334,368,0.4375,1.1995659899092688,9.898574245217095,0.02689829957939428,-3.7015387417001366,0.41847826086956524,328,0.4573170731707317,-3.701538741700137,0.3925046394162652,17,0.5882352941176471
SPXW,d80,0.0,1,score_desc,d50ret,21,2,15,False,False,False,False,False,-13.61762205414566,24.17460740775214,-13.61762205414566,63,0.5079365079365079,1.4318704382574183,3.9227864846892544,0.06226645213792467,-1.9,0.20634920634920634,61,0.5245901639344263,-1.5999999999999999,0.6373020835463694,0,0.5,135,0.4888888888888889,1.376758142608749,7.413822445521837,0.054917203300161754,-2.2774802861251215,0.1259259259259259,124,0.47580645161290325,-2.2774802861251215,0.5406106180869333,21,0.8333333333333334,368,0.43478260869565216,1.193655031238609,9.571834901504673,0.026010420928001828,-3.701538741700136,0.41847826086956524,329,0.45896656534954405,-3.701538741700137,0.3536663920437985,17,0.5882352941176471
SPXW,"d65ret,d80",-999999.0,1,score_desc,d65win,22,3,0,False,False,False,False,False,-13.622586745898573,20.49900755018394,-13.622586745898573,115,0.46956521739130436,1.3760582578646843,6.25053305736903,0.05435246136842635,-2.4732483842357498,0.21739130434782608,102,0.4803921568627451,-2.4732483842357498,0.49015518948263725,0,0.8333333333333334,139,0.4676258992805755,1.2021010579277736,4.245881035656893,0.030545906731344556,-2.3787445281393063,0.18705035971223022,128,0.4453125,-2.3787445281393063,0.6382657584293759,22,0.6666666666666666,389,0.40616966580976865,0.9817785913615567,-1.0914059936298186,-0.002805670934781025,-5.586802102526443,0.37275064267352187,346,0.4046242774566474,-5.586802102526442,-3.4809997665778027,19,0.47058823529411764
SPXW,"d65ret,d80",-999999.0,1,score_desc,d65win,22,4,0,False,False,False,False,False,-13.622586745898573,20.49900755018394,-13.622586745898573,115,0.46956521739130436,1.3760582578646843,6.25053305736903,0.05435246136842635,-2.4732483842357498,0.21739130434782608,102,0.4803921568627451,-2.4732483842357498,0.49015518948263725,0,0.8333333333333334,139,0.4676258992805755,1.2021010579277736,4.245881035656893,0.030545906731344556,-2.3787445281393063,0.18705035971223022,128,0.4453125,-2.3787445281393063,0.6382657584293759,22,0.6666666666666666,389,0.40616966580976865,0.9817785913615567,-1.0914059936298186,-0.002805670934781025,-5.586802102526443,0.37275064267352187,346,0.4046242774566474,-5.586802102526442,-3.4809997665778027,19,0.47058823529411764
SPXW,"d65ret,d80",0.0,1,score_desc,d65win,22,3,0,False,False,False,False,False,-13.622586745898573,20.49900755018394,-13.622586745898573,115,0.46956521739130436,1.3760582578646843,6.25053305736903,0.05435246136842635,-2.4732483842357498,0.21739130434782608,102,0.4803921568627451,-2.4732483842357498,0.49015518948263725,0,0.8333333333333334,139,0.4676258992805755,1.2021010579277736,4.245881035656893,0.030545906731344556,-2.3787445281393063,0.18705035971223022,128,0.4453125,-2.3787445281393063,0.6382657584293759,22,0.6666666666666666,388,0.4020618556701031,0.9796538898404586,-1.222682893492829,-0.003151244570857807,-5.298664476016217,0.36855670103092786,342,0.40350877192982454,-5.298664476016216,-3.224807496171724,19,0.47058823529411764
SPXW,"d65ret,d80",0.0,1,score_desc,d65win,22,4,0,False,False,False,False,False,-13.622586745898573,20.49900755018394,-13.622586745898573,115,0.46956521739130436,1.3760582578646843,6.25053305736903,0.05435246136842635,-2.4732483842357498,0.21739130434782608,102,0.4803921568627451,-2.4732483842357498,0.49015518948263725,0,0.8333333333333334,139,0.4676258992805755,1.2021010579277736,4.245881035656893,0.030545906731344556,-2.3787445281393063,0.18705035971223022,128,0.4453125,-2.3787445281393063,0.6382657584293759,22,0.6666666666666666,388,0.4020618556701031,0.9796538898404586,-1.222682893492829,-0.003151244570857807,-5.298664476016217,0.36855670103092786,342,0.40350877192982454,-5.298664476016216,-3.224807496171724,19,0.47058823529411764
SPXW,"d65ret,d80",-999999.0,1,score_desc,d65ret,22,2,0,False,False,False,False,False,-13.662282526464644,19.066460744559038,-13.662282526464644,114,0.4649122807017544,1.3773879056454637,6.417632545366999,0.05629502232778069,-2.6999999999999984,0.21052631578947367,102,0.4803921568627451,-2.6999999999999984,0.5453724524204352,0,0.8333333333333334,134,0.44776119402985076,1.1711041800748438,3.6832876762495927,0.0274872214645492,-2.2774802861251224,0.19402985074626866,128,0.4609375,-2.2774802861251224,0.6807248716322474,20,0.6666666666666666,381,0.4251968503937008,1.07229609930765,4.188920883396744,0.010994543001041322,-3.5649527933208143,0.3858267716535433,345,0.42028985507246375,-3.564952793320815,1.0305561771017164,19,0.5294117647058824
SPXW,"d65ret,d80",0.0,1,score_desc,d65ret,22,2,0,False,False,False,False,False,-13.662282526464644,19.066460744559038,-13.662282526464644,114,0.4649122807017544,1.3773879056454637,6.417632545366999,0.05629502232778069,-2.6999999999999984,0.21052631578947367,102,0.4803921568627451,-2.6999999999999984,0.5453724524204352,0,0.8333333333333334,134,0.44776119402985076,1.1711041800748438,3.6832876762495927,0.0274872214645492,-2.2774802861251224,0.19402985074626866,128,0.4609375,-2.2774802861251224,0.6807248716322474,20,0.6666666666666666,379,0.42216358839050133,1.0605473466874076,3.5257101221709055,0.009302665230002389,-3.752244317597531,0.39050131926121373,340,0.42058823529411765,-3.7522443175975306,1.347866521735167,17,0.47058823529411764
SPXW,"d65ret,d80",-999999.0,1,score_desc,d65ret,22,2,30,False,False,False,False,False,-13.662282526464644,19.066460744559038,-13.662282526464644,114,0.4649122807017544,1.3773879056454637,6.417632545366999,0.05629502232778069,-2.6999999999999984,0.21052631578947367,102,0.4803921568627451,-2.6999999999999984,0.5453724524204352,0,0.8333333333333334,134,0.44776119402985076,1.1711041800748438,3.6832876762495927,0.0274872214645492,-2.2774802861251224,0.19402985074626866,128,0.4609375,-2.2774802861251224,0.6807248716322474,20,0.6666666666666666,380,0.41842105263157897,1.0459108880091479,2.6692428927712335,0.007024323402029562,-4.202391516623246,0.39210526315789473,345,0.41739130434782606,-4.202391516623247,1.6106379905365447,19,0.5294117647058824
SPXW,"d65ret,d80",0.0,1,score_desc,d65ret,22,2,30,False,False,False,False,False,-13.662282526464644,19.066460744559038,-13.662282526464644,114,0.4649122807017544,1.3773879056454637,6.417632545366999,0.05629502232778069,-2.6999999999999984,0.21052631578947367,102,0.4803921568627451,-2.6999999999999984,0.5453724524204352,0,0.8333333333333334,134,0.44776119402985076,1.1711041800748438,3.6832876762495927,0.0274872214645492,-2.2774802861251224,0.19402985074626866,128,0.4609375,-2.2774802861251224,0.6807248716322474,20,0.6666666666666666,376,0.4175531914893617,1.0450643698575697,2.6060321315453936,0.006930936520067536,-4.402391516623247,0.39361702127659576,340,0.4176470588235294,-4.402391516623248,1.8235334021760095,17,0.5294117647058824
SPXW,"d65ret,d80",-999999.0,1,score_desc,d65ret,22,2,15,False,False,False,False,False,-13.662282526464644,19.066460744559038,-13.662282526464644,114,0.4649122807017544,1.3773879056454637,6.417632545366999,0.05629502232778069,-2.6999999999999984,0.21052631578947367,102,0.4803921568627451,-2.6999999999999984,0.5453724524204352,0,0.8333333333333334,134,0.44776119402985076,1.1711041800748438,3.6832876762495927,0.0274872214645492,-2.2774802861251224,0.19402985074626866,128,0.4609375,-2.2774802861251224,0.6807248716322474,20,0.6666666666666666,380,0.41842105263157897,1.0435028933724193,2.5292429309182056,0.006655902449784752,-4.202391516623247,0.3894736842105263,345,0.41739130434782606,-4.202391516623247,1.6997908569843292,19,0.5294117647058824
SPXW,"d65ret,d80",0.0,1,score_desc,d65ret,22,2,15,False,False,False,False,False,-13.662282526464644,19.066460744559038,-13.662282526464644,114,0.4649122807017544,1.3773879056454637,6.417632545366999,0.05629502232778069,-2.6999999999999984,0.21052631578947367,102,0.4803921568627451,-2.6999999999999984,0.5453724524204352,0,0.8333333333333334,134,0.44776119402985076,1.1711041800748438,3.6832876762495927,0.0274872214645492,-2.2774802861251224,0.19402985074626866,128,0.4609375,-2.2774802861251224,0.6807248716322474,20,0.6666666666666666,378,0.41534391534391535,1.0319366897948492,1.8660321696923654,0.004936593041514194,-4.40239151662325,0.3941798941798942,340,0.4176470588235294,-4.402391516623249,2.5466799105614646,17,0.47058823529411764
SPXW,"d65ret,d80",-999999.0,1,score_desc,d65win,21,3,0,False,False,False,False,False,-13.670428808531089,19.915257694784227,-13.670428808531089,111,0.46846846846846846,1.376055772920442,6.1101295450313815,0.05504621211739983,-2.3999999999999986,0.22522522522522523,102,0.4803921568627451,-2.3999999999999986,0.4195870474116172,0,0.8333333333333334,137,0.46715328467153283,1.1852906250527453,3.8911836160910123,0.028402800117452644,-2.3704762549331027,0.1897810218978102,128,0.4453125,-2.3704762549331027,0.6726726921233328,21,0.6666666666666666,381,0.4094488188976378,0.9903162478583294,-0.569955131344362,-0.0014959452266256222,-5.255473115524815,0.37270341207349084,346,0.407514450867052,-5.255473115524814,-6.665759811839607,19,0.47058823529411764
SPXW,"d65ret,d80",-999999.0,1,score_desc,d65win,21,4,0,False,False,False,False,False,-13.670428808531089,19.915257694784227,-13.670428808531089,111,0.46846846846846846,1.376055772920442,6.1101295450313815,0.05504621211739983,-2.3999999999999986,0.22522522522522523,102,0.4803921568627451,-2.3999999999999986,0.4195870474116172,0,0.8333333333333334,137,0.46715328467153283,1.1852906250527453,3.8911836160910123,0.028402800117452644,-2.3704762549331027,0.1897810218978102,128,0.4453125,-2.3704762549331027,0.6726726921233328,21,0.6666666666666666,381,0.4094488188976378,0.9903162478583294,-0.569955131344362,-0.0014959452266256222,-5.255473115524815,0.37270341207349084,346,0.407514450867052,-5.255473115524814,-6.665759811839607,19,0.47058823529411764
SPXW,"d65ret,d80",0.0,1,score_desc,d65win,21,3,0,False,False,False,False,False,-13.670428808531089,19.915257694784227,-13.670428808531089,111,0.46846846846846846,1.376055772920442,6.1101295450313815,0.05504621211739983,-2.3999999999999986,0.22522522522522523,102,0.4803921568627451,-2.3999999999999986,0.4195870474116172,0,0.8333333333333334,137,0.46715328467153283,1.1852906250527453,3.8911836160910123,0.028402800117452644,-2.3704762549331027,0.1897810218978102,128,0.4453125,-2.3704762549331027,0.6726726921233328,21,0.6666666666666666,379,0.40369393139841686,0.9842398289559424,-0.9263712903951069,-0.0024442514258446093,-5.0507281953135745,0.36939313984168864,341,0.40762463343108507,-5.0507281953135745,-4.1011461046538065,19,0.47058823529411764
SPXW,"d65ret,d80",0.0,1,score_desc,d65win,21,4,0,False,False,False,False,False,-13.670428808531089,19.915257694784227,-13.670428808531089,111,0.46846846846846846,1.376055772920442,6.1101295450313815,0.05504621211739983,-2.3999999999999986,0.22522522522522523,102,0.4803921568627451,-2.3999999999999986,0.4195870474116172,0,0.8333333333333334,137,0.46715328467153283,1.1852906250527453,3.8911836160910123,0.028402800117452644,-2.3704762549331027,0.1897810218978102,128,0.4453125,-2.3704762549331027,0.6726726921233328,21,0.6666666666666666,379,0.40369393139841686,0.9842398289559424,-0.9263712903951069,-0.0024442514258446093,-5.0507281953135745,0.36939313984168864,341,0.40762463343108507,-5.0507281953135745,-4.1011461046538065,19,0.47058823529411764
SPXW,"d65ret,d80_front,d80_zero",0.0,1,score_desc,d65win,22,2,15,False,False,False,False,False,-13.676918959859542,-6.821158155597336,-13.676918959859542,114,0.4649122807017544,1.4228212251693217,6.614836895683815,0.058024885049858026,-2.7496936249858646,0.19298245614035087,103,0.46601941747572817,-2.7496936249858646,0.529732129170051,0,0.6666666666666666,139,0.4244604316546763,0.9973994439850291,-0.0562104767581435,-0.00040439191912333456,-2.4593755186318456,0.22302158273381295,128,0.421875,-2.4593755186318456,-50.09603274927218,22,0.6666666666666666,388,0.43556701030927836,1.0203193139530087,1.053517411332523,0.0027152510601353686,-5.78662461980381,0.3943298969072165,343,0.42565597667638483,-5.620747840553353,4.187601364908509,20,0.4117647058823529
SPXW,"d65ret,d80_front,d80_zero",-999999.0,1,score_desc,d65win,22,2,15,False,False,False,False,False,-13.676918959859542,-6.821158155597336,-13.676918959859542,114,0.4649122807017544,1.4228212251693217,6.614836895683815,0.058024885049858026,-2.7496936249858646,0.19298245614035087,103,0.46601941747572817,-2.7496936249858646,0.529732129170051,0,0.6666666666666666,139,0.4244604316546763,0.9973994439850291,-0.0562104767581435,-0.00040439191912333456,-2.4593755186318456,0.22302158273381295,128,0.421875,-2.4593755186318456,-50.09603274927218,22,0.6666666666666666,390,0.43333333333333335,1.0119906564850811,0.6285658103820273,0.0016117072061077624,-6.211576220754305,0.39487179487179486,349,0.42120343839541546,-6.045699441503849,6.523760666370369,21,0.4117647058823529
SPXW,"d65ret,d80_front,d80_zero",0.0,1,score_desc,d65win,22,2,0,False,False,False,False,False,-13.676918959859542,-7.612516269297826,-13.676918959859542,114,0.4649122807017544,1.4228212251693217,6.614836895683815,0.058024885049858026,-2.7496936249858646,0.19298245614035087,103,0.46601941747572817,-2.7496936249858646,0.529732129170051,0,0.6666666666666666,139,0.4244604316546763,0.982162778712609,-0.385547823939451,-0.002773725352082381,-2.654708350933174,0.22302158273381295,128,0.4140625,-2.654708350933174,-7.303690254961447,22,0.6666666666666666,388,0.4252577319587629,0.9759546979420498,-1.268567893726063,-0.0032695048807372755,-7.321130367364891,0.3917525773195876,342,0.4239766081871345,-7.155253588114436,-3.0726043700621104,20,0.4117647058823529
SPXW,"d65ret,d80_front,d80_zero",-999999.0,1,score_desc,d65win,22,2,0,False,False,False,False,False,-13.676918959859542,-7.612516269297826,-13.676918959859542,114,0.4649122807017544,1.4228212251693217,6.614836895683815,0.058024885049858026,-2.7496936249858646,0.19298245614035087,103,0.46601941747572817,-2.7496936249858646,0.529732129170051,0,0.6666666666666666,139,0.4244604316546763,0.982162778712609,-0.385547823939451,-0.002773725352082381,-2.654708350933174,0.22302158273381295,128,0.4140625,-2.654708350933174,-7.303690254961447,22,0.6666666666666666,392,0.42091836734693877,0.9574055413380247,-2.2899203787187323,-0.005841633619180439,-8.342482852357563,0.39285714285714285,349,0.4183381088825215,-8.17660607310711,-1.5043337995710955,21,0.4117647058823529
SPXW,"d65ret,d80_zero",-999999.0,1,score_desc,d80,22,2,30,False,False,False,False,False,-13.688971210482745,-12.599761872529186,-13.688971210482745,109,0.46788990825688076,1.4452076691535019,7.077112410803995,0.06492763679636693,-2.3999999999999995,0.1926605504587156,102,0.4803921568627451,-2.3999999999999995,0.44453113981264114,0,0.5,135,0.37777777777777777,0.935626542487802,-1.4939322032322504,-0.01106616446838704,-3.6651203323243133,0.22962962962962963,124,0.3870967741935484,-3.6651203323243133,-2.0081232558674635,21,0.3333333333333333,381,0.4225721784776903,1.027695267976467,1.5546876961756302,0.004080545134319239,-4.250719312818628,0.44881889763779526,348,0.4109195402298851,-4.250719312818628,3.216079996194399,20,0.47058823529411764
SPXW,"d65ret,d80_zero",0.0,1,score_desc,d80,22,2,30,False,False,False,False,False,-13.688971210482745,-12.599761872529186,-13.688971210482745,109,0.46788990825688076,1.4452076691535019,7.077112410803995,0.06492763679636693,-2.3999999999999995,0.1926605504587156,102,0.4803921568627451,-2.3999999999999995,0.44453113981264114,0,0.5,135,0.37777777777777777,0.935626542487802,-1.4939322032322504,-0.01106616446838704,-3.6651203323243133,0.22962962962962963,124,0.3870967741935484,-3.6651203323243133,-2.0081232558674635,21,0.3333333333333333,367,0.4196185286103542,1.01587042294304,0.8690983809321768,0.0023681154793792287,-5.179187128710071,0.4223433242506812,328,0.40853658536585363,-5.17918712871007,5.753088614245379,15,0.47058823529411764
SPXW,"d65ret,d80_zero",-999999.0,1,score_desc,d80,22,2,15,False,False,False,False,False,-13.688971210482745,-12.599761872529186,-13.688971210482745,109,0.46788990825688076,1.4452076691535019,7.077112410803995,0.06492763679636693,-2.3999999999999995,0.1926605504587156,102,0.4803921568627451,-2.3999999999999995,0.44453113981264114,0,0.5,135,0.37777777777777777,0.935626542487802,-1.4939322032322504,-0.01106616446838704,-3.6651203323243133,0.22962962962962963,123,0.3902439024390244,-3.6651203323243133,-2.0081232558674635,21,0.3333333333333333,383,0.4177545691906005,1.0001563702882945,0.008918657468952484,2.3286311929379855e-05,-4.250719312818628,0.45430809399477806,348,0.4109195402298851,-4.250719312818628,560.6224947427273,20,0.4117647058823529
SPXW,"d65ret,d80_zero",0.0,1,score_desc,d80,22,2,15,False,False,False,False,False,-13.688971210482745,-12.599761872529186,-13.688971210482745,109,0.46788990825688076,1.4452076691535019,7.077112410803995,0.06492763679636693,-2.3999999999999995,0.1926605504587156,102,0.4803921568627451,-2.3999999999999995,0.44453113981264114,0,0.5,135,0.37777777777777777,0.935626542487802,-1.4939322032322504,-0.01106616446838704,-3.6651203323243133,0.22962962962962963,123,0.3902439024390244,-3.6651203323243133,-2.0081232558674635,21,0.3333333333333333,367,0.4141689373297003,0.9958753917497027,-0.22834715443712383,-0.0006221993308913456,-5.179187128710071,0.4250681198910082,325,0.40615384615384614,-5.17918712871007,-21.89648481639725,15,0.47058823529411764
SPXW,"d65ret,d80_zero",-999999.0,1,score_desc,d80,22,2,0,False,False,False,False,False,-13.688971210482745,-11.126868150354266,-13.688971210482745,109,0.46788990825688076,1.4452076691535019,7.077112410803995,0.06492763679636693,-2.3999999999999995,0.1926605504587156,102,0.4803921568627451,-2.3999999999999995,0.44453113981264114,0,0.5,135,0.3851851851851852,0.9577443371338938,-0.9679618743073644,-0.0071700879578323285,-3.3441469360129936,0.23703703703703705,123,0.3902439024390244,-3.3441469360129936,-3.099295622719317,21,0.3333333333333333,386,0.40932642487046633,0.9858229083898665,-0.831716615365224,-0.00215470625742286,-4.704704213783612,0.45595854922279794,345,0.4057971014492754,-4.704704213783613,-6.011662996301205,20,0.4117647058823529
SPXW,"d65ret,d80_zero",0.0,1,score_desc,d80,22,2,0,False,False,False,False,False,-13.688971210482745,-11.126868150354266,-13.688971210482745,109,0.46788990825688076,1.4452076691535019,7.077112410803995,0.06492763679636693,-2.3999999999999995,0.1926605504587156,102,0.4803921568627451,-2.3999999999999995,0.44453113981264114,0,0.5,135,0.3851851851851852,0.9577443371338938,-0.9679618743073644,-0.0071700879578323285,-3.3441469360129936,0.23703703703703705,123,0.3902439024390244,-3.3441469360129936,-3.099295622719317,21,0.3333333333333333,371,0.40161725067385445,0.9612013482253712,-2.229964062265583,-0.006010684803950359,-5.179187128710069,0.42318059299191374,320,0.396875,-5.17918712871007,-2.2421886005284475,15,0.47058823529411764
SPXW,"d65ret,d80",-999999.0,1,score_desc,d65ret,22,3,0,False,False,False,False,False,-13.695028049505982,19.066460744559038,-13.695028049505982,114,0.4649122807017544,1.374261794094563,6.378949392196348,0.05595569642277498,-2.6999999999999984,0.21052631578947367,102,0.47058823529411764,-2.6999999999999984,0.5486796939135001,0,0.8333333333333334,134,0.44776119402985076,1.1711041800748438,3.6832876762495927,0.0274872214645492,-2.2774802861251224,0.19402985074626866,128,0.4609375,-2.2774802861251224,0.6807248716322474,20,0.6666666666666666,381,0.42782152230971127,1.0779515852153396,4.493220901950788,0.011793230713781595,-3.5649527933208143,0.3858267716535433,345,0.42028985507246375,-3.5649527933208143,0.8628372418188149,19,0.5294117647058824
SPXW,"d65ret,d80",-999999.0,1,score_desc,d65ret,22,4,0,False,False,False,False,False,-13.695028049505982,19.066460744559038,-13.695028049505982,114,0.4649122807017544,1.374261794094563,6.378949392196348,0.05595569642277498,-2.6999999999999984,0.21052631578947367,102,0.47058823529411764,-2.6999999999999984,0.5486796939135001,0,0.8333333333333334,134,0.44776119402985076,1.1711041800748438,3.6832876762495927,0.0274872214645492,-2.2774802861251224,0.19402985074626866,128,0.4609375,-2.2774802861251224,0.6807248716322474,20,0.6666666666666666,381,0.42782152230971127,1.0779515852153396,4.493220901950788,0.011793230713781595,-3.5649527933208143,0.3858267716535433,345,0.42028985507246375,-3.5649527933208143,0.8628372418188149,19,0.5294117647058824
SPXW,"d65ret,d80",0.0,1,score_desc,d65ret,22,3,0,False,False,False,False,False,-13.695028049505982,19.066460744559038,-13.695028049505982,114,0.4649122807017544,1.374261794094563,6.378949392196348,0.05595569642277498,-2.6999999999999984,0.21052631578947367,102,0.47058823529411764,-2.6999999999999984,0.5486796939135001,0,0.8333333333333334,134,0.44776119402985076,1.1711041800748438,3.6832876762495927,0.0274872214645492,-2.2774802861251224,0.19402985074626866,128,0.4609375,-2.2774802861251224,0.6807248716322474,20,0.6666666666666666,379,0.42480211081794195,1.0661137322838241,3.83001014072495,0.010105567653627837,-3.7522443175975253,0.39050131926121373,340,0.42058823529411765,-3.7522443175975253,1.1271297289457778,17,0.47058823529411764
SPXW,"d65ret,d80",0.0,1,score_desc,d65ret,22,4,0,False,False,False,False,False,-13.695028049505982,19.066460744559038,-13.695028049505982,114,0.4649122807017544,1.374261794094563,6.378949392196348,0.05595569642277498,-2.6999999999999984,0.21052631578947367,102,0.47058823529411764,-2.6999999999999984,0.5486796939135001,0,0.8333333333333334,134,0.44776119402985076,1.1711041800748438,3.6832876762495927,0.0274872214645492,-2.2774802861251224,0.19402985074626866,128,0.4609375,-2.2774802861251224,0.6807248716322474,20,0.6666666666666666,379,0.42480211081794195,1.0661137322838241,3.83001014072495,0.010105567653627837,-3.7522443175975253,0.39050131926121373,340,0.42058823529411765,-3.7522443175975253,1.1271297289457778,17,0.47058823529411764
SPXW,"d65ret,d80",-999999.0,1,score_desc,d65ret,22,3,30,False,False,False,False,False,-13.695028049505982,19.066460744559038,-13.695028049505982,114,0.4649122807017544,1.374261794094563,6.378949392196348,0.05595569642277498,-2.6999999999999984,0.21052631578947367,102,0.47058823529411764,-2.6999999999999984,0.5486796939135001,0,0.8333333333333334,134,0.44776119402985076,1.1711041800748438,3.6832876762495927,0.0274872214645492,-2.2774802861251224,0.19402985074626866,128,0.4609375,-2.2774802861251224,0.6807248716322474,20,0.6666666666666666,380,0.41842105263157897,1.0459108880091479,2.6692428927712335,0.007024323402029562,-4.202391516623246,0.39210526315789473,345,0.41739130434782606,-4.202391516623247,1.6106379905365447,19,0.5294117647058824
SPXW,"d65ret,d80",-999999.0,1,score_desc,d65ret,22,4,30,False,False,False,False,False,-13.695028049505982,19.066460744559038,-13.695028049505982,114,0.4649122807017544,1.374261794094563,6.378949392196348,0.05595569642277498,-2.6999999999999984,0.21052631578947367,102,0.47058823529411764,-2.6999999999999984,0.5486796939135001,0,0.8333333333333334,134,0.44776119402985076,1.1711041800748438,3.6832876762495927,0.0274872214645492,-2.2774802861251224,0.19402985074626866,128,0.4609375,-2.2774802861251224,0.6807248716322474,20,0.6666666666666666,380,0.41842105263157897,1.0459108880091479,2.6692428927712335,0.007024323402029562,-4.202391516623246,0.39210526315789473,345,0.41739130434782606,-4.202391516623247,1.6106379905365447,19,0.5294117647058824
SPXW,"d65ret,d80",0.0,1,score_desc,d65ret,22,3,30,False,False,False,False,False,-13.695028049505982,19.066460744559038,-13.695028049505982,114,0.4649122807017544,1.374261794094563,6.378949392196348,0.05595569642277498,-2.6999999999999984,0.21052631578947367,102,0.47058823529411764,-2.6999999999999984,0.5486796939135001,0,0.8333333333333334,134,0.44776119402985076,1.1711041800748438,3.6832876762495927,0.0274872214645492,-2.2774802861251224,0.19402985074626866,128,0.4609375,-2.2774802861251224,0.6807248716322474,20,0.6666666666666666,376,0.4175531914893617,1.0450643698575697,2.6060321315453936,0.006930936520067536,-4.402391516623247,0.39361702127659576,340,0.4176470588235294,-4.402391516623248,1.8235334021760095,17,0.5294117647058824
SPXW,"d65ret,d80",0.0,1,score_desc,d65ret,22,4,30,False,False,False,False,False,-13.695028049505982,19.066460744559038,-13.695028049505982,114,0.4649122807017544,1.374261794094563,6.378949392196348,0.05595569642277498,-2.6999999999999984,0.21052631578947367,102,0.47058823529411764,-2.6999999999999984,0.5486796939135001,0,0.8333333333333334,134,0.44776119402985076,1.1711041800748438,3.6832876762495927,0.0274872214645492,-2.2774802861251224,0.19402985074626866,128,0.4609375,-2.2774802861251224,0.6807248716322474,20,0.6666666666666666,376,0.4175531914893617,1.0450643698575697,2.6060321315453936,0.006930936520067536,-4.402391516623247,0.39361702127659576,340,0.4176470588235294,-4.402391516623248,1.8235334021760095,17,0.5294117647058824
SPXW,"d65ret,d80",-999999.0,1,score_desc,d65ret,22,3,15,False,False,False,False,False,-13.695028049505982,19.066460744559038,-13.695028049505982,114,0.4649122807017544,1.374261794094563,6.378949392196348,0.05595569642277498,-2.6999999999999984,0.21052631578947367,102,0.47058823529411764,-2.6999999999999984,0.5486796939135001,0,0.8333333333333334,134,0.44776119402985076,1.1711041800748438,3.6832876762495927,0.0274872214645492,-2.2774802861251224,0.19402985074626866,128,0.4609375,-2.2774802861251224,0.6807248716322474,20,0.6666666666666666,380,0.41842105263157897,1.0435028933724193,2.5292429309182056,0.006655902449784752,-4.202391516623247,0.3894736842105263,345,0.41739130434782606,-4.202391516623247,1.6997908569843292,19,0.5294117647058824
SPXW,"d65ret,d80",-999999.0,1,score_desc,d65ret,22,4,15,False,False,False,False,False,-13.695028049505982,19.066460744559038,-13.695028049505982,114,0.4649122807017544,1.374261794094563,6.378949392196348,0.05595569642277498,-2.6999999999999984,0.21052631578947367,102,0.47058823529411764,-2.6999999999999984,0.5486796939135001,0,0.8333333333333334,134,0.44776119402985076,1.1711041800748438,3.6832876762495927,0.0274872214645492,-2.2774802861251224,0.19402985074626866,128,0.4609375,-2.2774802861251224,0.6807248716322474,20,0.6666666666666666,380,0.41842105263157897,1.0435028933724193,2.5292429309182056,0.006655902449784752,-4.202391516623247,0.3894736842105263,345,0.41739130434782606,-4.202391516623247,1.6997908569843292,19,0.5294117647058824
SPXW,"d65ret,d80",0.0,1,score_desc,d65ret,22,3,15,False,False,False,False,False,-13.695028049505982,19.066460744559038,-13.695028049505982,114,0.4649122807017544,1.374261794094563,6.378949392196348,0.05595569642277498,-2.6999999999999984,0.21052631578947367,102,0.47058823529411764,-2.6999999999999984,0.5486796939135001,0,0.8333333333333334,134,0.44776119402985076,1.1711041800748438,3.6832876762495927,0.0274872214645492,-2.2774802861251224,0.19402985074626866,128,0.4609375,-2.2774802861251224,0.6807248716322474,20,0.6666666666666666,378,0.41534391534391535,1.0319366897948492,1.8660321696923654,0.004936593041514194,-4.40239151662325,0.3941798941798942,340,0.4176470588235294,-4.402391516623249,2.5466799105614646,17,0.47058823529411764
SPXW,"d65ret,d80",0.0,1,score_desc,d65ret,22,4,15,False,False,False,False,False,-13.695028049505982,19.066460744559038,-13.695028049505982,114,0.4649122807017544,1.374261794094563,6.378949392196348,0.05595569642277498,-2.6999999999999984,0.21052631578947367,102,0.47058823529411764,-2.6999999999999984,0.5486796939135001,0,0.8333333333333334,134,0.44776119402985076,1.1711041800748438,3.6832876762495927,0.0274872214645492,-2.2774802861251224,0.19402985074626866,128,0.4609375,-2.2774802861251224,0.6807248716322474,20,0.6666666666666666,378,0.41534391534391535,1.0319366897948492,1.8660321696923654,0.004936593041514194,-4.40239151662325,0.3941798941798942,340,0.4176470588235294,-4.402391516623249,2.5466799105614646,17,0.47058823529411764
SPXW,"d50ret,d65ret,d80",0.0,1,score_desc,d80,22,2,30,False,False,False,False,False,-13.704304554594337,16.9113917584584,-13.704304554594337,110,0.4636363636363636,1.4089806454012044,6.725312017040756,0.06113920015491597,-2.3999999999999986,0.20909090909090908,102,0.49019607843137253,-2.3999999999999986,0.3934385259527585,0,0.6666666666666666,137,0.4233576642335766,1.1341450735242258,3.0889021538506856,0.022546731050005004,-2.849098869559238,0.19708029197080293,128,0.4375,-2.849098869559238,0.9082885581980764,21,0.5,377,0.40318302387267907,1.0281661980894232,1.6857436521195455,0.004471468573261394,-5.410719694309916,0.35809018567639256,341,0.4046920821114369,-5.410719694309916,2.4828814332063516,19,0.5294117647058824
SPXW,"d50ret,d65ret,d80",-999999.0,1,score_desc,d80,22,2,30,False,False,False,False,False,-13.704304554594337,16.9113917584584,-13.704304554594337,110,0.4636363636363636,1.4089806454012044,6.725312017040756,0.06113920015491597,-2.3999999999999986,0.20909090909090908,102,0.49019607843137253,-2.3999999999999986,0.3934385259527585,0,0.6666666666666666,137,0.4233576642335766,1.1341450735242258,3.0889021538506856,0.022546731050005004,-2.849098869559238,0.19708029197080293,128,0.4375,-2.849098869559238,0.9082885581980764,21,0.5,381,0.4068241469816273,1.02537337097355,1.5252303189812073,0.00400322918367771,-5.4107196943099165,0.35958005249343833,349,0.4154727793696275,-5.4107196943099165,2.0885380885431606,19,0.47058823529411764
SPXW,"d50ret,d65ret,d80",0.0,1,score_desc,d80,22,2,15,False,False,False,False,False,-13.704304554594337,16.9113917584584,-13.704304554594337,110,0.4636363636363636,1.4089806454012044,6.725312017040756,0.06113920015491597,-2.3999999999999986,0.20909090909090908,102,0.49019607843137253,-2.3999999999999986,0.3934385259527585,0,0.6666666666666666,137,0.4233576642335766,1.1341450735242258,3.0889021538506856,0.022546731050005004,-2.849098869559238,0.19708029197080293,128,0.4375,-2.849098869559238,0.9082885581980764,21,0.5,377,0.4005305039787798,1.0194066304464249,1.167306545204529,0.003096303833433764,-5.543743424280998,0.35809018567639256,341,0.4046920821114369,-5.543743424280998,3.5856062250209737,19,0.5294117647058824
SPXW,"d50ret,d65ret,d80",-999999.0,1,score_desc,d80,22,2,15,False,False,False,False,False,-13.704304554594337,16.9113917584584,-13.704304554594337,110,0.4636363636363636,1.4089806454012044,6.725312017040756,0.06113920015491597,-2.3999999999999986,0.20909090909090908,102,0.49019607843137253,-2.3999999999999986,0.3934385259527585,0,0.6666666666666666,137,0.4233576642335766,1.1341450735242258,3.0889021538506856,0.022546731050005004,-2.849098869559238,0.19708029197080293,128,0.4375,-2.849098869559238,0.9082885581980764,21,0.5,381,0.4041994750656168,1.016665600341852,1.0067932120661904,0.0026425018689401323,-5.4107196943099165,0.35958005249343833,349,0.4154727793696275,-5.4107196943099165,3.164007838765265,19,0.47058823529411764
SPXW,"d50ret,d65ret,d80",0.0,1,score_desc,d80,22,2,0,False,False,False,False,False,-13.704304554594337,16.9113917584584,-13.704304554594337,110,0.4636363636363636,1.4089806454012044,6.725312017040756,0.06113920015491597,-2.3999999999999986,0.20909090909090908,102,0.49019607843137253,-2.3999999999999986,0.3934385259527585,0,0.6666666666666666,137,0.4233576642335766,1.1341450735242258,3.0889021538506856,0.022546731050005004,-2.849098869559238,0.19708029197080293,128,0.4375,-2.849098869559238,0.9082885581980764,21,0.5,379,0.39841688654353563,1.009964199369091,0.6073974974530449,0.001602631919401174,-6.103652472032483,0.3562005277044855,340,0.39705882352941174,-6.103652472032483,7.277024369685391,19,0.5294117647058824
SPXW,"d50ret,d65ret,d80",-999999.0,1,score_desc,d80,22,2,0,False,False,False,False,False,-13.704304554594337,16.9113917584584,-13.704304554594337,110,0.4636363636363636,1.4089806454012044,6.725312017040756,0.06113920015491597,-2.3999999999999986,0.20909090909090908,102,0.49019607843137253,-2.3999999999999986,0.3934385259527585,0,0.6666666666666666,137,0.4233576642335766,1.1341450735242258,3.0889021538506856,0.022546731050005004,-2.849098869559238,0.19708029197080293,128,0.4375,-2.849098869559238,0.9082885581980764,21,0.5,383,0.39947780678851175,1.0050175193892672,0.30737839357244146,0.0008025545524084633,-5.938791830291037,0.360313315926893,349,0.4068767908309456,-5.938791830291038,11.192222847253264,19,0.47058823529411764
SPXW,"d65ret,d80,d80_front",-999999.0,1,score_desc,d80_front,22,2,0,False,False,False,False,False,-13.720581547775222,16.36594169041577,-13.720581547775222,113,0.46017699115044247,1.3886075652823706,6.1035271129558994,0.05401351427394601,-1.8999999999999986,0.23008849557522124,102,0.4803921568627451,-1.8999999999999986,0.5245497675796972,0,0.8333333333333334,139,0.4244604316546763,1.1194859375787314,2.60229196252725,0.018721524910267986,-2.577373300770348,0.17985611510791366,128,0.4296875,-2.5773733007703488,0.9606915887993184,22,0.5,392,0.4362244897959184,1.1028271447172733,5.61301640999098,0.014318919413242296,-3.737699108811694,0.3622448979591837,350,0.4228571428571429,-3.7376991088116966,0.6998614636234906,21,0.5882352941176471
SPXW,"d65ret,d80,d80_front",0.0,1,score_desc,d80_front,22,2,0,False,False,False,False,False,-13.720581547775222,16.36594169041577,-13.720581547775222,113,0.46017699115044247,1.3886075652823706,6.1035271129558994,0.05401351427394601,-1.8999999999999986,0.23008849557522124,102,0.4803921568627451,-1.8999999999999986,0.5245497675796972,0,0.8333333333333334,139,0.4244604316546763,1.1194859375787314,2.60229196252725,0.018721524910267986,-2.577373300770348,0.17985611510791366,128,0.4296875,-2.5773733007703488,0.9606915887993184,22,0.5,391,0.4373401534526854,1.100271706797897,5.48733329680453,0.014034100503336394,-3.737699108811694,0.3631713554987212,347,0.42363112391930835,-3.7376991088116958,0.7158912476350884,20,0.5882352941176471
SPXW,"d65ret,d80,d80_front",-999999.0,1,score_desc,d80_front,22,3,0,False,False,False,False,False,-13.720581547775222,16.50335734045893,-13.720581547775222,113,0.46017699115044247,1.3886075652823706,6.1035271129558994,0.05401351427394601,-1.8999999999999986,0.23008849557522124,102,0.4803921568627451,-1.8999999999999986,0.5245497675796972,0,0.8333333333333334,139,0.4244604316546763,1.1241500678234226,2.6830332809331754,0.01930239770455522,-2.5773733007703474,0.17985611510791366,128,0.4296875,-2.5773733007703483,0.9317812111262685,22,0.5,392,0.4362244897959184,1.0969079055683462,5.318449298908117,0.013567472701296218,-3.737699108811694,0.3622448979591837,350,0.4228571428571429,-3.7376991088116975,0.7386239219852013,21,0.5882352941176471
SPXW,"d65ret,d80,d80_front",-999999.0,1,score_desc,d80_front,22,4,0,False,False,False,False,False,-13.720581547775222,16.50335734045893,-13.720581547775222,113,0.46017699115044247,1.3886075652823706,6.1035271129558994,0.05401351427394601,-1.8999999999999986,0.23008849557522124,102,0.4803921568627451,-1.8999999999999986,0.5245497675796972,0,0.8333333333333334,139,0.4244604316546763,1.1241500678234226,2.6830332809331754,0.01930239770455522,-2.5773733007703474,0.17985611510791366,128,0.4296875,-2.5773733007703483,0.9317812111262685,22,0.5,392,0.4362244897959184,1.0969079055683462,5.318449298908117,0.013567472701296218,-3.737699108811694,0.3622448979591837,350,0.4228571428571429,-3.7376991088116975,0.7386239219852013,21,0.5882352941176471
SPXW,"d65ret,d80,d80_front",0.0,1,score_desc,d80_front,22,3,0,False,False,False,False,False,-13.720581547775222,16.50335734045893,-13.720581547775222,113,0.46017699115044247,1.3886075652823706,6.1035271129558994,0.05401351427394601,-1.8999999999999986,0.23008849557522124,102,0.4803921568627451,-1.8999999999999986,0.5245497675796972,0,0.8333333333333334,139,0.4244604316546763,1.1241500678234226,2.6830332809331754,0.01930239770455522,-2.5773733007703474,0.17985611510791366,128,0.4296875,-2.5773733007703483,0.9317812111262685,22,0.5,391,0.4373401534526854,1.0943809668001776,5.192766185721666,0.013280731932791985,-3.737699108811695,0.3631713554987212,347,0.42363112391930835,-3.7376991088116984,0.7565012056272694,20,0.5882352941176471
SPXW,"d65ret,d80,d80_front",0.0,1,score_desc,d80_front,22,4,0,False,False,False,False,False,-13.720581547775222,16.50335734045893,-13.720581547775222,113,0.46017699115044247,1.3886075652823706,6.1035271129558994,0.05401351427394601,-1.8999999999999986,0.23008849557522124,102,0.4803921568627451,-1.8999999999999986,0.5245497675796972,0,0.8333333333333334,139,0.4244604316546763,1.1241500678234226,2.6830332809331754,0.01930239770455522,-2.5773733007703474,0.17985611510791366,128,0.4296875,-2.5773733007703483,0.9317812111262685,22,0.5,391,0.4373401534526854,1.0943809668001776,5.192766185721666,0.013280731932791985,-3.737699108811695,0.3631713554987212,347,0.42363112391930835,-3.7376991088116984,0.7565012056272694,20,0.5882352941176471
SPXW,"d65ret,d80,d80_front",-999999.0,1,score_desc,d80_front,22,2,15,False,False,False,False,False,-13.720581547775222,16.36594169041577,-13.720581547775222,113,0.46017699115044247,1.3886075652823706,6.1035271129558994,0.05401351427394601,-1.8999999999999986,0.23008849557522124,102,0.4803921568627451,-1.8999999999999986,0.5245497675796972,0,0.8333333333333334,139,0.4244604316546763,1.1194859375787314,2.60229196252725,0.018721524910267986,-2.577373300770348,0.17985611510791366,128,0.4296875,-2.5773733007703488,0.9606915887993184,22,0.5,392,0.4362244897959184,1.0930643198255074,5.027182829484815,0.012824445993583712,-3.962071831422512,0.36989795918367346,350,0.4228571428571429,-3.962071831422514,0.7814185426077954,21,0.6470588235294118
SPXW,"d65ret,d80,d80_front",0.0,1,score_desc,d80_front,22,2,15,False,False,False,False,False,-13.720581547775222,16.36594169041577,-13.720581547775222,113,0.46017699115044247,1.3886075652823706,6.1035271129558994,0.05401351427394601,-1.8999999999999986,0.23008849557522124,102,0.4803921568627451,-1.8999999999999986,0.5245497675796972,0,0.8333333333333334,139,0.4244604316546763,1.1194859375787314,2.60229196252725,0.018721524910267986,-2.577373300770348,0.17985611510791366,128,0.4296875,-2.5773733007703488,0.9606915887993184,22,0.5,391,0.43478260869565216,1.0919490890004564,4.966939878533035,0.01270317104484152,-3.962071831422511,0.36828644501278773,349,0.42120343839541546,-3.9620718314225147,0.7908962009017059,20,0.6470588235294118
SPXW,"d65ret,d80,d80_front",-999999.0,1,score_desc,d80_front,22,2,30,False,False,False,False,False,-13.720581547775222,16.36594169041577,-13.720581547775222,113,0.46017699115044247,1.3886075652823706,6.1035271129558994,0.05401351427394601,-1.8999999999999986,0.23008849557522124,102,0.4803921568627451,-1.8999999999999986,0.5245497675796972,0,0.8333333333333334,139,0.4244604316546763,1.1194859375787314,2.60229196252725,0.018721524910267986,-2.577373300770348,0.17985611510791366,128,0.4296875,-2.5773733007703488,0.9606915887993184,22,0.5,391,0.4373401534526854,1.0880535340004258,4.6852701755221045,0.011982788172690804,-3.969190310659294,0.3734015345268542,350,0.4257142857142857,-3.9691903106592945,0.7642588867036962,21,0.6470588235294118
SPXW,"d65ret,d80,d80_front",-999999.0,1,score_desc,d80_front,22,3,15,False,False,False,False,False,-13.720581547775222,17.263705212993685,-13.720581547775222,113,0.46017699115044247,1.3886075652823706,6.1035271129558994,0.05401351427394601,-1.8999999999999986,0.23008849557522124,102,0.4803921568627451,-1.8999999999999986,0.5245497675796972,0,0.8333333333333334,139,0.4316546762589928,1.1407458488915814,3.0323570759693528,0.02181551853215362,-2.577373300770347,0.17985611510791366,128,0.4296875,-2.577373300770348,0.8244411648653962,22,0.5,392,0.4362244897959184,1.0871360674030708,4.732615718401951,0.01207299928163763,-3.962071831422512,0.36989795918367346,350,0.4228571428571429,-3.962071831422514,0.8300555366801314,21,0.6470588235294118
SPXW,"d65ret,d80,d80_front",-999999.0,1,score_desc,d80_front,22,4,15,False,False,False,False,False,-13.720581547775222,17.263705212993685,-13.720581547775222,113,0.46017699115044247,1.3886075652823706,6.1035271129558994,0.05401351427394601,-1.8999999999999986,0.23008849557522124,102,0.4803921568627451,-1.8999999999999986,0.5245497675796972,0,0.8333333333333334,139,0.4316546762589928,1.1407458488915814,3.0323570759693528,0.02181551853215362,-2.577373300770347,0.17985611510791366,128,0.4296875,-2.577373300770348,0.8244411648653962,22,0.5,392,0.4362244897959184,1.0871360674030708,4.732615718401951,0.01207299928163763,-3.962071831422512,0.36989795918367346,350,0.4228571428571429,-3.962071831422514,0.8300555366801314,21,0.6470588235294118
SPXW,"d65ret,d80,d80_front",0.0,1,score_desc,d80_front,22,2,30,False,False,False,False,False,-13.720581547775222,16.36594169041577,-13.720581547775222,113,0.46017699115044247,1.3886075652823706,6.1035271129558994,0.05401351427394601,-1.8999999999999986,0.23008849557522124,102,0.4803921568627451,-1.8999999999999986,0.5245497675796972,0,0.8333333333333334,139,0.4244604316546763,1.1194859375787314,2.60229196252725,0.018721524910267986,-2.577373300770348,0.17985611510791366,128,0.4296875,-2.5773733007703488,0.9606915887993184,22,0.5,390,0.4358974358974359,1.086921346414397,4.625027224570324,0.011859044165564934,-3.969190310659294,0.3717948717948718,349,0.42406876790830944,-3.9691903106592945,0.7742136844574392,20,0.6470588235294118
SPXW,"d65ret,d80,d80_front",0.0,1,score_desc,d80_front,22,3,15,False,False,False,False,False,-13.720581547775222,17.263705212993685,-13.720581547775222,113,0.46017699115044247,1.3886075652823706,6.1035271129558994,0.05401351427394601,-1.8999999999999986,0.23008849557522124,102,0.4803921568627451,-1.8999999999999986,0.5245497675796972,0,0.8333333333333334,139,0.4316546762589928,1.1407458488915814,3.0323570759693528,0.02181551853215362,-2.577373300770347,0.17985611510791366,128,0.4296875,-2.577373300770348,0.8244411648653962,22,0.5,391,0.43478260869565216,1.0860268850508499,4.672372767450171,0.011949802474297113,-3.962071831422511,0.36828644501278773,349,0.42120343839541546,-3.9620718314225147,0.8407578066984467,20,0.6470588235294118
SPXW,"d65ret,d80,d80_front",0.0,1,score_desc,d80_front,22,4,15,False,False,False,False,False,-13.720581547775222,17.263705212993685,-13.720581547775222,113,0.46017699115044247,1.3886075652823706,6.1035271129558994,0.05401351427394601,-1.8999999999999986,0.23008849557522124,102,0.4803921568627451,-1.8999999999999986,0.5245497675796972,0,0.8333333333333334,139,0.4316546762589928,1.1407458488915814,3.0323570759693528,0.02181551853215362,-2.577373300770347,0.17985611510791366,128,0.4296875,-2.577373300770348,0.8244411648653962,22,0.5,391,0.43478260869565216,1.0860268850508499,4.672372767450171,0.011949802474297113,-3.962071831422511,0.36828644501278773,349,0.42120343839541546,-3.9620718314225147,0.8407578066984467,20,0.6470588235294118
SPXW,"d65ret,d80,d80_front",-999999.0,1,score_desc,d80_front,22,3,30,False,False,False,False,False,-13.720581547775222,17.263705212993685,-13.720581547775222,113,0.46017699115044247,1.3886075652823706,6.1035271129558994,0.05401351427394601,-1.8999999999999986,0.23008849557522124,102,0.4803921568627451,-1.8999999999999986,0.5245497675796972,0,0.8333333333333334,139,0.4316546762589928,1.1407458488915814,3.0323570759693528,0.02181551853215362,-2.577373300770347,0.17985611510791366,128,0.4296875,-2.577373300770348,0.8244411648653962,22,0.5,391,0.4373401534526854,1.0820632274835353,4.39070306443924,0.011229419602146394,-3.969190310659294,0.3734015345268542,350,0.4257142857142857,-3.9691903106592954,0.8155321176809921,21,0.6470588235294118
SPXW,"d65ret,d80,d80_front",-999999.0,1,score_desc,d80_front,22,4,30,False,False,False,False,False,-13.720581547775222,17.263705212993685,-13.720581547775222,113,0.46017699115044247,1.3886075652823706,6.1035271129558994,0.05401351427394601,-1.8999999999999986,0.23008849557522124,102,0.4803921568627451,-1.8999999999999986,0.5245497675796972,0,0.8333333333333334,139,0.4316546762589928,1.1407458488915814,3.0323570759693528,0.02181551853215362,-2.577373300770347,0.17985611510791366,128,0.4296875,-2.577373300770348,0.8244411648653962,22,0.5,391,0.4373401534526854,1.0820632274835353,4.39070306443924,0.011229419602146394,-3.969190310659294,0.3734015345268542,350,0.4257142857142857,-3.9691903106592954,0.8155321176809921,21,0.6470588235294118
SPXW,"d65ret,d80,d80_front",0.0,1,score_desc,d80_front,22,3,30,False,False,False,False,False,-13.720581547775222,17.263705212993685,-13.720581547775222,113,0.46017699115044247,1.3886075652823706,6.1035271129558994,0.05401351427394601,-1.8999999999999986,0.23008849557522124,102,0.4803921568627451,-1.8999999999999986,0.5245497675796972,0,0.8333333333333334,139,0.4316546762589928,1.1407458488915814,3.0323570759693528,0.02181551853215362,-2.577373300770347,0.17985611510791366,128,0.4296875,-2.577373300770348,0.8244411648653962,22,0.5,390,0.4358974358974359,1.0809372731851736,4.33046011348746,0.011103743880737076,-3.969190310659295,0.3717948717948718,349,0.42406876790830944,-3.9691903106592945,0.8268773466122179,20,0.6470588235294118
SPXW,"d65ret,d80,d80_front",0.0,1,score_desc,d80_front,22,4,30,False,False,False,False,False,-13.720581547775222,17.263705212993685,-13.720581547775222,113,0.46017699115044247,1.3886075652823706,6.1035271129558994,0.05401351427394601,-1.8999999999999986,0.23008849557522124,102,0.4803921568627451,-1.8999999999999986,0.5245497675796972,0,0.8333333333333334,139,0.4316546762589928,1.1407458488915814,3.0323570759693528,0.02181551853215362,-2.577373300770347,0.17985611510791366,128,0.4296875,-2.577373300770348,0.8244411648653962,22,0.5,390,0.4358974358974359,1.0809372731851736,4.33046011348746,0.011103743880737076,-3.969190310659295,0.3717948717948718,349,0.42406876790830944,-3.9691903106592945,0.8268773466122179,20,0.6470588235294118
SPXW,"d65ret,d80_front,d80_zero",0.0,1,score_desc,d65win,22,3,15,False,False,False,False,False,-13.732471304932595,-6.821158155597336,-13.732471304932595,114,0.4649122807017544,1.4173789338898026,6.554766821499311,0.05749795457455536,-2.7496936249858646,0.19298245614035087,103,0.46601941747572817,-2.7496936249858646,0.5345867714729302,0,0.6666666666666666,139,0.4244604316546763,0.9973994439850291,-0.0562104767581435,-0.00040439191912333456,-2.4593755186318456,0.22302158273381295,128,0.421875,-2.4593755186318456,-50.09603274927218,22,0.6666666666666666,388,0.43556701030927836,1.0190159846796567,0.9838512853981483,0.002535699189170485,-5.834873349398199,0.3943298969072165,343,0.42565597667638483,-5.834873349398199,4.475903736326033,20,0.4117647058823529
SPXW,"d65ret,d80_front,d80_zero",0.0,1,score_desc,d65win,22,4,15,False,False,False,False,False,-13.732471304932595,-6.821158155597336,-13.732471304932595,114,0.4649122807017544,1.4173789338898026,6.554766821499311,0.05749795457455536,-2.7496936249858646,0.19298245614035087,103,0.46601941747572817,-2.7496936249858646,0.5345867714729302,0,0.6666666666666666,139,0.4244604316546763,0.9973994439850291,-0.0562104767581435,-0.00040439191912333456,-2.4593755186318456,0.22302158273381295,128,0.421875,-2.4593755186318456,-50.09603274927218,22,0.6666666666666666,388,0.43556701030927836,1.0190159846796567,0.9838512853981483,0.002535699189170485,-5.834873349398199,0.3943298969072165,343,0.42565597667638483,-5.834873349398199,4.475903736326033,20,0.4117647058823529
SPXW,"d65ret,d80_front,d80_zero",-999999.0,1,score_desc,d65win,22,3,15,False,False,False,False,False,-13.732471304932595,-6.821158155597336,-13.732471304932595,114,0.4649122807017544,1.4173789338898026,6.554766821499311,0.05749795457455536,-2.7496936249858646,0.19298245614035087,103,0.46601941747572817,-2.7496936249858646,0.5345867714729302,0,0.6666666666666666,139,0.4244604316546763,0.9973994439850291,-0.0562104767581435,-0.00040439191912333456,-2.4593755186318456,0.22302158273381295,128,0.421875,-2.4593755186318456,-50.09603274927218,22,0.6666666666666666,390,0.43333333333333335,1.010684101773247,0.5588996844476517,0.0014330761139683377,-6.067855840245594,0.39487179487179486,349,0.42120343839541546,-5.949823523242935,7.322468984200318,21,0.4117647058823529
SPXW,"d65ret,d80_front,d80_zero",-999999.0,1,score_desc,d65win,22,4,15,False,False,False,False,False,-13.732471304932595,-6.821158155597336,-13.732471304932595,114,0.4649122807017544,1.4173789338898026,6.554766821499311,0.05749795457455536,-2.7496936249858646,0.19298245614035087,103,0.46601941747572817,-2.7496936249858646,0.5345867714729302,0,0.6666666666666666,139,0.4244604316546763,0.9973994439850291,-0.0562104767581435,-0.00040439191912333456,-2.4593755186318456,0.22302158273381295,128,0.421875,-2.4593755186318456,-50.09603274927218,22,0.6666666666666666,390,0.43333333333333335,1.010684101773247,0.5588996844476517,0.0014330761139683377,-6.067855840245594,0.39487179487179486,349,0.42120343839541546,-5.949823523242935,7.322468984200318,21,0.4117647058823529
SPXW,"d65ret,d80",0.0,1,score_desc,d80,22,3,30,False,False,False,False,False,-13.787677639822721,17.004676237578547,-13.787677639822721,110,0.4636363636363636,1.4015951871233872,6.603864922011525,0.060035135654650226,-2.3999999999999986,0.20909090909090908,102,0.4803921568627451,-2.3999999999999986,0.40067398073777116,0,0.6666666666666666,137,0.43795620437956206,1.1293533844888737,2.8643755109084816,0.020907850444587456,-2.2774802861251224,0.17518248175182483,128,0.4296875,-2.2774802861251224,0.8927325805131568,21,0.5,373,0.41823056300268097,1.046050764625849,2.6349451994898616,0.0070641962452811305,-3.664195559345005,0.3726541554959786,336,0.4226190476190476,-3.6641955593450053,1.588458695764686,15,0.5882352941176471
SPXW,"d65ret,d80",0.0,1,score_desc,d80,22,4,30,False,False,False,False,False,-13.787677639822721,17.004676237578547,-13.787677639822721,110,0.4636363636363636,1.4015951871233872,6.603864922011525,0.060035135654650226,-2.3999999999999986,0.20909090909090908,102,0.4803921568627451,-2.3999999999999986,0.40067398073777116,0,0.6666666666666666,137,0.43795620437956206,1.1293533844888737,2.8643755109084816,0.020907850444587456,-2.2774802861251224,0.17518248175182483,128,0.4296875,-2.2774802861251224,0.8927325805131568,21,0.5,373,0.41823056300268097,1.046050764625849,2.6349451994898616,0.0070641962452811305,-3.664195559345005,0.3726541554959786,336,0.4226190476190476,-3.6641955593450053,1.588458695764686,15,0.5882352941176471
SPXW,"d65ret,d80",-999999.0,1,score_desc,d80,22,3,30,False,False,False,False,False,-13.787677639822721,17.004676237578547,-13.787677639822721,110,0.4636363636363636,1.4015951871233872,6.603864922011525,0.060035135654650226,-2.3999999999999986,0.20909090909090908,102,0.4803921568627451,-2.3999999999999986,0.40067398073777116,0,0.6666666666666666,137,0.43795620437956206,1.1293533844888737,2.8643755109084816,0.020907850444587456,-2.2774802861251224,0.17518248175182483,128,0.4296875,-2.2774802861251224,0.8927325805131568,21,0.5,380,0.41842105263157897,1.02984790952832,1.7409250966665208,0.004581381833332949,-3.664195559345006,0.3684210526315789,345,0.42318840579710143,-3.664195559345006,2.1169788533981104,19,0.5294117647058824
SPXW,"d65ret,d80",-999999.0,1,score_desc,d80,22,4,30,False,False,False,False,False,-13.787677639822721,17.004676237578547,-13.787677639822721,110,0.4636363636363636,1.4015951871233872,6.603864922011525,0.060035135654650226,-2.3999999999999986,0.20909090909090908,102,0.4803921568627451,-2.3999999999999986,0.40067398073777116,0,0.6666666666666666,137,0.43795620437956206,1.1293533844888737,2.8643755109084816,0.020907850444587456,-2.2774802861251224,0.17518248175182483,128,0.4296875,-2.2774802861251224,0.8927325805131568,21,0.5,380,0.41842105263157897,1.02984790952832,1.7409250966665208,0.004581381833332949,-3.664195559345006,0.3684210526315789,345,0.42318840579710143,-3.664195559345006,2.1169788533981104,19,0.5294117647058824
SPXW,"d65ret,d80",0.0,1,score_desc,d80,22,3,15,False,False,False,False,False,-13.787677639822721,17.004676237578547,-13.787677639822721,110,0.4636363636363636,1.4015951871233872,6.603864922011525,0.060035135654650226,-2.3999999999999986,0.20909090909090908,102,0.4803921568627451,-2.3999999999999986,0.40067398073777116,0,0.6666666666666666,137,0.43795620437956206,1.1293533844888737,2.8643755109084816,0.020907850444587456,-2.2774802861251224,0.17518248175182483,128,0.4296875,-2.2774802861251224,0.8927325805131568,21,0.5,373,0.4101876675603217,1.0088871893519888,0.5165080925748451,0.0013847401945706302,-4.269349868378237,0.3753351206434316,336,0.4166666666666667,-4.269349868378237,8.10345796157411,15,0.5882352941176471
SPXW,"d65ret,d80",0.0,1,score_desc,d80,22,4,15,False,False,False,False,False,-13.787677639822721,17.004676237578547,-13.787677639822721,110,0.4636363636363636,1.4015951871233872,6.603864922011525,0.060035135654650226,-2.3999999999999986,0.20909090909090908,102,0.4803921568627451,-2.3999999999999986,0.40067398073777116,0,0.6666666666666666,137,0.43795620437956206,1.1293533844888737,2.8643755109084816,0.020907850444587456,-2.2774802861251224,0.17518248175182483,128,0.4296875,-2.2774802861251224,0.8927325805131568,21,0.5,373,0.4101876675603217,1.0088871893519888,0.5165080925748451,0.0013847401945706302,-4.269349868378237,0.3753351206434316,336,0.4166666666666667,-4.269349868378237,8.10345796157411,15,0.5882352941176471
SPXW,"d65ret,d80",0.0,1,score_desc,d80,22,3,0,False,False,False,False,False,-13.787677639822721,17.004676237578547,-13.787677639822721,110,0.4636363636363636,1.4015951871233872,6.603864922011525,0.060035135654650226,-2.3999999999999986,0.20909090909090908,102,0.4803921568627451,-2.3999999999999986,0.40067398073777116,0,0.6666666666666666,137,0.43795620437956206,1.1293533844888737,2.8643755109084816,0.020907850444587456,-2.2774802861251224,0.17518248175182483,128,0.4296875,-2.2774802861251224,0.8927325805131568,21,0.5,375,0.408,0.9992634714645885,-0.04340095517663878,-0.00011573588047103674,-4.8292589161297235,0.37333333333333335,335,0.408955223880597,-4.829258916129724,-101.84214547957426,15,0.5882352941176471
SPXW,"d65ret,d80",0.0,1,score_desc,d80,22,4,0,False,False,False,False,False,-13.787677639822721,17.004676237578547,-13.787677639822721,110,0.4636363636363636,1.4015951871233872,6.603864922011525,0.060035135654650226,-2.3999999999999986,0.20909090909090908,102,0.4803921568627451,-2.3999999999999986,0.40067398073777116,0,0.6666666666666666,137,0.43795620437956206,1.1293533844888737,2.8643755109084816,0.020907850444587456,-2.2774802861251224,0.17518248175182483,128,0.4296875,-2.2774802861251224,0.8927325805131568,21,0.5,375,0.408,0.9992634714645885,-0.04340095517663878,-0.00011573588047103674,-4.8292589161297235,0.37333333333333335,335,0.408955223880597,-4.829258916129724,-101.84214547957426,15,0.5882352941176471
SPXW,"d65ret,d80",-999999.0,1,score_desc,d80,22,3,15,False,False,False,False,False,-13.787677639822721,17.004676237578547,-13.787677639822721,110,0.4636363636363636,1.4015951871233872,6.603864922011525,0.060035135654650226,-2.3999999999999986,0.20909090909090908,102,0.4803921568627451,-2.3999999999999986,0.40067398073777116,0,0.6666666666666666,137,0.43795620437956206,1.1293533844888737,2.8643755109084816,0.020907850444587456,-2.2774802861251224,0.17518248175182483,128,0.4296875,-2.2774802861251224,0.8927325805131568,21,0.5,380,0.4105263157894737,0.993625964790014,-0.37751201024849557,-0.0009934526585486725,-4.133477628339313,0.37105263157894736,345,0.41739130434782606,-4.133477628339314,-9.762607585827856,19,0.5294117647058824
SPXW,"d65ret,d80",-999999.0,1,score_desc,d80,22,4,15,False,False,False,False,False,-13.787677639822721,17.004676237578547,-13.787677639822721,110,0.4636363636363636,1.4015951871233872,6.603864922011525,0.060035135654650226,-2.3999999999999986,0.20909090909090908,102,0.4803921568627451,-2.3999999999999986,0.40067398073777116,0,0.6666666666666666,137,0.43795620437956206,1.1293533844888737,2.8643755109084816,0.020907850444587456,-2.2774802861251224,0.17518248175182483,128,0.4296875,-2.2774802861251224,0.8927325805131568,21,0.5,380,0.4105263157894737,0.993625964790014,-0.37751201024849557,-0.0009934526585486725,-4.133477628339313,0.37105263157894736,345,0.41739130434782606,-4.133477628339314,-9.762607585827856,19,0.5294117647058824
SPXW,"d65ret,d80",-999999.0,1,score_desc,d80,22,3,0,False,False,False,False,False,-13.787677639822721,17.004676237578547,-13.787677639822721,110,0.4636363636363636,1.4015951871233872,6.603864922011525,0.060035135654650226,-2.3999999999999986,0.20909090909090908,102,0.4803921568627451,-2.3999999999999986,0.40067398073777116,0,0.6666666666666666,137,0.43795620437956206,1.1293533844888737,2.8643755109084816,0.020907850444587456,-2.2774802861251224,0.17518248175182483,128,0.4296875,-2.2774802861251224,0.8927325805131568,21,0.5,382,0.40575916230366493,0.9820739567033921,-1.0769268287422435,-0.002819180179953517,-4.79557710184063,0.3717277486910995,345,0.40869565217391307,-4.79557710184063,-3.6587884841678147,19,0.5294117647058824
SPXW,"d65ret,d80",-999999.0,1,score_desc,d80,22,4,0,False,False,False,False,False,-13.787677639822721,17.004676237578547,-13.787677639822721,110,0.4636363636363636,1.4015951871233872,6.603864922011525,0.060035135654650226,-2.3999999999999986,0.20909090909090908,102,0.4803921568627451,-2.3999999999999986,0.40067398073777116,0,0.6666666666666666,137,0.43795620437956206,1.1293533844888737,2.8643755109084816,0.020907850444587456,-2.2774802861251224,0.17518248175182483,128,0.4296875,-2.2774802861251224,0.8927325805131568,21,0.5,382,0.40575916230366493,0.9820739567033921,-1.0769268287422435,-0.002819180179953517,-4.79557710184063,0.3717277486910995,345,0.40869565217391307,-4.79557710184063,-3.6587884841678147,19,0.5294117647058824
SPXW,"d65ret,d80,d80_front",0.0,1,score_desc,d65win,22,3,0,False,False,False,False,False,-13.801000200435396,20.63308469768799,-13.801000200435396,114,0.4649122807017544,1.3715626385710047,5.957054858491606,0.05225486717975093,-2.4732483842357498,0.21052631578947367,102,0.4803921568627451,-2.4732483842357498,0.5143030050722038,0,0.8333333333333334,139,0.460431654676259,1.210726019154794,4.4425038280529705,0.03196045919462569,-2.3787445281393063,0.18705035971223022,128,0.4453125,-2.3787445281393063,0.6100164646593386,22,0.6666666666666666,389,0.42930591259640105,1.0557197408662455,3.178828406232365,0.008171795388772145,-5.622544239951688,0.34704370179948585,347,0.4265129682997118,-5.622544239951688,1.254577303258195,19,0.5882352941176471
SPXW,"d65ret,d80,d80_front",0.0,1,score_desc,d65win,22,4,0,False,False,False,False,False,-13.801000200435396,20.63308469768799,-13.801000200435396,114,0.4649122807017544,1.3715626385710047,5.957054858491606,0.05225486717975093,-2.4732483842357498,0.21052631578947367,102,0.4803921568627451,-2.4732483842357498,0.5143030050722038,0,0.8333333333333334,139,0.460431654676259,1.210726019154794,4.4425038280529705,0.03196045919462569,-2.3787445281393063,0.18705035971223022,128,0.4453125,-2.3787445281393063,0.6100164646593386,22,0.6666666666666666,389,0.42930591259640105,1.0557197408662455,3.178828406232365,0.008171795388772145,-5.622544239951688,0.34704370179948585,347,0.4265129682997118,-5.622544239951688,1.254577303258195,19,0.5882352941176471
SPXW,"d65ret,d80,d80_front",-999999.0,1,score_desc,d65win,22,3,0,False,False,False,False,False,-13.801000200435396,20.63308469768799,-13.801000200435396,114,0.4649122807017544,1.3715626385710047,5.957054858491606,0.05225486717975093,-2.4732483842357498,0.21052631578947367,102,0.4803921568627451,-2.4732483842357498,0.5143030050722038,0,0.8333333333333334,139,0.460431654676259,1.210726019154794,4.4425038280529705,0.03196045919462569,-2.3787445281393063,0.18705035971223022,128,0.4453125,-2.3787445281393063,0.6100164646593386,22,0.6666666666666666,392,0.42857142857142855,1.0537783949797477,3.0768006810098645,0.007848981329106797,-5.622544239951688,0.3469387755102041,350,0.4257142857142857,-5.622544239951688,1.2961795003576835,21,0.5882352941176471
SPXW,"d65ret,d80,d80_front",-999999.0,1,score_desc,d65win,22,4,0,False,False,False,False,False,-13.801000200435396,20.63308469768799,-13.801000200435396,114,0.4649122807017544,1.3715626385710047,5.957054858491606,0.05225486717975093,-2.4732483842357498,0.21052631578947367,102,0.4803921568627451,-2.4732483842357498,0.5143030050722038,0,0.8333333333333334,139,0.460431654676259,1.210726019154794,4.4425038280529705,0.03196045919462569,-2.3787445281393063,0.18705035971223022,128,0.4453125,-2.3787445281393063,0.6100164646593386,22,0.6666666666666666,392,0.42857142857142855,1.0537783949797477,3.0768006810098645,0.007848981329106797,-5.622544239951688,0.3469387755102041,350,0.4257142857142857,-5.622544239951688,1.2961795003576835,21,0.5882352941176471
SPXW,"d65ret,d80",-999999.0,1,score_desc,d50ret,21,2,15,False,False,False,False,False,-13.815226895223034,18.652446263289757,-13.815226895223034,104,0.46153846153846156,1.4090217310825497,6.357868075454634,0.061133346879371483,-2.3999999999999986,0.23076923076923078,102,0.47058823529411764,-2.3999999999999986,0.39321356944343827,0,0.6666666666666666,137,0.45255474452554745,1.165470469919157,3.5722381101700718,0.026074730731168408,-2.2774802861251224,0.18248175182481752,128,0.4453125,-2.2774802861251224,0.7087686897787522,21,0.5,377,0.41644562334217505,1.0325939192148237,1.8814087251583875,0.004990474072038164,-4.892582385370445,0.3819628647214854,346,0.42196531791907516,-4.892582385370446,1.5227124194356918,19,0.47058823529411764
SPXW,"d65ret,d80",-999999.0,1,score_desc,d50ret,21,2,30,False,False,False,False,False,-13.815226895223034,18.652446263289757,-13.815226895223034,104,0.46153846153846156,1.4090217310825497,6.357868075454634,0.061133346879371483,-2.3999999999999986,0.23076923076923078,102,0.47058823529411764,-2.3999999999999986,0.39321356944343827,0,0.6666666666666666,137,0.45255474452554745,1.165470469919157,3.5722381101700718,0.026074730731168408,-2.2774802861251224,0.18248175182481752,128,0.4453125,-2.2774802861251224,0.7087686897787522,21,0.5,376,0.4175531914893617,1.03187494117058,1.8303448953711527,0.004867938551519024,-4.561690255718212,0.3829787234042553,347,0.4207492795389049,-4.549774616256349,1.5651937725389307,19,0.47058823529411764
SPXW,"d65ret,d80",-999999.0,1,score_desc,d50ret,21,3,15,False,False,False,False,False,-13.815226895223034,18.652446263289757,-13.815226895223034,104,0.46153846153846156,1.4090217310825497,6.357868075454634,0.061133346879371483,-2.3999999999999986,0.23076923076923078,102,0.46078431372549017,-2.3999999999999986,0.39321356944343827,0,0.6666666666666666,137,0.45255474452554745,1.165470469919157,3.5722381101700718,0.026074730731168408,-2.2774802861251224,0.18248175182481752,128,0.4453125,-2.2774802861251224,0.7087686897787522,21,0.5,377,0.41644562334217505,1.0274633337999373,1.5931734310407402,0.004225924220267215,-4.892582385370444,0.3793103448275862,346,0.4190751445086705,-4.892582385370445,1.7981999799995974,19,0.47058823529411764
SPXW,"d65ret,d80",-999999.0,1,score_desc,d50ret,21,4,15,False,False,False,False,False,-13.815226895223034,18.652446263289757,-13.815226895223034,104,0.46153846153846156,1.4090217310825497,6.357868075454634,0.061133346879371483,-2.3999999999999986,0.23076923076923078,102,0.46078431372549017,-2.3999999999999986,0.39321356944343827,0,0.6666666666666666,137,0.45255474452554745,1.165470469919157,3.5722381101700718,0.026074730731168408,-2.2774802861251224,0.18248175182481752,128,0.4453125,-2.2774802861251224,0.7087686897787522,21,0.5,377,0.41644562334217505,1.0274633337999373,1.5931734310407402,0.004225924220267215,-4.892582385370444,0.3793103448275862,346,0.4190751445086705,-4.892582385370445,1.7981999799995974,19,0.47058823529411764
SPXW,"d65ret,d80",0.0,1,score_desc,d50ret,21,2,15,False,False,False,False,False,-13.815226895223034,18.652446263289757,-13.815226895223034,104,0.46153846153846156,1.4090217310825497,6.357868075454634,0.061133346879371483,-2.3999999999999986,0.23076923076923078,102,0.47058823529411764,-2.3999999999999986,0.39321356944343827,0,0.6666666666666666,137,0.45255474452554745,1.165470469919157,3.5722381101700718,0.026074730731168408,-2.2774802861251224,0.18248175182481752,128,0.4453125,-2.2774802861251224,0.7087686897787522,21,0.5,374,0.4144385026737968,1.027148143408088,1.5678168072014171,0.004192023548666891,-5.092582385370446,0.3877005347593583,341,0.4222873900293255,-5.092582385370448,2.1461974488203506,17,0.47058823529411764
SPXW,"d65ret,d80",-999999.0,1,score_desc,d50ret,21,3,30,False,False,False,False,False,-13.815226895223034,18.652446263289757,-13.815226895223034,104,0.46153846153846156,1.4090217310825497,6.357868075454634,0.061133346879371483,-2.3999999999999986,0.23076923076923078,102,0.46078431372549017,-2.3999999999999986,0.39321356944343827,0,0.6666666666666666,137,0.45255474452554745,1.165470469919157,3.5722381101700718,0.026074730731168408,-2.2774802861251224,0.18248175182481752,128,0.4453125,-2.2774802861251224,0.7087686897787522,21,0.5,376,0.4175531914893617,1.0267212762304898,1.5421096012535058,0.004101355322482728,-4.561690255718216,0.3803191489361702,347,0.41786743515850144,-4.54977461625635,1.857743722952413,19,0.47058823529411764
SPXW,"d65ret,d80",-999999.0,1,score_desc,d50ret,21,4,30,False,False,False,False,False,-13.815226895223034,18.652446263289757,-13.815226895223034,104,0.46153846153846156,1.4090217310825497,6.357868075454634,0.061133346879371483,-2.3999999999999986,0.23076923076923078,102,0.46078431372549017,-2.3999999999999986,0.39321356944343827,0,0.6666666666666666,137,0.45255474452554745,1.165470469919157,3.5722381101700718,0.026074730731168408,-2.2774802861251224,0.18248175182481752,128,0.4453125,-2.2774802861251224,0.7087686897787522,21,0.5,376,0.4175531914893617,1.0267212762304898,1.5421096012535058,0.004101355322482728,-4.561690255718216,0.3803191489361702,347,0.41786743515850144,-4.54977461625635,1.857743722952413,19,0.47058823529411764
SPXW,"d65ret,d80",0.0,1,score_desc,d50ret,21,2,30,False,False,False,False,False,-13.815226895223034,18.652446263289757,-13.815226895223034,104,0.46153846153846156,1.4090217310825497,6.357868075454634,0.061133346879371483,-2.3999999999999986,0.23076923076923078,102,0.47058823529411764,-2.3999999999999986,0.39321356944343827,0,0.6666666666666666,137,0.45255474452554745,1.165470469919157,3.5722381101700718,0.026074730731168408,-2.2774802861251224,0.18248175182481752,128,0.4453125,-2.2774802861251224,0.7087686897787522,21,0.5,371,0.41509433962264153,1.0230401259148592,1.3167529774141844,0.003549199400038233,-4.643646215157681,0.38544474393531,342,0.41812865497076024,-4.643646215157681,2.5554105360302044,17,0.47058823529411764
SPXW,"d65ret,d80",0.0,1,score_desc,d50ret,21,3,15,False,False,False,False,False,-13.815226895223034,18.652446263289757,-13.815226895223034,104,0.46153846153846156,1.4090217310825497,6.357868075454634,0.061133346879371483,-2.3999999999999986,0.23076923076923078,102,0.46078431372549017,-2.3999999999999986,0.39321356944343827,0,0.6666666666666666,137,0.45255474452554745,1.165470469919157,3.5722381101700718,0.026074730731168408,-2.2774802861251224,0.18248175182481752,128,0.4453125,-2.2774802861251224,0.7087686897787522,21,0.5,374,0.4144385026737968,1.0220470547874958,1.2795815130837702,0.003421340944074252,-5.092582385370446,0.3850267379679144,341,0.41935483870967744,-5.092582385370447,2.629644455962895,17,0.47058823529411764
SPXW,"d65ret,d80",0.0,1,score_desc,d50ret,21,4,15,False,False,False,False,False,-13.815226895223034,18.652446263289757,-13.815226895223034,104,0.46153846153846156,1.4090217310825497,6.357868075454634,0.061133346879371483,-2.3999999999999986,0.23076923076923078,102,0.46078431372549017,-2.3999999999999986,0.39321356944343827,0,0.6666666666666666,137,0.45255474452554745,1.165470469919157,3.5722381101700718,0.026074730731168408,-2.2774802861251224,0.18248175182481752,128,0.4453125,-2.2774802861251224,0.7087686897787522,21,0.5,374,0.4144385026737968,1.0220470547874958,1.2795815130837702,0.003421340944074252,-5.092582385370446,0.3850267379679144,341,0.41935483870967744,-5.092582385370447,2.629644455962895,17,0.47058823529411764
SPXW,"d65ret,d80",0.0,1,score_desc,d50ret,21,3,30,False,False,False,False,False,-13.815226895223034,18.652446263289757,-13.815226895223034,104,0.46153846153846156,1.4090217310825497,6.357868075454634,0.061133346879371483,-2.3999999999999986,0.23076923076923078,102,0.46078431372549017,-2.3999999999999986,0.39321356944343827,0,0.6666666666666666,137,0.45255474452554745,1.165470469919157,3.5722381101700718,0.026074730731168408,-2.2774802861251224,0.18248175182481752,128,0.4453125,-2.2774802861251224,0.7087686897787522,21,0.5,371,0.41509433962264153,1.0179063663101688,1.0285176832965375,0.002772284860637567,-4.643646215157684,0.38274932614555257,342,0.4152046783625731,-4.643646215157684,3.271547476994824,17,0.47058823529411764
SPXW,"d65ret,d80",0.0,1,score_desc,d50ret,21,4,30,False,False,False,False,False,-13.815226895223034,18.652446263289757,-13.815226895223034,104,0.46153846153846156,1.4090217310825497,6.357868075454634,0.061133346879371483,-2.3999999999999986,0.23076923076923078,102,0.46078431372549017,-2.3999999999999986,0.39321356944343827,0,0.6666666666666666,137,0.45255474452554745,1.165470469919157,3.5722381101700718,0.026074730731168408,-2.2774802861251224,0.18248175182481752,128,0.4453125,-2.2774802861251224,0.7087686897787522,21,0.5,371,0.41509433962264153,1.0179063663101688,1.0285176832965375,0.002772284860637567,-4.643646215157684,0.38274932614555257,342,0.4152046783625731,-4.643646215157684,3.271547476994824,17,0.47058823529411764
SPXW,"d65ret,d80",-999999.0,1,score_desc,d50ret,21,2,0,False,False,False,False,False,-13.815226895223034,18.652446263289757,-13.815226895223034,104,0.46153846153846156,1.4090217310825497,6.357868075454634,0.061133346879371483,-2.3999999999999986,0.23076923076923078,102,0.47058823529411764,-2.3999999999999986,0.39321356944343827,0,0.6666666666666666,137,0.45255474452554745,1.165470469919157,3.5722381101700718,0.026074730731168408,-2.2774802861251224,0.18248175182481752,128,0.4453125,-2.2774802861251224,0.7087686897787522,21,0.5,379,0.41160949868073876,1.0162458445653564,0.9505053978717877,0.0025079298096880942,-5.48772135930458,0.37730870712401055,346,0.42196531791907516,-5.363122410545387,3.014022264626617,19,0.47058823529411764
SPXW,"d65ret,d80",-999999.0,1,score_desc,d50ret,21,3,0,False,False,False,False,False,-13.815226895223034,18.652446263289757,-13.815226895223034,104,0.46153846153846156,1.4090217310825497,6.357868075454634,0.061133346879371483,-2.3999999999999986,0.23076923076923078,102,0.46078431372549017,-2.3999999999999986,0.39321356944343827,0,0.6666666666666666,137,0.45255474452554745,1.165470469919157,3.5722381101700718,0.026074730731168408,-2.2774802861251224,0.18248175182481752,128,0.4453125,-2.2774802861251224,0.7087686897787522,21,0.5,379,0.41160949868073876,1.0112638945415855,0.6622701037541407,0.0017474145217787355,-5.487721359304582,0.37467018469656993,346,0.4190751445086705,-5.3631224105453885,4.325794589841376,19,0.47058823529411764
SPXW,"d65ret,d80",-999999.0,1,score_desc,d50ret,21,4,0,False,False,False,False,False,-13.815226895223034,18.652446263289757,-13.815226895223034,104,0.46153846153846156,1.4090217310825497,6.357868075454634,0.061133346879371483,-2.3999999999999986,0.23076923076923078,102,0.46078431372549017,-2.3999999999999986,0.39321356944343827,0,0.6666666666666666,137,0.45255474452554745,1.165470469919157,3.5722381101700718,0.026074730731168408,-2.2774802861251224,0.18248175182481752,128,0.4453125,-2.2774802861251224,0.7087686897787522,21,0.5,379,0.41160949868073876,1.0112638945415855,0.6622701037541407,0.0017474145217787355,-5.487721359304582,0.37467018469656993,346,0.4190751445086705,-5.3631224105453885,4.325794589841376,19,0.47058823529411764
SPXW,"d65ret,d80",0.0,1,score_desc,d50ret,21,2,0,False,False,False,False,False,-13.815226895223034,18.652446263289757,-13.815226895223034,104,0.46153846153846156,1.4090217310825497,6.357868075454634,0.061133346879371483,-2.3999999999999986,0.23076923076923078,102,0.47058823529411764,-2.3999999999999986,0.39321356944343827,0,0.6666666666666666,137,0.45255474452554745,1.165470469919157,3.5722381101700718,0.026074730731168408,-2.2774802861251224,0.18248175182481752,128,0.4453125,-2.2774802861251224,0.7087686897787522,21,0.5,376,0.4095744680851064,1.0108808377047278,0.636913479914816,0.0016939188295606808,-5.436916530818883,0.38563829787234044,339,0.4218289085545723,-5.3123175820596895,5.283047914582339,17,0.47058823529411764
SPXW,"d65ret,d80",0.0,1,score_desc,d50ret,21,3,0,False,False,False,False,False,-13.815226895223034,18.652446263289757,-13.815226895223034,104,0.46153846153846156,1.4090217310825497,6.357868075454634,0.061133346879371483,-2.3999999999999986,0.23076923076923078,102,0.46078431372549017,-2.3999999999999986,0.39321356944343827,0,0.6666666666666666,137,0.45255474452554745,1.165470469919157,3.5722381101700718,0.026074730731168408,-2.2774802861251224,0.18248175182481752,128,0.4453125,-2.2774802861251224,0.7087686897787522,21,0.5,376,0.4095744680851064,1.005927525040886,0.3486781857971697,0.0009273356005243874,-5.436916530818884,0.3829787234042553,339,0.41887905604719766,-5.31231758205969,9.65028662214825,17,0.47058823529411764
SPXW,"d65ret,d80",0.0,1,score_desc,d50ret,21,4,0,False,False,False,False,False,-13.815226895223034,18.652446263289757,-13.815226895223034,104,0.46153846153846156,1.4090217310825497,6.357868075454634,0.061133346879371483,-2.3999999999999986,0.23076923076923078,102,0.46078431372549017,-2.3999999999999986,0.39321356944343827,0,0.6666666666666666,137,0.45255474452554745,1.165470469919157,3.5722381101700718,0.026074730731168408,-2.2774802861251224,0.18248175182481752,128,0.4453125,-2.2774802861251224,0.7087686897787522,21,0.5,376,0.4095744680851064,1.005927525040886,0.3486781857971697,0.0009273356005243874,-5.436916530818884,0.3829787234042553,339,0.41887905604719766,-5.31231758205969,9.65028662214825,17,0.47058823529411764
SPXW,"d65ret,d80_front,d80_zero",0.0,1,score_desc,d65win,22,2,30,False,False,False,False,False,-13.823606588968893,-6.821158155597336,-13.823606588968893,114,0.4649122807017544,1.408470322546507,6.4554348550496625,0.05662662153552336,-2.7496936249858646,0.19298245614035087,103,0.46601941747572817,-2.7496936249858646,0.5428126395113687,0,0.6666666666666666,139,0.4244604316546763,0.9973994439850291,-0.0562104767581435,-0.00040439191912333456,-2.4593755186318456,0.22302158273381295,128,0.421875,-2.4593755186318456,-50.09603274927218,22,0.6666666666666666,388,0.4329896907216495,1.0098508919635314,0.5132125173490616,0.0013227126735800556,-5.825560791259455,0.38917525773195877,343,0.4227405247813411,-5.659684012008999,8.558861705459952,20,0.4117647058823529
SPXW,"d65ret,d80_front,d80_zero",-999999.0,1,score_desc,d65win,22,2,30,False,False,False,False,False,-13.823606588968893,-6.821158155597336,-13.823606588968893,114,0.4649122807017544,1.408470322546507,6.4554348550496625,0.05662662153552336,-2.7496936249858646,0.19298245614035087,103,0.46601941747572817,-2.7496936249858646,0.5428126395113687,0,0.6666666666666666,139,0.4244604316546763,0.9973994439850291,-0.0562104767581435,-0.00040439191912333456,-2.4593755186318456,0.22302158273381295,128,0.421875,-2.4593755186318456,-50.09603274927218,22,0.6666666666666666,390,0.4307692307692308,1.0013228056447832,0.06969844341923981,0.00017871395748523028,-6.269074865189274,0.38974358974358975,349,0.4183381088825215,-6.103198085938819,57.61842947894168,21,0.4117647058823529
SPXW,"d65ret,d80,d80_front",0.0,1,score_desc,d65ret,22,2,0,False,False,False,False,False,-13.840955125605959,19.05873189620419,-13.840955125605959,113,0.46017699115044247,1.3730451872151865,6.124154346489572,0.05419605616362453,-2.6999999999999984,0.20353982300884957,102,0.4803921568627451,-2.6999999999999984,0.5715074771108988,0,0.8333333333333334,134,0.44029850746268656,1.179627384289607,3.879910468645671,0.028954555736161722,-1.9774802861251226,0.19402985074626866,128,0.453125,-1.9774802861251226,0.646227677381135,20,0.6666666666666666,387,0.4392764857881137,1.1198459911509213,6.706107820251894,0.017328443979979055,-4.369365289028556,0.36175710594315247,348,0.4339080459770115,-4.369365289028557,0.6137678709656341,19,0.6470588235294118
SPXW,"d65ret,d80,d80_front",-999999.0,1,score_desc,d65ret,22,2,0,False,False,False,False,False,-13.840955125605959,19.05873189620419,-13.840955125605959,113,0.46017699115044247,1.3730451872151865,6.124154346489572,0.05419605616362453,-2.6999999999999984,0.20353982300884957,102,0.4803921568627451,-2.6999999999999984,0.5715074771108988,0,0.8333333333333334,134,0.44029850746268656,1.179627384289607,3.879910468645671,0.028954555736161722,-1.9774802861251226,0.19402985074626866,128,0.453125,-1.9774802861251226,0.646227677381135,20,0.6666666666666666,389,0.4370179948586118,1.116607865415115,6.543837144077611,0.01682220345521237,-4.369365289028557,0.35989717223650386,350,0.43142857142857144,-4.369365289028558,0.6289877679836676,19,0.6470588235294118
SPXW,"d65ret,d80,d80_front",0.0,1,score_desc,d65ret,22,2,15,False,False,False,False,False,-13.840955125605959,19.05873189620419,-13.840955125605959,113,0.46017699115044247,1.3730451872151865,6.124154346489572,0.05419605616362453,-2.6999999999999984,0.20353982300884957,102,0.4803921568627451,-2.6999999999999984,0.5715074771108988,0,0.8333333333333334,134,0.44029850746268656,1.179627384289607,3.879910468645671,0.028954555736161722,-1.9774802861251226,0.19402985074626866,128,0.453125,-1.9774802861251226,0.646227677381135,20,0.6666666666666666,386,0.4326424870466321,1.0899331923149544,5.06513387670536,0.01312210848887399,-5.019512488054268,0.36528497409326427,348,0.4281609195402299,-5.019512488054269,0.8767958967059384,19,0.6470588235294118
SPXW,"d65ret,d80,d80_front",-999999.0,1,score_desc,d65ret,22,2,15,False,False,False,False,False,-13.840955125605959,19.05873189620419,-13.840955125605959,113,0.46017699115044247,1.3730451872151865,6.124154346489572,0.05419605616362453,-2.6999999999999984,0.20353982300884957,102,0.4803921568627451,-2.6999999999999984,0.5715074771108988,0,0.8333333333333334,134,0.44029850746268656,1.179627384289607,3.879910468645671,0.028954555736161722,-1.9774802861251226,0.19402985074626866,128,0.453125,-1.9774802861251226,0.646227677381135,20,0.6666666666666666,388,0.43041237113402064,1.0868019294499054,4.902863200531078,0.0126362453621935,-5.019512488054267,0.3634020618556701,350,0.4257142857142857,-5.019512488054269,0.9058153200930518,19,0.6470588235294118
SPXW,"d65ret,d80,d80_front",0.0,1,score_desc,d65ret,22,2,30,False,False,False,False,False,-13.840955125605959,19.05873189620419,-13.840955125605959,113,0.46017699115044247,1.3730451872151865,6.124154346489572,0.05419605616362453,-2.6999999999999984,0.20353982300884957,102,0.4803921568627451,-2.6999999999999984,0.5715074771108988,0,0.8333333333333334,134,0.44029850746268656,1.179627384289607,3.879910468645671,0.028954555736161722,-1.9774802861251226,0.19402985074626866,128,0.453125,-1.9774802861251226,0.646227677381135,20,0.6666666666666666,385,0.43116883116883115,1.0846131937764336,4.784093009897438,0.012426215610123215,-5.019512488054267,0.36623376623376624,348,0.43103448275862066,-5.019512488054269,0.92830314757127,19,0.6470588235294118
SPXW,"d65ret,d80,d80_front",-999999.0,1,score_desc,d65ret,22,2,30,False,False,False,False,False,-13.840955125605959,19.05873189620419,-13.840955125605959,113,0.46017699115044247,1.3730451872151865,6.124154346489572,0.05419605616362453,-2.6999999999999984,0.20353982300884957,102,0.4803921568627451,-2.6999999999999984,0.5715074771108988,0,0.8333333333333334,134,0.44029850746268656,1.179627384289607,3.879910468645671,0.028954555736161722,-1.9774802861251226,0.19402985074626866,128,0.453125,-1.9774802861251226,0.646227677381135,20,0.6666666666666666,387,0.4289405684754522,1.081509286261907,4.621822333723156,0.011942693368793684,-5.019512488054268,0.3643410852713178,350,0.42857142857142855,-5.01951248805427,0.96089556860658,19,0.6470588235294118
SPXW,"d50ret,d65ret,d80_zero",-999999.0,1,score_desc,d80,21,2,30,False,False,False,False,False,-13.842789462316986,-13.25740327681493,-13.842789462316986,107,0.4672897196261682,1.440947806005697,6.877112410803993,0.0642720786056448,-2.3999999999999986,0.18691588785046728,102,0.4803921568627451,-2.3999999999999986,0.3847540491558649,0,0.5,135,0.37777777777777777,0.9245412960994225,-1.801786368388814,-0.013346565691768992,-4.1320453246514575,0.24444444444444444,128,0.375,-4.1320453246514575,-1.525426760100143,21,0.3333333333333333,376,0.42021276595744683,1.0903194315184246,5.102227252290678,0.013569753330560314,-4.33326313737072,0.42021276595744683,349,0.41260744985673353,-4.33326313737072,0.9799641906885307,20,0.47058823529411764
SPXW,"d50ret,d65ret,d80_zero",-999999.0,1,score_desc,d80,21,3,30,False,False,False,False,False,-13.842789462316986,-13.25740327681493,-13.842789462316986,107,0.4672897196261682,1.440947806005697,6.877112410803993,0.0642720786056448,-2.3999999999999986,0.18691588785046728,102,0.4803921568627451,-2.3999999999999986,0.3847540491558649,0,0.5,135,0.37777777777777777,0.9245412960994225,-1.801786368388814,-0.013346565691768992,-4.1320453246514575,0.24444444444444444,128,0.375,-4.1320453246514575,-1.525426760100143,21,0.3333333333333333,376,0.42021276595744683,1.0903194315184246,5.102227252290678,0.013569753330560314,-4.33326313737072,0.42021276595744683,349,0.41260744985673353,-4.33326313737072,0.9799641906885307,20,0.47058823529411764
SPXW,"d50ret,d65ret,d80_zero",-999999.0,1,score_desc,d80,21,4,30,False,False,False,False,False,-13.842789462316986,-13.25740327681493,-13.842789462316986,107,0.4672897196261682,1.440947806005697,6.877112410803993,0.0642720786056448,-2.3999999999999986,0.18691588785046728,102,0.4803921568627451,-2.3999999999999986,0.3847540491558649,0,0.5,135,0.37777777777777777,0.9245412960994225,-1.801786368388814,-0.013346565691768992,-4.1320453246514575,0.24444444444444444,128,0.375,-4.1320453246514575,-1.525426760100143,21,0.3333333333333333,376,0.42021276595744683,1.0903194315184246,5.102227252290678,0.013569753330560314,-4.33326313737072,0.42021276595744683,349,0.41260744985673353,-4.33326313737072,0.9799641906885307,20,0.47058823529411764
SPXW,"d50ret,d65ret,d80_zero",0.0,1,score_desc,d80,21,2,30,False,False,False,False,False,-13.842789462316986,-13.25740327681493,-13.842789462316986,107,0.4672897196261682,1.440947806005697,6.877112410803993,0.0642720786056448,-2.3999999999999986,0.18691588785046728,102,0.4803921568627451,-2.3999999999999986,0.3847540491558649,0,0.5,135,0.37777777777777777,0.9245412960994225,-1.801786368388814,-0.013346565691768992,-4.1320453246514575,0.24444444444444444,128,0.375,-4.1320453246514575,-1.525426760100143,21,0.3333333333333333,367,0.4196185286103542,1.0823838998680526,4.629660219485488,0.012614877982249285,-4.33326313737072,0.3978201634877384,333,0.4144144144144144,-4.333263137370719,1.0799928640455756,19,0.5294117647058824
SPXW,"d50ret,d65ret,d80_zero",0.0,1,score_desc,d80,21,3,30,False,False,False,False,False,-13.842789462316986,-13.25740327681493,-13.842789462316986,107,0.4672897196261682,1.440947806005697,6.877112410803993,0.0642720786056448,-2.3999999999999986,0.18691588785046728,102,0.4803921568627451,-2.3999999999999986,0.3847540491558649,0,0.5,135,0.37777777777777777,0.9245412960994225,-1.801786368388814,-0.013346565691768992,-4.1320453246514575,0.24444444444444444,128,0.375,-4.1320453246514575,-1.525426760100143,21,0.3333333333333333,367,0.4196185286103542,1.0823838998680526,4.629660219485488,0.012614877982249285,-4.33326313737072,0.3978201634877384,333,0.4144144144144144,-4.333263137370719,1.0799928640455756,19,0.5294117647058824
SPXW,"d50ret,d65ret,d80_zero",0.0,1,score_desc,d80,21,4,30,False,False,False,False,False,-13.842789462316986,-13.25740327681493,-13.842789462316986,107,0.4672897196261682,1.440947806005697,6.877112410803993,0.0642720786056448,-2.3999999999999986,0.18691588785046728,102,0.4803921568627451,-2.3999999999999986,0.3847540491558649,0,0.5,135,0.37777777777777777,0.9245412960994225,-1.801786368388814,-0.013346565691768992,-4.1320453246514575,0.24444444444444444,128,0.375,-4.1320453246514575,-1.525426760100143,21,0.3333333333333333,367,0.4196185286103542,1.0823838998680526,4.629660219485488,0.012614877982249285,-4.33326313737072,0.3978201634877384,333,0.4144144144144144,-4.333263137370719,1.0799928640455756,19,0.5294117647058824
SPXW,"d50ret,d65ret,d80_zero",0.0,1,score_desc,d80,21,2,15,False,False,False,False,False,-13.842789462316986,-13.25740327681493,-13.842789462316986,107,0.4672897196261682,1.440947806005697,6.877112410803993,0.0642720786056448,-2.3999999999999986,0.18691588785046728,102,0.4803921568627451,-2.3999999999999986,0.3847540491558649,0,0.5,135,0.37777777777777777,0.9245412960994225,-1.801786368388814,-0.013346565691768992,-4.1320453246514575,0.24444444444444444,128,0.375,-4.1320453246514575,-1.525426760100143,21,0.3333333333333333,367,0.4196185286103542,1.0793616077478354,4.476906901441934,0.01219865640719873,-4.33326313737072,0.39509536784741145,332,0.4126506024096386,-4.33326313737072,1.1168425232138703,19,0.5294117647058824
SPXW,"d50ret,d65ret,d80_zero",0.0,1,score_desc,d80,21,3,15,False,False,False,False,False,-13.842789462316986,-13.25740327681493,-13.842789462316986,107,0.4672897196261682,1.440947806005697,6.877112410803993,0.0642720786056448,-2.3999999999999986,0.18691588785046728,102,0.4803921568627451,-2.3999999999999986,0.3847540491558649,0,0.5,135,0.37777777777777777,0.9245412960994225,-1.801786368388814,-0.013346565691768992,-4.1320453246514575,0.24444444444444444,128,0.375,-4.1320453246514575,-1.525426760100143,21,0.3333333333333333,367,0.4196185286103542,1.0793616077478354,4.476906901441934,0.01219865640719873,-4.33326313737072,0.39509536784741145,332,0.4126506024096386,-4.33326313737072,1.1168425232138703,19,0.5294117647058824
SPXW,"d50ret,d65ret,d80_zero",0.0,1,score_desc,d80,21,4,15,False,False,False,False,False,-13.842789462316986,-13.25740327681493,-13.842789462316986,107,0.4672897196261682,1.440947806005697,6.877112410803993,0.0642720786056448,-2.3999999999999986,0.18691588785046728,102,0.4803921568627451,-2.3999999999999986,0.3847540491558649,0,0.5,135,0.37777777777777777,0.9245412960994225,-1.801786368388814,-0.013346565691768992,-4.1320453246514575,0.24444444444444444,128,0.375,-4.1320453246514575,-1.525426760100143,21,0.3333333333333333,367,0.4196185286103542,1.0793616077478354,4.476906901441934,0.01219865640719873,-4.33326313737072,0.39509536784741145,332,0.4126506024096386,-4.33326313737072,1.1168425232138703,19,0.5294117647058824
SPXW,"d50ret,d65ret,d80_zero",-999999.0,1,score_desc,d80,21,2,15,False,False,False,False,False,-13.842789462316986,-13.25740327681493,-13.842789462316986,107,0.4672897196261682,1.440947806005697,6.877112410803993,0.0642720786056448,-2.3999999999999986,0.18691588785046728,102,0.4803921568627451,-2.3999999999999986,0.3847540491558649,0,0.5,135,0.37777777777777777,0.9245412960994225,-1.801786368388814,-0.013346565691768992,-4.1320453246514575,0.24444444444444444,128,0.375,-4.1320453246514575,-1.525426760100143,21,0.3333333333333333,377,0.41644562334217505,1.071385385236527,4.07545690034551,0.010810230504895253,-4.33326313737072,0.4244031830238727,349,0.41260744985673353,-4.33326313737072,1.22685630648581,20,0.47058823529411764
SPXW,"d50ret,d65ret,d80_zero",-999999.0,1,score_desc,d80,21,3,15,False,False,False,False,False,-13.842789462316986,-13.25740327681493,-13.842789462316986,107,0.4672897196261682,1.440947806005697,6.877112410803993,0.0642720786056448,-2.3999999999999986,0.18691588785046728,102,0.4803921568627451,-2.3999999999999986,0.3847540491558649,0,0.5,135,0.37777777777777777,0.9245412960994225,-1.801786368388814,-0.013346565691768992,-4.1320453246514575,0.24444444444444444,128,0.375,-4.1320453246514575,-1.525426760100143,21,0.3333333333333333,377,0.41644562334217505,1.071385385236527,4.07545690034551,0.010810230504895253,-4.33326313737072,0.4244031830238727,349,0.41260744985673353,-4.33326313737072,1.22685630648581,20,0.47058823529411764
SPXW,"d50ret,d65ret,d80_zero",-999999.0,1,score_desc,d80,21,4,15,False,False,False,False,False,-13.842789462316986,-13.25740327681493,-13.842789462316986,107,0.4672897196261682,1.440947806005697,6.877112410803993,0.0642720786056448,-2.3999999999999986,0.18691588785046728,102,0.4803921568627451,-2.3999999999999986,0.3847540491558649,0,0.5,135,0.37777777777777777,0.9245412960994225,-1.801786368388814,-0.013346565691768992,-4.1320453246514575,0.24444444444444444,128,0.375,-4.1320453246514575,-1.525426760100143,21,0.3333333333333333,377,0.41644562334217505,1.071385385236527,4.07545690034551,0.010810230504895253,-4.33326313737072,0.4244031830238727,349,0.41260744985673353,-4.33326313737072,1.22685630648581,20,0.47058823529411764
SPXW,"d50ret,d65ret,d80_zero",-999999.0,1,score_desc,d80,21,2,0,False,False,False,False,False,-13.842789462316986,-11.804530545471778,-13.842789462316986,107,0.4672897196261682,1.440947806005697,6.877112410803993,0.0642720786056448,-2.3999999999999986,0.18691588785046728,102,0.4803921568627451,-2.3999999999999986,0.3847540491558649,0,0.5,135,0.3851851851851852,0.9458890526366001,-1.275816039463928,-0.00945048918121428,-4.132045324651458,0.2518518518518518,128,0.375,-4.132045324651458,-2.1543020759315836,21,0.3333333333333333,379,0.41160949868073876,1.0650009583632372,3.768941032399166,0.009944435441686453,-4.33326313737072,0.42480211081794195,349,0.4040114613180516,-4.33326313737072,1.3266325891061204,20,0.4117647058823529
SPXW,"d50ret,d65ret,d80_zero",-999999.0,1,score_desc,d80,21,3,0,False,False,False,False,False,-13.842789462316986,-11.804530545471778,-13.842789462316986,107,0.4672897196261682,1.440947806005697,6.877112410803993,0.0642720786056448,-2.3999999999999986,0.18691588785046728,102,0.4803921568627451,-2.3999999999999986,0.3847540491558649,0,0.5,135,0.3851851851851852,0.9458890526366001,-1.275816039463928,-0.00945048918121428,-4.132045324651458,0.2518518518518518,128,0.375,-4.132045324651458,-2.1543020759315836,21,0.3333333333333333,379,0.41160949868073876,1.0650009583632372,3.768941032399166,0.009944435441686453,-4.33326313737072,0.42480211081794195,349,0.4040114613180516,-4.33326313737072,1.3266325891061204,20,0.4117647058823529
SPXW,"d50ret,d65ret,d80_zero",-999999.0,1,score_desc,d80,21,4,0,False,False,False,False,False,-13.842789462316986,-11.804530545471778,-13.842789462316986,107,0.4672897196261682,1.440947806005697,6.877112410803993,0.0642720786056448,-2.3999999999999986,0.18691588785046728,102,0.4803921568627451,-2.3999999999999986,0.3847540491558649,0,0.5,135,0.3851851851851852,0.9458890526366001,-1.275816039463928,-0.00945048918121428,-4.132045324651458,0.2518518518518518,128,0.375,-4.132045324651458,-2.1543020759315836,21,0.3333333333333333,379,0.41160949868073876,1.0650009583632372,3.768941032399166,0.009944435441686453,-4.33326313737072,0.42480211081794195,349,0.4040114613180516,-4.33326313737072,1.3266325891061204,20,0.4117647058823529
SPXW,"d50ret,d65ret,d80_zero",0.0,1,score_desc,d80,21,2,0,False,False,False,False,False,-13.842789462316986,-11.804530545471778,-13.842789462316986,107,0.4672897196261682,1.440947806005697,6.877112410803993,0.0642720786056448,-2.3999999999999986,0.18691588785046728,102,0.4803921568627451,-2.3999999999999986,0.3847540491558649,0,0.5,135,0.3851851851851852,0.9458890526366001,-1.275816039463928,-0.00945048918121428,-4.132045324651458,0.2518518518518518,128,0.375,-4.132045324651458,-2.1543020759315836,21,0.3333333333333333,370,0.41081081081081083,1.0623425321181454,3.5983306731097704,0.009725218035431811,-4.33326313737072,0.3918918918918919,328,0.4024390243902439,-4.33326313737072,1.3895332181016233,19,0.47058823529411764
SPXW,"d50ret,d65ret,d80_zero",0.0,1,score_desc,d80,21,3,0,False,False,False,False,False,-13.842789462316986,-11.804530545471778,-13.842789462316986,107,0.4672897196261682,1.440947806005697,6.877112410803993,0.0642720786056448,-2.3999999999999986,0.18691588785046728,102,0.4803921568627451,-2.3999999999999986,0.3847540491558649,0,0.5,135,0.3851851851851852,0.9458890526366001,-1.275816039463928,-0.00945048918121428,-4.132045324651458,0.2518518518518518,128,0.375,-4.132045324651458,-2.1543020759315836,21,0.3333333333333333,370,0.41081081081081083,1.0623425321181454,3.5983306731097704,0.009725218035431811,-4.33326313737072,0.3918918918918919,328,0.4024390243902439,-4.33326313737072,1.3895332181016233,19,0.47058823529411764
SPXW,"d50ret,d65ret,d80_zero",0.0,1,score_desc,d80,21,4,0,False,False,False,False,False,-13.842789462316986,-11.804530545471778,-13.842789462316986,107,0.4672897196261682,1.440947806005697,6.877112410803993,0.0642720786056448,-2.3999999999999986,0.18691588785046728,102,0.4803921568627451,-2.3999999999999986,0.3847540491558649,0,0.5,135,0.3851851851851852,0.9458890526366001,-1.275816039463928,-0.00945048918121428,-4.132045324651458,0.2518518518518518,128,0.375,-4.132045324651458,-2.1543020759315836,21,0.3333333333333333,370,0.41081081081081083,1.0623425321181454,3.5983306731097704,0.009725218035431811,-4.33326313737072,0.3918918918918919,328,0.4024390243902439,-4.33326313737072,1.3895332181016233,19,0.47058823529411764
SPXW,"d65ret,d80_front,d80_zero",0.0,1,score_desc,d65win,21,3,0,False,False,False,False,False,-13.856560828529656,-8.2208758529413,-13.856560828529656,110,0.4636363636363636,1.4231627691586834,6.48765478797407,0.05897867989067336,-2.491469142497367,0.18181818181818182,102,0.46078431372549017,-2.491469142497367,0.47224017233181587,0,0.6666666666666666,137,0.41605839416058393,0.9781986825908213,-0.471230936180841,-0.003439641869933146,-2.7403914631745643,0.22627737226277372,128,0.4140625,-2.7403914631745643,-5.8652072809092415,21,0.6666666666666666,378,0.4312169312169312,1.0024734539943312,0.126191369575837,0.0003338396020524788,-6.591972384674656,0.3941798941798942,341,0.4281524926686217,-6.4739400676719985,30.888065222564446,20,0.47058823529411764
SPXW,"d65ret,d80_front,d80_zero",0.0,1,score_desc,d65win,21,4,0,False,False,False,False,False,-13.856560828529656,-8.2208758529413,-13.856560828529656,110,0.4636363636363636,1.4231627691586834,6.48765478797407,0.05897867989067336,-2.491469142497367,0.18181818181818182,102,0.46078431372549017,-2.491469142497367,0.47224017233181587,0,0.6666666666666666,137,0.41605839416058393,0.9781986825908213,-0.471230936180841,-0.003439641869933146,-2.7403914631745643,0.22627737226277372,128,0.4140625,-2.7403914631745643,-5.8652072809092415,21,0.6666666666666666,378,0.4312169312169312,1.0024734539943312,0.126191369575837,0.0003338396020524788,-6.591972384674656,0.3941798941798942,341,0.4281524926686217,-6.4739400676719985,30.888065222564446,20,0.47058823529411764
SPXW,"d65ret,d80_front,d80_zero",-999999.0,1,score_desc,d65win,21,3,0,False,False,False,False,False,-13.856560828529656,-8.2208758529413,-13.856560828529656,110,0.4636363636363636,1.4231627691586834,6.48765478797407,0.05897867989067336,-2.491469142497367,0.18181818181818182,102,0.46078431372549017,-2.491469142497367,0.47224017233181587,0,0.6666666666666666,137,0.41605839416058393,0.9781986825908213,-0.471230936180841,-0.003439641869933146,-2.7403914631745643,0.22627737226277372,128,0.4140625,-2.7403914631745643,-5.8652072809092415,21,0.6666666666666666,384,0.4244791666666667,0.97172518068271,-1.4876615827366129,-0.0038741187050432627,-8.205825336987107,0.3932291666666667,349,0.42120343839541546,-8.087793019984447,-2.3155835063619623,21,0.47058823529411764
SPXW,"d65ret,d80_front,d80_zero",-999999.0,1,score_desc,d65win,21,4,0,False,False,False,False,False,-13.856560828529656,-8.2208758529413,-13.856560828529656,110,0.4636363636363636,1.4231627691586834,6.48765478797407,0.05897867989067336,-2.491469142497367,0.18181818181818182,102,0.46078431372549017,-2.491469142497367,0.47224017233181587,0,0.6666666666666666,137,0.41605839416058393,0.9781986825908213,-0.471230936180841,-0.003439641869933146,-2.7403914631745643,0.22627737226277372,128,0.4140625,-2.7403914631745643,-5.8652072809092415,21,0.6666666666666666,384,0.4244791666666667,0.97172518068271,-1.4876615827366129,-0.0038741187050432627,-8.205825336987107,0.3932291666666667,349,0.42120343839541546,-8.087793019984447,-2.3155835063619623,21,0.47058823529411764
SPXW,"d65ret,d80,d80_front",0.0,1,score_desc,d80,22,3,30,False,False,False,False,False,-13.865535386158033,16.66691675620858,-13.865535386158033,110,0.4636363636363636,1.3988586263890732,6.3240386197075,0.05749126017915909,-2.3999999999999986,0.2,102,0.4803921568627451,-2.3999999999999986,0.4184030183356583,0,0.6666666666666666,137,0.4306569343065693,1.1377773466470233,3.06099830330456,0.022343053308792406,-2.2225310215837157,0.17518248175182483,128,0.4296875,-2.222531021583716,0.8353880296671289,21,0.3333333333333333,383,0.4308093994778068,1.080764321652573,4.570381011553655,0.011933109690740615,-3.033039863456952,0.3472584856396867,348,0.4396551724137931,-3.0330398634569513,0.8063882651525889,19,0.6470588235294118
SPXW,"d65ret,d80,d80_front",0.0,1,score_desc,d80,22,4,30,False,False,False,False,False,-13.865535386158033,16.66691675620858,-13.865535386158033,110,0.4636363636363636,1.3988586263890732,6.3240386197075,0.05749126017915909,-2.3999999999999986,0.2,102,0.4803921568627451,-2.3999999999999986,0.4184030183356583,0,0.6666666666666666,137,0.4306569343065693,1.1377773466470233,3.06099830330456,0.022343053308792406,-2.2225310215837157,0.17518248175182483,128,0.4296875,-2.222531021583716,0.8353880296671289,21,0.3333333333333333,383,0.4308093994778068,1.080764321652573,4.570381011553655,0.011933109690740615,-3.033039863456952,0.3472584856396867,348,0.4396551724137931,-3.0330398634569513,0.8063882651525889,19,0.6470588235294118
SPXW,"d65ret,d80,d80_front",-999999.0,1,score_desc,d80,22,3,30,False,False,False,False,False,-13.865535386158033,16.66691675620858,-13.865535386158033,110,0.4636363636363636,1.3988586263890732,6.3240386197075,0.05749126017915909,-2.3999999999999986,0.2,102,0.4803921568627451,-2.3999999999999986,0.4184030183356583,0,0.6666666666666666,137,0.4306569343065693,1.1377773466470233,3.06099830330456,0.022343053308792406,-2.2225310215837157,0.17518248175182483,128,0.4296875,-2.222531021583716,0.8353880296671289,21,0.3333333333333333,385,0.43116883116883115,1.0795244169016107,4.509822566845331,0.011713824848948912,-3.033039863456952,0.34545454545454546,350,0.44,-3.0330398634569513,0.8172165446347335,20,0.6470588235294118
SPXW,"d65ret,d80,d80_front",-999999.0,1,score_desc,d80,22,4,30,False,False,False,False,False,-13.865535386158033,16.66691675620858,-13.865535386158033,110,0.4636363636363636,1.3988586263890732,6.3240386197075,0.05749126017915909,-2.3999999999999986,0.2,102,0.4803921568627451,-2.3999999999999986,0.4184030183356583,0,0.6666666666666666,137,0.4306569343065693,1.1377773466470233,3.06099830330456,0.022343053308792406,-2.2225310215837157,0.17518248175182483,128,0.4296875,-2.222531021583716,0.8353880296671289,21,0.3333333333333333,385,0.43116883116883115,1.0795244169016107,4.509822566845331,0.011713824848948912,-3.033039863456952,0.34545454545454546,350,0.44,-3.0330398634569513,0.8172165446347335,20,0.6470588235294118
SPXW,"d65ret,d80,d80_front",0.0,1,score_desc,d80,22,3,15,False,False,False,False,False,-13.865535386158033,16.66691675620858,-13.865535386158033,110,0.4636363636363636,1.3988586263890732,6.3240386197075,0.05749126017915909,-2.3999999999999986,0.2,102,0.4803921568627451,-2.3999999999999986,0.4184030183356583,0,0.6666666666666666,137,0.4306569343065693,1.1377773466470233,3.06099830330456,0.022343053308792406,-2.2225310215837157,0.17518248175182483,128,0.4296875,-2.222531021583716,0.8353880296671289,21,0.3333333333333333,383,0.42297650130548303,1.0475117847532514,2.718734482005146,0.007098523451710564,-4.076118943641841,0.34986945169712796,348,0.4339080459770115,-4.076118943641842,1.3555945383364252,19,0.6470588235294118
SPXW,"d65ret,d80,d80_front",0.0,1,score_desc,d80,22,4,15,False,False,False,False,False,-13.865535386158033,16.66691675620858,-13.865535386158033,110,0.4636363636363636,1.3988586263890732,6.3240386197075,0.05749126017915909,-2.3999999999999986,0.2,102,0.4803921568627451,-2.3999999999999986,0.4184030183356583,0,0.6666666666666666,137,0.4306569343065693,1.1377773466470233,3.06099830330456,0.022343053308792406,-2.2225310215837157,0.17518248175182483,128,0.4296875,-2.222531021583716,0.8353880296671289,21,0.3333333333333333,383,0.42297650130548303,1.0475117847532514,2.718734482005146,0.007098523451710564,-4.076118943641841,0.34986945169712796,348,0.4339080459770115,-4.076118943641842,1.3555945383364252,19,0.6470588235294118
SPXW,"d65ret,d80,d80_front",-999999.0,1,score_desc,d80,22,3,15,False,False,False,False,False,-13.865535386158033,16.66691675620858,-13.865535386158033,110,0.4636363636363636,1.3988586263890732,6.3240386197075,0.05749126017915909,-2.3999999999999986,0.2,102,0.4803921568627451,-2.3999999999999986,0.4184030183356583,0,0.6666666666666666,137,0.4306569343065693,1.1377773466470233,3.06099830330456,0.022343053308792406,-2.2225310215837157,0.17518248175182483,128,0.4296875,-2.222531021583716,0.8353880296671289,21,0.3333333333333333,385,0.42337662337662335,1.0463556227815927,2.6581760372968217,0.006904353343628108,-4.076118943641843,0.34805194805194806,350,0.4342857142857143,-4.076118943641843,1.3864776310078328,20,0.6470588235294118
SPXW,"d65ret,d80,d80_front",-999999.0,1,score_desc,d80,22,4,15,False,False,False,False,False,-13.865535386158033,16.66691675620858,-13.865535386158033,110,0.4636363636363636,1.3988586263890732,6.3240386197075,0.05749126017915909,-2.3999999999999986,0.2,102,0.4803921568627451,-2.3999999999999986,0.4184030183356583,0,0.6666666666666666,137,0.4306569343065693,1.1377773466470233,3.06099830330456,0.022343053308792406,-2.2225310215837157,0.17518248175182483,128,0.4296875,-2.222531021583716,0.8353880296671289,21,0.3333333333333333,385,0.42337662337662335,1.0463556227815927,2.6581760372968217,0.006904353343628108,-4.076118943641843,0.34805194805194806,350,0.4342857142857143,-4.076118943641843,1.3864776310078328,20,0.6470588235294118
SPXW,"d65ret,d80,d80_front",0.0,1,score_desc,d80,22,3,0,False,False,False,False,False,-13.865535386158033,16.66691675620858,-13.865535386158033,110,0.4636363636363636,1.3988586263890732,6.3240386197075,0.05749126017915909,-2.3999999999999986,0.2,102,0.4803921568627451,-2.3999999999999986,0.4184030183356583,0,0.6666666666666666,137,0.4306569343065693,1.1377773466470233,3.06099830330456,0.022343053308792406,-2.2225310215837157,0.17518248175182483,128,0.4296875,-2.222531021583716,0.8353880296671289,21,0.3333333333333333,385,0.42077922077922075,1.037201617206526,2.158825434253662,0.005607338790269253,-4.470156597912899,0.34805194805194806,347,0.4265129682997118,-4.4701565979129,1.8251811456240727,19,0.6470588235294118
SPXW,"d65ret,d80,d80_front",0.0,1,score_desc,d80,22,4,0,False,False,False,False,False,-13.865535386158033,16.66691675620858,-13.865535386158033,110,0.4636363636363636,1.3988586263890732,6.3240386197075,0.05749126017915909,-2.3999999999999986,0.2,102,0.4803921568627451,-2.3999999999999986,0.4184030183356583,0,0.6666666666666666,137,0.4306569343065693,1.1377773466470233,3.06099830330456,0.022343053308792406,-2.2225310215837157,0.17518248175182483,128,0.4296875,-2.222531021583716,0.8353880296671289,21,0.3333333333333333,385,0.42077922077922075,1.037201617206526,2.158825434253662,0.005607338790269253,-4.470156597912899,0.34805194805194806,347,0.4265129682997118,-4.4701565979129,1.8251811456240727,19,0.6470588235294118
SPXW,"d65ret,d80,d80_front",-999999.0,1,score_desc,d80,22,3,0,False,False,False,False,False,-13.865535386158033,16.66691675620858,-13.865535386158033,110,0.4636363636363636,1.3988586263890732,6.3240386197075,0.05749126017915909,-2.3999999999999986,0.2,102,0.4803921568627451,-2.3999999999999986,0.4184030183356583,0,0.6666666666666666,137,0.4306569343065693,1.1377773466470233,3.06099830330456,0.022343053308792406,-2.2225310215837157,0.17518248175182483,128,0.4296875,-2.222531021583716,0.8353880296671289,21,0.3333333333333333,387,0.4186046511627907,1.033659918959726,1.9587612188030725,0.005061398498199154,-4.568193088140987,0.3488372093023256,350,0.4257142857142857,-4.568193088140989,2.01160174168714,20,0.6470588235294118
SPXW,"d65ret,d80,d80_front",-999999.0,1,score_desc,d80,22,4,0,False,False,False,False,False,-13.865535386158033,16.66691675620858,-13.865535386158033,110,0.4636363636363636,1.3988586263890732,6.3240386197075,0.05749126017915909,-2.3999999999999986,0.2,102,0.4803921568627451,-2.3999999999999986,0.4184030183356583,0,0.6666666666666666,137,0.4306569343065693,1.1377773466470233,3.06099830330456,0.022343053308792406,-2.2225310215837157,0.17518248175182483,128,0.4296875,-2.222531021583716,0.8353880296671289,21,0.3333333333333333,387,0.4186046511627907,1.033659918959726,1.9587612188030725,0.005061398498199154,-4.568193088140987,0.3488372093023256,350,0.4257142857142857,-4.568193088140989,2.01160174168714,20,0.6470588235294118
SPXW,"d65ret,d80,d80_front",0.0,1,score_desc,d65ret,22,3,0,False,False,False,False,False,-13.874513755150478,19.05873189620419,-13.874513755150478,113,0.46017699115044247,1.369817437351388,6.085471193318922,0.05385372737450373,-2.6999999999999984,0.20353982300884957,102,0.47058823529411764,-2.6999999999999984,0.5751403447349415,0,0.8333333333333334,134,0.44029850746268656,1.179627384289607,3.879910468645671,0.028954555736161722,-1.9774802861251226,0.19402985074626866,128,0.453125,-1.9774802861251226,0.646227677381135,20,0.6666666666666666,387,0.4418604651162791,1.1348659908473546,7.506107820251895,0.019395627442511356,-4.3693652890285675,0.36175710594315247,348,0.4339080459770115,-4.369365289028572,0.5483525707153868,19,0.6470588235294118
SPXW,"d65ret,d80,d80_front",0.0,1,score_desc,d65ret,22,4,0,False,False,False,False,False,-13.874513755150478,19.05873189620419,-13.874513755150478,113,0.46017699115044247,1.369817437351388,6.085471193318922,0.05385372737450373,-2.6999999999999984,0.20353982300884957,102,0.47058823529411764,-2.6999999999999984,0.5751403447349415,0,0.8333333333333334,134,0.44029850746268656,1.179627384289607,3.879910468645671,0.028954555736161722,-1.9774802861251226,0.19402985074626866,128,0.453125,-1.9774802861251226,0.646227677381135,20,0.6666666666666666,387,0.4418604651162791,1.1348659908473546,7.506107820251895,0.019395627442511356,-4.3693652890285675,0.36175710594315247,348,0.4339080459770115,-4.369365289028572,0.5483525707153868,19,0.6470588235294118
SPXW,"d65ret,d80,d80_front",-999999.0,1,score_desc,d65ret,22,3,0,False,False,False,False,False,-13.874513755150478,19.05873189620419,-13.874513755150478,113,0.46017699115044247,1.369817437351388,6.085471193318922,0.05385372737450373,-2.6999999999999984,0.20353982300884957,102,0.47058823529411764,-2.6999999999999984,0.5751403447349415,0,0.8333333333333334,134,0.44029850746268656,1.179627384289607,3.879910468645671,0.028954555736161722,-1.9774802861251226,0.19402985074626866,128,0.453125,-1.9774802861251226,0.646227677381135,20,0.6666666666666666,389,0.43958868894601544,1.1315667965695875,7.343837144077612,0.01887875872513525,-4.3693652890285675,0.35989717223650386,350,0.43142857142857144,-4.369365289028568,0.5604690625011082,19,0.6470588235294118
SPXW,"d65ret,d80,d80_front",-999999.0,1,score_desc,d65ret,22,4,0,False,False,False,False,False,-13.874513755150478,19.05873189620419,-13.874513755150478,113,0.46017699115044247,1.369817437351388,6.085471193318922,0.05385372737450373,-2.6999999999999984,0.20353982300884957,102,0.47058823529411764,-2.6999999999999984,0.5751403447349415,0,0.8333333333333334,134,0.44029850746268656,1.179627384289607,3.879910468645671,0.028954555736161722,-1.9774802861251226,0.19402985074626866,128,0.453125,-1.9774802861251226,0.646227677381135,20,0.6666666666666666,389,0.43958868894601544,1.1315667965695875,7.343837144077612,0.01887875872513525,-4.3693652890285675,0.35989717223650386,350,0.43142857142857144,-4.369365289028568,0.5604690625011082,19,0.6470588235294118
SPXW,"d65ret,d80,d80_front",0.0,1,score_desc,d65ret,22,3,15,False,False,False,False,False,-13.874513755150478,19.05873189620419,-13.874513755150478,113,0.46017699115044247,1.369817437351388,6.085471193318922,0.05385372737450373,-2.6999999999999984,0.20353982300884957,102,0.47058823529411764,-2.6999999999999984,0.5751403447349415,0,0.8333333333333334,134,0.44029850746268656,1.179627384289607,3.879910468645671,0.028954555736161722,-1.9774802861251226,0.19402985074626866,128,0.453125,-1.9774802861251226,0.646227677381135,20,0.6666666666666666,386,0.4326424870466321,1.0899331923149544,5.06513387670536,0.01312210848887399,-5.019512488054268,0.36528497409326427,348,0.4281609195402299,-5.019512488054269,0.8767958967059384,19,0.6470588235294118
SPXW,"d65ret,d80,d80_front",0.0,1,score_desc,d65ret,22,4,15,False,False,False,False,False,-13.874513755150478,19.05873189620419,-13.874513755150478,113,0.46017699115044247,1.369817437351388,6.085471193318922,0.05385372737450373,-2.6999999999999984,0.20353982300884957,102,0.47058823529411764,-2.6999999999999984,0.5751403447349415,0,0.8333333333333334,134,0.44029850746268656,1.179627384289607,3.879910468645671,0.028954555736161722,-1.9774802861251226,0.19402985074626866,128,0.453125,-1.9774802861251226,0.646227677381135,20,0.6666666666666666,386,0.4326424870466321,1.0899331923149544,5.06513387670536,0.01312210848887399,-5.019512488054268,0.36528497409326427,348,0.4281609195402299,-5.019512488054269,0.8767958967059384,19,0.6470588235294118
SPXW,"d65ret,d80,d80_front",-999999.0,1,score_desc,d65ret,22,3,15,False,False,False,False,False,-13.874513755150478,19.05873189620419,-13.874513755150478,113,0.46017699115044247,1.369817437351388,6.085471193318922,0.05385372737450373,-2.6999999999999984,0.20353982300884957,102,0.47058823529411764,-2.6999999999999984,0.5751403447349415,0,0.8333333333333334,134,0.44029850746268656,1.179627384289607,3.879910468645671,0.028954555736161722,-1.9774802861251226,0.19402985074626866,128,0.453125,-1.9774802861251226,0.646227677381135,20,0.6666666666666666,388,0.43041237113402064,1.0868019294499054,4.902863200531078,0.0126362453621935,-5.019512488054267,0.3634020618556701,350,0.4257142857142857,-5.019512488054269,0.9058153200930518,19,0.6470588235294118
SPXW,"d65ret,d80,d80_front",-999999.0,1,score_desc,d65ret,22,4,15,False,False,False,False,False,-13.874513755150478,19.05873189620419,-13.874513755150478,113,0.46017699115044247,1.369817437351388,6.085471193318922,0.05385372737450373,-2.6999999999999984,0.20353982300884957,102,0.47058823529411764,-2.6999999999999984,0.5751403447349415,0,0.8333333333333334,134,0.44029850746268656,1.179627384289607,3.879910468645671,0.028954555736161722,-1.9774802861251226,0.19402985074626866,128,0.453125,-1.9774802861251226,0.646227677381135,20,0.6666666666666666,388,0.43041237113402064,1.0868019294499054,4.902863200531078,0.0126362453621935,-5.019512488054267,0.3634020618556701,350,0.4257142857142857,-5.019512488054269,0.9058153200930518,19,0.6470588235294118
SPXW,"d65ret,d80,d80_front",0.0,1,score_desc,d65ret,22,3,30,False,False,False,False,False,-13.874513755150478,19.05873189620419,-13.874513755150478,113,0.46017699115044247,1.369817437351388,6.085471193318922,0.05385372737450373,-2.6999999999999984,0.20353982300884957,102,0.47058823529411764,-2.6999999999999984,0.5751403447349415,0,0.8333333333333334,134,0.44029850746268656,1.179627384289607,3.879910468645671,0.028954555736161722,-1.9774802861251226,0.19402985074626866,128,0.453125,-1.9774802861251226,0.646227677381135,20,0.6666666666666666,385,0.43116883116883115,1.0846131937764336,4.784093009897438,0.012426215610123215,-5.019512488054267,0.36623376623376624,348,0.43103448275862066,-5.019512488054269,0.92830314757127,19,0.6470588235294118
SPXW,"d65ret,d80,d80_front",0.0,1,score_desc,d65ret,22,4,30,False,False,False,False,False,-13.874513755150478,19.05873189620419,-13.874513755150478,113,0.46017699115044247,1.369817437351388,6.085471193318922,0.05385372737450373,-2.6999999999999984,0.20353982300884957,102,0.47058823529411764,-2.6999999999999984,0.5751403447349415,0,0.8333333333333334,134,0.44029850746268656,1.179627384289607,3.879910468645671,0.028954555736161722,-1.9774802861251226,0.19402985074626866,128,0.453125,-1.9774802861251226,0.646227677381135,20,0.6666666666666666,385,0.43116883116883115,1.0846131937764336,4.784093009897438,0.012426215610123215,-5.019512488054267,0.36623376623376624,348,0.43103448275862066,-5.019512488054269,0.92830314757127,19,0.6470588235294118
SPXW,"d65ret,d80,d80_front",-999999.0,1,score_desc,d65ret,22,3,30,False,False,False,False,False,-13.874513755150478,19.05873189620419,-13.874513755150478,113,0.46017699115044247,1.369817437351388,6.085471193318922,0.05385372737450373,-2.6999999999999984,0.20353982300884957,102,0.47058823529411764,-2.6999999999999984,0.5751403447349415,0,0.8333333333333334,134,0.44029850746268656,1.179627384289607,3.879910468645671,0.028954555736161722,-1.9774802861251226,0.19402985074626866,128,0.453125,-1.9774802861251226,0.646227677381135,20,0.6666666666666666,387,0.4289405684754522,1.081509286261907,4.621822333723156,0.011942693368793684,-5.019512488054268,0.3643410852713178,350,0.42857142857142855,-5.01951248805427,0.96089556860658,19,0.6470588235294118
SPXW,"d65ret,d80,d80_front",-999999.0,1,score_desc,d65ret,22,4,30,False,False,False,False,False,-13.874513755150478,19.05873189620419,-13.874513755150478,113,0.46017699115044247,1.369817437351388,6.085471193318922,0.05385372737450373,-2.6999999999999984,0.20353982300884957,102,0.47058823529411764,-2.6999999999999984,0.5751403447349415,0,0.8333333333333334,134,0.44029850746268656,1.179627384289607,3.879910468645671,0.028954555736161722,-1.9774802861251226,0.19402985074626866,128,0.453125,-1.9774802861251226,0.646227677381135,20,0.6666666666666666,387,0.4289405684754522,1.081509286261907,4.621822333723156,0.011942693368793684,-5.019512488054268,0.3643410852713178,350,0.42857142857142855,-5.01951248805427,0.96089556860658,19,0.6470588235294118
SPXW,"d65ret,d80_front,d80_zero",0.0,1,score_desc,d65win,22,3,30,False,False,False,False,False,-13.878286734081776,-6.821158155597336,-13.878286734081776,114,0.4649122807017544,1.403137056262009,6.395364780865159,0.0560996910602207,-2.7496936249858646,0.19298245614035087,103,0.46601941747572817,-2.7496936249858646,0.547911143919013,0,0.6666666666666666,139,0.4244604316546763,0.9973994439850291,-0.0562104767581435,-0.00040439191912333456,-2.4593755186318456,0.22302158273381295,128,0.421875,-2.4593755186318456,-50.09603274927218,22,0.6666666666666666,388,0.4329896907216495,1.0085316881990154,0.443546391414686,0.0011431608026151701,-5.803431936863737,0.38917525773195877,343,0.4227405247813411,-5.803431936863737,9.884935918809516,20,0.4117647058823529
SPXW,"d65ret,d80_front,d80_zero",0.0,1,score_desc,d65win,22,4,30,False,False,False,False,False,-13.878286734081776,-6.821158155597336,-13.878286734081776,114,0.4649122807017544,1.403137056262009,6.395364780865159,0.0560996910602207,-2.7496936249858646,0.19298245614035087,103,0.46601941747572817,-2.7496936249858646,0.547911143919013,0,0.6666666666666666,139,0.4244604316546763,0.9973994439850291,-0.0562104767581435,-0.00040439191912333456,-2.4593755186318456,0.22302158273381295,128,0.421875,-2.4593755186318456,-50.09603274927218,22,0.6666666666666666,388,0.4329896907216495,1.0085316881990154,0.443546391414686,0.0011431608026151701,-5.803431936863737,0.38917525773195877,343,0.4227405247813411,-5.803431936863737,9.884935918809516,20,0.4117647058823529
SPXW,"d65ret,d80_front,d80_zero",-999999.0,1,score_desc,d65win,22,3,30,False,False,False,False,False,-13.878286734081776,-6.821158155597336,-13.878286734081776,114,0.4649122807017544,1.403137056262009,6.395364780865159,0.0560996910602207,-2.7496936249858646,0.19298245614035087,103,0.46601941747572817,-2.7496936249858646,0.547911143919013,0,0.6666666666666666,139,0.4244604316546763,0.9973994439850291,-0.0562104767581435,-0.00040439191912333456,-2.4593755186318456,0.22302158273381295,128,0.421875,-2.4593755186318456,-50.09603274927218,22,0.6666666666666666,390,0.4307692307692308,1.0000006146357354,3.2317484865096446e-05,8.286534580793961e-08,-6.125354484680561,0.38974358974358975,349,0.4183381088825215,-6.007322167677906,124014.21578211374,21,0.4117647058823529
SPXW,"d65ret,d80_front,d80_zero",-999999.0,1,score_desc,d65win,22,4,30,False,False,False,False,False,-13.878286734081776,-6.821158155597336,-13.878286734081776,114,0.4649122807017544,1.403137056262009,6.395364780865159,0.0560996910602207,-2.7496936249858646,0.19298245614035087,103,0.46601941747572817,-2.7496936249858646,0.547911143919013,0,0.6666666666666666,139,0.4244604316546763,0.9973994439850291,-0.0562104767581435,-0.00040439191912333456,-2.4593755186318456,0.22302158273381295,128,0.421875,-2.4593755186318456,-50.09603274927218,22,0.6666666666666666,390,0.4307692307692308,1.0000006146357354,3.2317484865096446e-05,8.286534580793961e-08,-6.125354484680561,0.38974358974358975,349,0.4183381088825215,-6.007322167677906,124014.21578211374,21,0.4117647058823529
SPXW,"d65ret,d80",0.0,1,score_desc,d80,21,2,30,False,False,False,False,False,-13.879204714653664,17.104198883491023,-13.879204714653664,108,0.46296296296296297,1.3966694542846705,6.403864922011524,0.05929504557418078,-2.3999999999999986,0.21296296296296297,102,0.4803921568627451,-2.3999999999999986,0.41318748580439324,0,0.6666666666666666,135,0.43703703703703706,1.1219739915888203,2.6643755109084806,0.019736114895618374,-2.277480286125123,0.17777777777777778,128,0.4296875,-2.277480286125123,0.9597451000966869,21,0.6666666666666666,366,0.42349726775956287,1.073978474076429,4.121456226177729,0.011260809361141337,-3.723110221981673,0.3743169398907104,336,0.41964285714285715,-3.723110221981673,1.1319544041543699,15,0.5882352941176471
SPXW,"d65ret,d80",0.0,1,score_desc,d80,21,3,30,False,False,False,False,False,-13.879204714653664,17.104198883491023,-13.879204714653664,108,0.46296296296296297,1.3966694542846705,6.403864922011524,0.05929504557418078,-2.3999999999999986,0.21296296296296297,102,0.4803921568627451,-2.3999999999999986,0.41318748580439324,0,0.6666666666666666,135,0.43703703703703706,1.1219739915888203,2.6643755109084806,0.019736114895618374,-2.277480286125123,0.17777777777777778,128,0.4296875,-2.277480286125123,0.9597451000966869,21,0.6666666666666666,366,0.4207650273224044,1.0551898732229896,3.1033103597398384,0.008478990053933984,-3.723110221981674,0.3743169398907104,336,0.41964285714285715,-3.723110221981674,1.3422120393722146,15,0.5882352941176471
SPXW,"d65ret,d80",0.0,1,score_desc,d80,21,4,30,False,False,False,False,False,-13.879204714653664,17.104198883491023,-13.879204714653664,108,0.46296296296296297,1.3966694542846705,6.403864922011524,0.05929504557418078,-2.3999999999999986,0.21296296296296297,102,0.4803921568627451,-2.3999999999999986,0.41318748580439324,0,0.6666666666666666,135,0.43703703703703706,1.1219739915888203,2.6643755109084806,0.019736114895618374,-2.277480286125123,0.17777777777777778,128,0.4296875,-2.277480286125123,0.9597451000966869,21,0.6666666666666666,366,0.4207650273224044,1.0551898732229896,3.1033103597398384,0.008478990053933984,-3.723110221981674,0.3743169398907104,336,0.41964285714285715,-3.723110221981674,1.3422120393722146,15,0.5882352941176471
SPXW,"d65ret,d80",-999999.0,1,score_desc,d80,21,2,30,False,False,False,False,False,-13.879204714653664,17.104198883491023,-13.879204714653664,108,0.46296296296296297,1.3966694542846705,6.403864922011524,0.05929504557418078,-2.3999999999999986,0.21296296296296297,102,0.4803921568627451,-2.3999999999999986,0.41318748580439324,0,0.6666666666666666,135,0.43703703703703706,1.1219739915888203,2.6643755109084806,0.019736114895618374,-2.277480286125123,0.17777777777777778,128,0.4296875,-2.277480286125123,0.9597451000966869,21,0.6666666666666666,374,0.42245989304812837,1.0538250782237981,3.066968515261538,0.008200450575565609,-3.723110221981675,0.3689839572192513,345,0.42028985507246375,-3.7231102219816754,1.3581164938682555,19,0.5294117647058824
SPXW,"d65ret,d80",-999999.0,1,score_desc,d80,21,3,30,False,False,False,False,False,-13.879204714653664,17.104198883491023,-13.879204714653664,108,0.46296296296296297,1.3966694542846705,6.403864922011524,0.05929504557418078,-2.3999999999999986,0.21296296296296297,102,0.4803921568627451,-2.3999999999999986,0.41318748580439324,0,0.6666666666666666,135,0.43703703703703706,1.1219739915888203,2.6643755109084806,0.019736114895618374,-2.277480286125123,0.17777777777777778,128,0.4296875,-2.277480286125123,0.9597451000966869,21,0.6666666666666666,374,0.4197860962566845,1.0356326681212644,2.0488226488236467,0.005478135424662157,-3.723110221981676,0.3689839572192513,345,0.42028985507246375,-3.723110221981676,1.7889789186271443,19,0.5294117647058824
SPXW,"d65ret,d80",-999999.0,1,score_desc,d80,21,4,30,False,False,False,False,False,-13.879204714653664,17.104198883491023,-13.879204714653664,108,0.46296296296296297,1.3966694542846705,6.403864922011524,0.05929504557418078,-2.3999999999999986,0.21296296296296297,102,0.4803921568627451,-2.3999999999999986,0.41318748580439324,0,0.6666666666666666,135,0.43703703703703706,1.1219739915888203,2.6643755109084806,0.019736114895618374,-2.277480286125123,0.17777777777777778,128,0.4296875,-2.277480286125123,0.9597451000966869,21,0.6666666666666666,374,0.4197860962566845,1.0356326681212644,2.0488226488236467,0.005478135424662157,-3.723110221981676,0.3689839572192513,345,0.42028985507246375,-3.723110221981676,1.7889789186271443,19,0.5294117647058824
SPXW,"d65ret,d80",0.0,1,score_desc,d80,21,2,15,False,False,False,False,False,-13.879204714653664,17.104198883491023,-13.879204714653664,108,0.46296296296296297,1.3966694542846705,6.403864922011524,0.05929504557418078,-2.3999999999999986,0.21296296296296297,102,0.4803921568627451,-2.3999999999999986,0.41318748580439324,0,0.6666666666666666,135,0.43703703703703706,1.1219739915888203,2.6643755109084806,0.019736114895618374,-2.277480286125123,0.17777777777777778,128,0.4296875,-2.277480286125123,0.9597451000966869,21,0.6666666666666666,366,0.41530054644808745,1.035381803741353,2.003019119262712,0.005472729834051125,-3.7849410020352448,0.3770491803278688,336,0.41369047619047616,-3.7849410020352456,2.3291342962660146,15,0.5882352941176471
SPXW,"d65ret,d80",0.0,1,score_desc,d80,21,2,0,False,False,False,False,False,-13.879204714653664,17.104198883491023,-13.879204714653664,108,0.46296296296296297,1.3966694542846705,6.403864922011524,0.05929504557418078,-2.3999999999999986,0.21296296296296297,102,0.4803921568627451,-2.3999999999999986,0.41318748580439324,0,0.6666666666666666,135,0.43703703703703706,1.1219739915888203,2.6643755109084806,0.019736114895618374,-2.277480286125123,0.17777777777777778,128,0.4296875,-2.277480286125123,0.9597451000966869,21,0.6666666666666666,368,0.41304347826086957,1.0251326819099915,1.4431100715112275,0.003921494759541379,-4.199607330274657,0.375,335,0.4059701492537313,-4.199607330274657,3.294790853563388,15,0.5882352941176471
SPXW,"d65ret,d80",0.0,1,score_desc,d80,21,3,15,False,False,False,False,False,-13.879204714653664,17.104198883491023,-13.879204714653664,108,0.46296296296296297,1.3966694542846705,6.403864922011524,0.05929504557418078,-2.3999999999999986,0.21296296296296297,102,0.4803921568627451,-2.3999999999999986,0.41318748580439324,0,0.6666666666666666,135,0.43703703703703706,1.1219739915888203,2.6643755109084806,0.019736114895618374,-2.277480286125123,0.17777777777777778,128,0.4296875,-2.277480286125123,0.9597451000966869,21,0.6666666666666666,366,0.412568306010929,1.0172392493736744,0.984873252824821,0.002690910526843773,-3.7849410020352448,0.3770491803278688,336,0.41369047619047616,-3.784941002035245,4.229275711168297,15,0.5882352941176471
SPXW,"d65ret,d80",0.0,1,score_desc,d80,21,4,15,False,False,False,False,False,-13.879204714653664,17.104198883491023,-13.879204714653664,108,0.46296296296296297,1.3966694542846705,6.403864922011524,0.05929504557418078,-2.3999999999999986,0.21296296296296297,102,0.4803921568627451,-2.3999999999999986,0.41318748580439324,0,0.6666666666666666,135,0.43703703703703706,1.1219739915888203,2.6643755109084806,0.019736114895618374,-2.277480286125123,0.17777777777777778,128,0.4296875,-2.277480286125123,0.9597451000966869,21,0.6666666666666666,366,0.412568306010929,1.0172392493736744,0.984873252824821,0.002690910526843773,-3.7849410020352448,0.3770491803278688,336,0.41369047619047616,-3.784941002035245,4.229275711168297,15,0.5882352941176471
SPXW,"d65ret,d80",-999999.0,1,score_desc,d80,21,2,15,False,False,False,False,False,-13.879204714653664,17.104198883491023,-13.879204714653664,108,0.46296296296296297,1.3966694542846705,6.403864922011524,0.05929504557418078,-2.3999999999999986,0.21296296296296297,102,0.4803921568627451,-2.3999999999999986,0.41318748580439324,0,0.6666666666666666,135,0.43703703703703706,1.1219739915888203,2.6643755109084806,0.019736114895618374,-2.277480286125123,0.17777777777777778,128,0.4296875,-2.277480286125123,0.9597451000966869,21,0.6666666666666666,374,0.4144385026737968,1.0163878139507605,0.9485314083465204,0.0025361802362206427,-3.7849410020352456,0.3716577540106952,345,0.4144927536231884,-3.7849410020352448,4.391315342959786,19,0.5294117647058824
SPXW,"d65ret,d80",0.0,1,score_desc,d80,21,3,0,False,False,False,False,False,-13.879204714653664,17.104198883491023,-13.879204714653664,108,0.46296296296296297,1.3966694542846705,6.403864922011524,0.05929504557418078,-2.3999999999999986,0.21296296296296297,102,0.4803921568627451,-2.3999999999999986,0.41318748580439324,0,0.6666666666666666,135,0.43703703703703706,1.1219739915888203,2.6643755109084806,0.019736114895618374,-2.277480286125123,0.17777777777777778,128,0.4296875,-2.277480286125123,0.9597451000966869,21,0.6666666666666666,368,0.41032608695652173,1.0073348341810133,0.42496420507333665,0.0011547940355253713,-4.1996073302746595,0.375,335,0.4059701492537313,-4.1996073302746595,10.400985161300714,15,0.5882352941176471
SPXW,"d65ret,d80",0.0,1,score_desc,d80,21,4,0,False,False,False,False,False,-13.879204714653664,17.104198883491023,-13.879204714653664,108,0.46296296296296297,1.3966694542846705,6.403864922011524,0.05929504557418078,-2.3999999999999986,0.21296296296296297,102,0.4803921568627451,-2.3999999999999986,0.41318748580439324,0,0.6666666666666666,135,0.43703703703703706,1.1219739915888203,2.6643755109084806,0.019736114895618374,-2.277480286125123,0.17777777777777778,128,0.4296875,-2.277480286125123,0.9597451000966869,21,0.6666666666666666,368,0.41032608695652173,1.0073348341810133,0.42496420507333665,0.0011547940355253713,-4.1996073302746595,0.375,335,0.4059701492537313,-4.1996073302746595,10.400985161300714,15,0.5882352941176471
SPXW,"d65ret,d80",-999999.0,1,score_desc,d80,21,2,0,False,False,False,False,False,-13.879204714653664,17.104198883491023,-13.879204714653664,108,0.46296296296296297,1.3966694542846705,6.403864922011524,0.05929504557418078,-2.3999999999999986,0.21296296296296297,102,0.4803921568627451,-2.3999999999999986,0.41318748580439324,0,0.6666666666666666,135,0.43703703703703706,1.1219739915888203,2.6643755109084806,0.019736114895618374,-2.277480286125123,0.17777777777777778,128,0.4296875,-2.277480286125123,0.9597451000966869,21,0.6666666666666666,376,0.4095744680851064,1.004241736571426,0.24911658985277163,0.0006625441219488607,-4.326393124078416,0.3723404255319149,345,0.4057971014492754,-4.326393124078416,17.74288253409371,19,0.5294117647058824
SPXW,"d65ret,d80",-999999.0,1,score_desc,d80,21,3,15,False,False,False,False,False,-13.879204714653664,17.104198883491023,-13.879204714653664,108,0.46296296296296297,1.3966694542846705,6.403864922011524,0.05929504557418078,-2.3999999999999986,0.21296296296296297,102,0.4803921568627451,-2.3999999999999986,0.41318748580439324,0,0.6666666666666666,135,0.43703703703703706,1.1219739915888203,2.6643755109084806,0.019736114895618374,-2.277480286125123,0.17777777777777778,128,0.4296875,-2.277480286125123,0.9597451000966869,21,0.6666666666666666,374,0.4117647058823529,0.998807939661525,-0.06961445809137112,-0.0001861349146828105,-3.7849410020352456,0.3716577540106952,345,0.4144927536231884,-3.7849410020352456,-52.65142654619977,19,0.5294117647058824
SPXW,"d65ret,d80",-999999.0,1,score_desc,d80,21,4,15,False,False,False,False,False,-13.879204714653664,17.104198883491023,-13.879204714653664,108,0.46296296296296297,1.3966694542846705,6.403864922011524,0.05929504557418078,-2.3999999999999986,0.21296296296296297,102,0.4803921568627451,-2.3999999999999986,0.41318748580439324,0,0.6666666666666666,135,0.43703703703703706,1.1219739915888203,2.6643755109084806,0.019736114895618374,-2.277480286125123,0.17777777777777778,128,0.4296875,-2.277480286125123,0.9597451000966869,21,0.6666666666666666,374,0.4117647058823529,0.998807939661525,-0.06961445809137112,-0.0001861349146828105,-3.7849410020352456,0.3716577540106952,345,0.4144927536231884,-3.7849410020352456,-52.65142654619977,19,0.5294117647058824
SPXW,"d65ret,d80",-999999.0,1,score_desc,d80,21,3,0,False,False,False,False,False,-13.879204714653664,17.104198883491023,-13.879204714653664,108,0.46296296296296297,1.3966694542846705,6.403864922011524,0.05929504557418078,-2.3999999999999986,0.21296296296296297,102,0.4803921568627451,-2.3999999999999986,0.41318748580439324,0,0.6666666666666666,135,0.43703703703703706,1.1219739915888203,2.6643755109084806,0.019736114895618374,-2.277480286125123,0.17777777777777778,128,0.4296875,-2.277480286125123,0.9597451000966869,21,0.6666666666666666,376,0.40691489361702127,0.9870201658084606,-0.7690292765851203,-0.0020452906292157454,-4.326393124078417,0.3723404255319149,345,0.4057971014492754,-4.326393124078416,-5.097395522389889,19,0.5294117647058824
SPXW,"d65ret,d80",-999999.0,1,score_desc,d80,21,4,0,False,False,False,False,False,-13.879204714653664,17.104198883491023,-13.879204714653664,108,0.46296296296296297,1.3966694542846705,6.403864922011524,0.05929504557418078,-2.3999999999999986,0.21296296296296297,102,0.4803921568627451,-2.3999999999999986,0.41318748580439324,0,0.6666666666666666,135,0.43703703703703706,1.1219739915888203,2.6643755109084806,0.019736114895618374,-2.277480286125123,0.17777777777777778,128,0.4296875,-2.277480286125123,0.9597451000966869,21,0.6666666666666666,376,0.40691489361702127,0.9870201658084606,-0.7690292765851203,-0.0020452906292157454,-4.326393124078417,0.3723404255319149,345,0.4057971014492754,-4.326393124078416,-5.097395522389889,19,0.5294117647058824
SPXW,"d50ret,d65ret,d80_front",-999999.0,1,score_desc,d80,22,1,0,False,False,False,False,False,-13.882748522512827,-10.900852305191917,-13.882748522512827,102,0.5,1.3885979051103028,5.277635300670799,0.05174152255559607,-2.3999999999999986,0.19607843137254902,102,0.5,-2.3999999999999986,0.4736969982905497,0,0.5,128,0.3984375,0.9473846596454275,-1.1471695466441933,-0.00896226208315776,-4.009734567401832,0.2265625,128,0.3984375,-4.009734567401832,-2.1792768185951514,20,0.5,351,0.42450142450142453,1.0910028798386842,4.301450952937206,0.012254846019764119,-3.260067295398633,0.4188034188034188,351,0.42450142450142453,-3.260067295398633,0.5811992342474342,19,0.5294117647058824
SPXW,"d50ret,d65ret,d80_front",-999999.0,1,score_desc,d80,22,1,15,False,False,False,False,False,-13.882748522512827,-10.900852305191917,-13.882748522512827,102,0.5,1.3885979051103028,5.277635300670799,0.05174152255559607,-2.3999999999999986,0.19607843137254902,102,0.5,-2.3999999999999986,0.4736969982905497,0,0.5,128,0.3984375,0.9473846596454275,-1.1471695466441933,-0.00896226208315776,-4.009734567401832,0.2265625,128,0.3984375,-4.009734567401832,-2.1792768185951514,20,0.5,351,0.42450142450142453,1.0910028798386842,4.301450952937206,0.012254846019764119,-3.260067295398633,0.4188034188034188,351,0.42450142450142453,-3.260067295398633,0.5811992342474342,19,0.5294117647058824
SPXW,"d50ret,d65ret,d80_front",-999999.0,1,score_desc,d80,22,1,30,False,False,False,False,False,-13.882748522512827,-10.900852305191917,-13.882748522512827,102,0.5,1.3885979051103028,5.277635300670799,0.05174152255559607,-2.3999999999999986,0.19607843137254902,102,0.5,-2.3999999999999986,0.4736969982905497,0,0.5,128,0.3984375,0.9473846596454275,-1.1471695466441933,-0.00896226208315776,-4.009734567401832,0.2265625,128,0.3984375,-4.009734567401832,-2.1792768185951514,20,0.5,351,0.42450142450142453,1.0910028798386842,4.301450952937206,0.012254846019764119,-3.260067295398633,0.4188034188034188,351,0.42450142450142453,-3.260067295398633,0.5811992342474342,19,0.5294117647058824
SPXW,"d50ret,d65ret,d80_front",0.0,1,score_desc,d80,22,1,0,False,False,False,False,False,-13.882748522512827,-10.900852305191917,-13.882748522512827,102,0.5,1.3885979051103028,5.277635300670799,0.05174152255559607,-2.3999999999999986,0.19607843137254902,102,0.5,-2.3999999999999986,0.4736969982905497,0,0.5,128,0.3984375,0.9473846596454275,-1.1471695466441933,-0.00896226208315776,-4.009734567401832,0.2265625,128,0.3984375,-4.009734567401832,-2.1792768185951514,20,0.5,348,0.4224137931034483,1.0870678693146436,4.1334808224278925,0.011877818455252565,-3.745552588594225,0.4109195402298851,348,0.4224137931034483,-3.745552588594225,0.6048171280813077,19,0.5882352941176471
SPXW,"d50ret,d65ret,d80_front",0.0,1,score_desc,d80,22,1,15,False,False,False,False,False,-13.882748522512827,-10.900852305191917,-13.882748522512827,102,0.5,1.3885979051103028,5.277635300670799,0.05174152255559607,-2.3999999999999986,0.19607843137254902,102,0.5,-2.3999999999999986,0.4736969982905497,0,0.5,128,0.3984375,0.9473846596454275,-1.1471695466441933,-0.00896226208315776,-4.009734567401832,0.2265625,128,0.3984375,-4.009734567401832,-2.1792768185951514,20,0.5,348,0.4224137931034483,1.0870678693146436,4.1334808224278925,0.011877818455252565,-3.745552588594225,0.4109195402298851,348,0.4224137931034483,-3.745552588594225,0.6048171280813077,19,0.5882352941176471
SPXW,"d50ret,d65ret,d80_front",0.0,1,score_desc,d80,22,1,30,False,False,False,False,False,-13.882748522512827,-10.900852305191917,-13.882748522512827,102,0.5,1.3885979051103028,5.277635300670799,0.05174152255559607,-2.3999999999999986,0.19607843137254902,102,0.5,-2.3999999999999986,0.4736969982905497,0,0.5,128,0.3984375,0.9473846596454275,-1.1471695466441933,-0.00896226208315776,-4.009734567401832,0.2265625,128,0.3984375,-4.009734567401832,-2.1792768185951514,20,0.5,348,0.4224137931034483,1.0870678693146436,4.1334808224278925,0.011877818455252565,-3.745552588594225,0.4109195402298851,348,0.4224137931034483,-3.745552588594225,0.6048171280813077,19,0.5882352941176471
SPXW,"d65ret,d80,d80_front",0.0,1,score_desc,d50ret,21,2,15,False,False,False,False,False,-13.89206323409486,18.696448580937403,-13.89206323409486,104,0.46153846153846156,1.4064128462811727,6.078041773150611,0.05844270935721741,-2.3999999999999986,0.22115384615384615,102,0.47058823529411764,-2.3999999999999986,0.41131668608195515,0,0.6666666666666666,137,0.44525547445255476,1.173988396085938,3.7688609025661504,0.027509933595373362,-2.412858563344305,0.18248175182481752,128,0.4453125,-2.4128585633443054,0.6696716741507094,21,0.5,380,0.4421052631578947,1.1372129706244558,7.455301890687311,0.01961921550180871,-4.861771526600302,0.3605263157894737,348,0.4425287356321839,-4.861771526600298,0.5026176558262229,19,0.6470588235294118
SPXW,"d65ret,d80,d80_front",0.0,1,score_desc,d50ret,21,3,15,False,False,False,False,False,-13.89206323409486,18.696448580937403,-13.89206323409486,104,0.46153846153846156,1.4064128462811727,6.078041773150611,0.05844270935721741,-2.3999999999999986,0.22115384615384615,102,0.46078431372549017,-2.3999999999999986,0.41131668608195515,0,0.6666666666666666,137,0.44525547445255476,1.173988396085938,3.7688609025661504,0.027509933595373362,-2.412858563344305,0.18248175182481752,128,0.4453125,-2.4128585633443054,0.6696716741507094,21,0.5,380,0.4421052631578947,1.1312120055817483,7.167066596569663,0.018860701569920167,-4.861771526600294,0.35789473684210527,348,0.4396551724137931,-4.8617715266002905,0.5228312461290022,19,0.6470588235294118
SPXW,"d65ret,d80,d80_front",0.0,1,score_desc,d50ret,21,4,15,False,False,False,False,False,-13.89206323409486,18.696448580937403,-13.89206323409486,104,0.46153846153846156,1.4064128462811727,6.078041773150611,0.05844270935721741,-2.3999999999999986,0.22115384615384615,102,0.46078431372549017,-2.3999999999999986,0.41131668608195515,0,0.6666666666666666,137,0.44525547445255476,1.173988396085938,3.7688609025661504,0.027509933595373362,-2.412858563344305,0.18248175182481752,128,0.4453125,-2.4128585633443054,0.6696716741507094,21,0.5,380,0.4421052631578947,1.1312120055817483,7.167066596569663,0.018860701569920167,-4.861771526600294,0.35789473684210527,348,0.4396551724137931,-4.8617715266002905,0.5228312461290022,19,0.6470588235294118
SPXW,"d65ret,d80,d80_front",-999999.0,1,score_desc,d50ret,21,2,15,False,False,False,False,False,-13.89206323409486,18.696448580937403,-13.89206323409486,104,0.46153846153846156,1.4064128462811727,6.078041773150611,0.05844270935721741,-2.3999999999999986,0.22115384615384615,102,0.47058823529411764,-2.3999999999999986,0.41131668608195515,0,0.6666666666666666,137,0.44525547445255476,1.173988396085938,3.7688609025661504,0.027509933595373362,-2.412858563344305,0.18248175182481752,128,0.4453125,-2.4128585633443054,0.6696716741507094,21,0.5,381,0.43832020997375326,1.1217094841792932,6.637597511362837,0.017421515777855216,-4.861771526600282,0.35958005249343833,350,0.43714285714285717,-4.861771526600283,0.5645365440371048,19,0.6470588235294118
SPXW,"d65ret,d80,d80_front",0.0,1,score_desc,d50ret,21,2,30,False,False,False,False,False,-13.89206323409486,18.696448580937403,-13.89206323409486,104,0.46153846153846156,1.4064128462811727,6.078041773150611,0.05844270935721741,-2.3999999999999986,0.22115384615384615,102,0.47058823529411764,-2.3999999999999986,0.41131668608195515,0,0.6666666666666666,137,0.44525547445255476,1.173988396085938,3.7688609025661504,0.027509933595373362,-2.412858563344305,0.18248175182481752,128,0.4453125,-2.4128585633443054,0.6696716741507094,21,0.5,379,0.43799472295514513,1.1181307789540016,6.453933168159497,0.017028847409391812,-4.861771526600279,0.3641160949868074,348,0.4396551724137931,-4.861771526600279,0.5806019774516294,19,0.6470588235294118
SPXW,"d65ret,d80,d80_front",-999999.0,1,score_desc,d50ret,21,3,15,False,False,False,False,False,-13.89206323409486,18.696448580937403,-13.89206323409486,104,0.46153846153846156,1.4064128462811727,6.078041773150611,0.05844270935721741,-2.3999999999999986,0.22115384615384615,102,0.46078431372549017,-2.3999999999999986,0.41131668608195515,0,0.6666666666666666,137,0.44525547445255476,1.173988396085938,3.7688609025661504,0.027509933595373362,-2.412858563344305,0.18248175182481752,128,0.4453125,-2.4128585633443054,0.6696716741507094,21,0.5,381,0.43832020997375326,1.1158122038408085,6.349362217245189,0.0166649926961816,-4.861771526600277,0.3569553805774278,350,0.4342857142857143,-4.861771526600274,0.5901642135955908,19,0.6470588235294118
SPXW,"d65ret,d80,d80_front",-999999.0,1,score_desc,d50ret,21,4,15,False,False,False,False,False,-13.89206323409486,18.696448580937403,-13.89206323409486,104,0.46153846153846156,1.4064128462811727,6.078041773150611,0.05844270935721741,-2.3999999999999986,0.22115384615384615,102,0.46078431372549017,-2.3999999999999986,0.41131668608195515,0,0.6666666666666666,137,0.44525547445255476,1.173988396085938,3.7688609025661504,0.027509933595373362,-2.412858563344305,0.18248175182481752,128,0.4453125,-2.4128585633443054,0.6696716741507094,21,0.5,381,0.43832020997375326,1.1158122038408085,6.349362217245189,0.0166649926961816,-4.861771526600277,0.3569553805774278,350,0.4342857142857143,-4.861771526600274,0.5901642135955908,19,0.6470588235294118
SPXW,"d65ret,d80,d80_front",0.0,1,score_desc,d50ret,21,2,0,False,False,False,False,False,-13.89206323409486,18.696448580937403,-13.89206323409486,104,0.46153846153846156,1.4064128462811727,6.078041773150611,0.05844270935721741,-2.3999999999999986,0.22115384615384615,102,0.47058823529411764,-2.3999999999999986,0.41131668608195515,0,0.6666666666666666,137,0.44525547445255476,1.173988396085938,3.7688609025661504,0.027509933595373362,-2.412858563344305,0.18248175182481752,128,0.4453125,-2.4128585633443054,0.6696716741507094,21,0.5,380,0.4394736842105263,1.1157748253038542,6.359468527249908,0.016735443492762916,-4.869174374261275,0.35789473684210527,348,0.4425287356321839,-4.869174374261274,0.5264340627265917,19,0.6470588235294118
SPXW,"d65ret,d80,d80_front",-999999.0,1,score_desc,d50ret,21,2,0,False,False,False,False,False,-13.89206323409486,18.696448580937403,-13.89206323409486,104,0.46153846153846156,1.4064128462811727,6.078041773150611,0.05844270935721741,-2.3999999999999986,0.22115384615384615,102,0.47058823529411764,-2.3999999999999986,0.41131668608195515,0,0.6666666666666666,137,0.44525547445255476,1.173988396085938,3.7688609025661504,0.027509933595373362,-2.412858563344305,0.18248175182481752,128,0.4453125,-2.4128585633443054,0.6696716741507094,21,0.5,381,0.43832020997375326,1.1156575864297258,6.341764147925434,0.016645050257022138,-4.88687875358575,0.3569553805774278,350,0.44,-4.886878753585748,0.5279037150375948,19,0.6470588235294118
SPXW,"d65ret,d80,d80_front",0.0,1,score_desc,d50ret,21,3,30,False,False,False,False,False,-13.89206323409486,18.696448580937403,-13.89206323409486,104,0.46153846153846156,1.4064128462811727,6.078041773150611,0.05844270935721741,-2.3999999999999986,0.22115384615384615,102,0.46078431372549017,-2.3999999999999986,0.41131668608195515,0,0.6666666666666666,137,0.44525547445255476,1.173988396085938,3.7688609025661504,0.027509933595373362,-2.412858563344305,0.18248175182481752,128,0.4453125,-2.4128585633443054,0.6696716741507094,21,0.5,379,0.43799472295514513,1.1122627378061976,6.165697874041849,0.016268332121482453,-4.861771526600275,0.36147757255936674,348,0.4367816091954023,-4.861771526600273,0.6077440763923864,19,0.6470588235294118
SPXW,"d65ret,d80,d80_front",0.0,1,score_desc,d50ret,21,4,30,False,False,False,False,False,-13.89206323409486,18.696448580937403,-13.89206323409486,104,0.46153846153846156,1.4064128462811727,6.078041773150611,0.05844270935721741,-2.3999999999999986,0.22115384615384615,102,0.46078431372549017,-2.3999999999999986,0.41131668608195515,0,0.6666666666666666,137,0.44525547445255476,1.173988396085938,3.7688609025661504,0.027509933595373362,-2.412858563344305,0.18248175182481752,128,0.4453125,-2.4128585633443054,0.6696716741507094,21,0.5,379,0.43799472295514513,1.1122627378061976,6.165697874041849,0.016268332121482453,-4.861771526600275,0.36147757255936674,348,0.4367816091954023,-4.861771526600273,0.6077440763923864,19,0.6470588235294118
SPXW,"d65ret,d80,d80_front",-999999.0,1,score_desc,d50ret,21,2,30,False,False,False,False,False,-13.89206323409486,18.696448580937403,-13.89206323409486,104,0.46153846153846156,1.4064128462811727,6.078041773150611,0.05844270935721741,-2.3999999999999986,0.22115384615384615,102,0.47058823529411764,-2.3999999999999986,0.41131668608195515,0,0.6666666666666666,137,0.44525547445255476,1.173988396085938,3.7688609025661504,0.027509933595373362,-2.412858563344305,0.18248175182481752,128,0.4453125,-2.4128585633443054,0.6696716741507094,21,0.5,381,0.4356955380577428,1.1119006430504752,6.136228788835021,0.016105587372270396,-4.861771526600273,0.36220472440944884,350,0.43714285714285717,-4.861771526600273,0.6106627521112153,19,0.6470588235294118
SPXW,"d65ret,d80,d80_front",0.0,1,score_desc,d50ret,21,3,0,False,False,False,False,False,-13.89206323409486,18.696448580937403,-13.89206323409486,104,0.46153846153846156,1.4064128462811727,6.078041773150611,0.05844270935721741,-2.3999999999999986,0.22115384615384615,102,0.46078431372549017,-2.3999999999999986,0.41131668608195515,0,0.6666666666666666,137,0.44525547445255476,1.173988396085938,3.7688609025661504,0.027509933595373362,-2.412858563344305,0.18248175182481752,128,0.4453125,-2.4128585633443054,0.6696716741507094,21,0.5,380,0.4394736842105263,1.1099505205672755,6.0712332331322605,0.01597692956087437,-4.869174374261271,0.35526315789473684,348,0.4396551724137931,-4.869174374261273,0.5514268230237057,19,0.6470588235294118
SPXW,"d65ret,d80,d80_front",0.0,1,score_desc,d50ret,21,4,0,False,False,False,False,False,-13.89206323409486,18.696448580937403,-13.89206323409486,104,0.46153846153846156,1.4064128462811727,6.078041773150611,0.05844270935721741,-2.3999999999999986,0.22115384615384615,102,0.46078431372549017,-2.3999999999999986,0.41131668608195515,0,0.6666666666666666,137,0.44525547445255476,1.173988396085938,3.7688609025661504,0.027509933595373362,-2.412858563344305,0.18248175182481752,128,0.4453125,-2.4128585633443054,0.6696716741507094,21,0.5,380,0.4394736842105263,1.1099505205672755,6.0712332331322605,0.01597692956087437,-4.869174374261271,0.35526315789473684,348,0.4396551724137931,-4.869174374261273,0.5514268230237057,19,0.6470588235294118
SPXW,"d65ret,d80,d80_front",-999999.0,1,score_desc,d50ret,21,3,0,False,False,False,False,False,-13.89206323409486,18.696448580937403,-13.89206323409486,104,0.46153846153846156,1.4064128462811727,6.078041773150611,0.05844270935721741,-2.3999999999999986,0.22115384615384615,102,0.46078431372549017,-2.3999999999999986,0.41131668608195515,0,0.6666666666666666,137,0.44525547445255476,1.173988396085938,3.7688609025661504,0.027509933595373362,-2.412858563344305,0.18248175182481752,128,0.4453125,-2.4128585633443054,0.6696716741507094,21,0.5,381,0.43832020997375326,1.1098236034956954,6.053528853807786,0.01588852717534852,-4.886878753585745,0.3543307086614173,350,0.43714285714285717,-4.886878753585745,0.5530395467556428,19,0.6470588235294118
SPXW,"d65ret,d80,d80_front",-999999.0,1,score_desc,d50ret,21,4,0,False,False,False,False,False,-13.89206323409486,18.696448580937403,-13.89206323409486,104,0.46153846153846156,1.4064128462811727,6.078041773150611,0.05844270935721741,-2.3999999999999986,0.22115384615384615,102,0.46078431372549017,-2.3999999999999986,0.41131668608195515,0,0.6666666666666666,137,0.44525547445255476,1.173988396085938,3.7688609025661504,0.027509933595373362,-2.412858563344305,0.18248175182481752,128,0.4453125,-2.4128585633443054,0.6696716741507094,21,0.5,381,0.43832020997375326,1.1098236034956954,6.053528853807786,0.01588852717534852,-4.886878753585745,0.3543307086614173,350,0.43714285714285717,-4.886878753585745,0.5530395467556428,19,0.6470588235294118
SPXW,"d65ret,d80,d80_front",-999999.0,1,score_desc,d50ret,21,3,30,False,False,False,False,False,-13.89206323409486,18.696448580937403,-13.89206323409486,104,0.46153846153846156,1.4064128462811727,6.078041773150611,0.05844270935721741,-2.3999999999999986,0.22115384615384615,102,0.46078431372549017,-2.3999999999999986,0.41131668608195515,0,0.6666666666666666,137,0.44525547445255476,1.173988396085938,3.7688609025661504,0.027509933595373362,-2.412858563344305,0.18248175182481752,128,0.4453125,-2.4128585633443054,0.6696716741507094,21,0.5,381,0.4356955380577428,1.1060867453595462,5.8479934947173735,0.01534906429059678,-4.861771526600272,0.35958005249343833,350,0.4342857142857143,-4.861771526600272,0.6407610342177988,19,0.6470588235294118
SPXW,"d65ret,d80,d80_front",-999999.0,1,score_desc,d50ret,21,4,30,False,False,False,False,False,-13.89206323409486,18.696448580937403,-13.89206323409486,104,0.46153846153846156,1.4064128462811727,6.078041773150611,0.05844270935721741,-2.3999999999999986,0.22115384615384615,102,0.46078431372549017,-2.3999999999999986,0.41131668608195515,0,0.6666666666666666,137,0.44525547445255476,1.173988396085938,3.7688609025661504,0.027509933595373362,-2.412858563344305,0.18248175182481752,128,0.4453125,-2.4128585633443054,0.6696716741507094,21,0.5,381,0.4356955380577428,1.1060867453595462,5.8479934947173735,0.01534906429059678,-4.861771526600272,0.35958005249343833,350,0.4342857142857143,-4.861771526600272,0.6407610342177988,19,0.6470588235294118
SPXW,"d50ret,d65ret,d80_front",0.0,1,score_desc,d65win,22,3,0,False,False,False,False,False,-13.906803964478677,-8.448010379372095,-13.906803964478677,114,0.45614035087719296,1.415427799002825,6.550622603458547,0.05746160178472409,-2.4732483842357498,0.19298245614035087,103,0.46601941747572817,-2.4732483842357498,0.46770076686827294,0,0.6666666666666666,139,0.4172661870503597,0.9774082340867637,-0.4851726662007496,-0.003490450835976616,-3.71022021068108,0.2589928057553957,128,0.40625,-3.71022021068108,-6.136769213513717,22,0.5,387,0.4134366925064599,0.9958755328630936,-0.22423627225783838,-0.0005794218921391172,-3.546372472645499,0.3695090439276486,341,0.40175953079178883,-3.5463724726454995,-17.643845901123314,19,0.4117647058823529
SPXW,"d50ret,d65ret,d80_front",0.0,1,score_desc,d65win,22,4,0,False,False,False,False,False,-13.906803964478677,-8.448010379372095,-13.906803964478677,114,0.45614035087719296,1.415427799002825,6.550622603458547,0.05746160178472409,-2.4732483842357498,0.19298245614035087,103,0.46601941747572817,-2.4732483842357498,0.46770076686827294,0,0.6666666666666666,139,0.4172661870503597,0.9774082340867637,-0.4851726662007496,-0.003490450835976616,-3.71022021068108,0.2589928057553957,128,0.40625,-3.71022021068108,-6.136769213513717,22,0.5,387,0.4134366925064599,0.9958755328630936,-0.22423627225783838,-0.0005794218921391172,-3.546372472645499,0.3695090439276486,341,0.40175953079178883,-3.5463724726454995,-17.643845901123314,19,0.4117647058823529
SPXW,"d50ret,d65ret,d80_front",-999999.0,1,score_desc,d65win,22,3,0,False,False,False,False,False,-13.906803964478677,-8.448010379372095,-13.906803964478677,114,0.45614035087719296,1.415427799002825,6.550622603458547,0.05746160178472409,-2.4732483842357498,0.19298245614035087,103,0.46601941747572817,-2.4732483842357498,0.46770076686827294,0,0.6666666666666666,139,0.4172661870503597,0.9774082340867637,-0.4851726662007496,-0.003490450835976616,-3.71022021068108,0.2589928057553957,128,0.40625,-3.71022021068108,-6.136769213513717,22,0.5,392,0.4107142857142857,0.9747773013070723,-1.3922456285583245,-0.0035516470116283786,-4.395202852490673,0.3673469387755102,350,0.40285714285714286,-4.395202852490673,-2.4549419476735177,21,0.35294117647058826
SPXW,"d50ret,d65ret,d80_front",-999999.0,1,score_desc,d65win,22,4,0,False,False,False,False,False,-13.906803964478677,-8.448010379372095,-13.906803964478677,114,0.45614035087719296,1.415427799002825,6.550622603458547,0.05746160178472409,-2.4732483842357498,0.19298245614035087,103,0.46601941747572817,-2.4732483842357498,0.46770076686827294,0,0.6666666666666666,139,0.4172661870503597,0.9774082340867637,-0.4851726662007496,-0.003490450835976616,-3.71022021068108,0.2589928057553957,128,0.40625,-3.71022021068108,-6.136769213513717,22,0.5,392,0.4107142857142857,0.9747773013070723,-1.3922456285583245,-0.0035516470116283786,-4.395202852490673,0.3673469387755102,350,0.40285714285714286,-4.395202852490673,-2.4549419476735177,21,0.35294117647058826
SPXW,"d65ret,d80_front",0.0,1,score_desc,d65ret,21,2,0,False,False,False,False,False,-13.909261465821174,-7.857361072091738,-13.909261465821174,90,0.4444444444444444,1.4632251239692653,5.75802104545686,0.06397801161618734,-2.3999999999999986,0.2222222222222222,82,0.45121951219512196,-2.3999999999999986,0.607847726218635,0,0.6666666666666666,133,0.44360902255639095,0.9726248594036788,-0.5129435238478826,-0.0038567182244201694,-2.6798183423520623,0.23308270676691728,128,0.453125,-2.6798183423520623,-4.873830906853197,20,0.5,374,0.4411764705882353,1.0306095793689296,1.5108664054077252,0.0040397497470794795,-4.389654626685589,0.4197860962566845,341,0.4281524926686217,-4.389654626685589,3.3093594391296897,19,0.5294117647058824
SPXW,"d65ret,d80_front",0.0,1,score_desc,d65ret,21,2,15,False,False,False,False,False,-13.909261465821174,-7.857361072091738,-13.909261465821174,90,0.4444444444444444,1.4632251239692653,5.75802104545686,0.06397801161618734,-2.3999999999999986,0.2222222222222222,82,0.45121951219512196,-2.3999999999999986,0.607847726218635,0,0.6666666666666666,133,0.44360902255639095,0.9726248594036788,-0.5129435238478826,-0.0038567182244201694,-2.6798183423520623,0.23308270676691728,128,0.453125,-2.6798183423520623,-4.873830906853197,20,0.5,374,0.4411764705882353,1.0306095793689296,1.5108664054077252,0.0040397497470794795,-4.389654626685589,0.4197860962566845,341,0.4281524926686217,-4.389654626685589,3.3093594391296897,19,0.5294117647058824
SPXW,"d65ret,d80_front",0.0,1,score_desc,d65ret,21,3,0,False,False,False,False,False,-13.909261465821174,-7.857361072091738,-13.909261465821174,90,0.4444444444444444,1.4632251239692653,5.75802104545686,0.06397801161618734,-2.3999999999999986,0.2222222222222222,82,0.43902439024390244,-2.3999999999999986,0.607847726218635,0,0.6666666666666666,133,0.44360902255639095,0.9726248594036788,-0.5129435238478826,-0.0038567182244201694,-2.6798183423520623,0.23308270676691728,128,0.453125,-2.6798183423520623,-4.873830906853197,20,0.5,374,0.4411764705882353,1.0306095793689296,1.5108664054077252,0.0040397497470794795,-4.389654626685589,0.41711229946524064,341,0.4281524926686217,-4.389654626685589,3.1107978727819083,19,0.5294117647058824
SPXW,"d65ret,d80_front",0.0,1,score_desc,d65ret,21,3,15,False,False,False,False,False,-13.909261465821174,-7.857361072091738,-13.909261465821174,90,0.4444444444444444,1.4632251239692653,5.75802104545686,0.06397801161618734,-2.3999999999999986,0.2222222222222222,82,0.43902439024390244,-2.3999999999999986,0.607847726218635,0,0.6666666666666666,133,0.44360902255639095,0.9726248594036788,-0.5129435238478826,-0.0038567182244201694,-2.6798183423520623,0.23308270676691728,128,0.453125,-2.6798183423520623,-4.873830906853197,20,0.5,374,0.4411764705882353,1.0306095793689296,1.5108664054077252,0.0040397497470794795,-4.389654626685589,0.41711229946524064,341,0.4281524926686217,-4.389654626685589,3.1107978727819083,19,0.5294117647058824
SPXW,"d65ret,d80_front",0.0,1,score_desc,d65ret,21,4,0,False,False,False,False,False,-13.909261465821174,-7.857361072091738,-13.909261465821174,90,0.4444444444444444,1.4632251239692653,5.75802104545686,0.06397801161618734,-2.3999999999999986,0.2222222222222222,82,0.43902439024390244,-2.3999999999999986,0.607847726218635,0,0.6666666666666666,133,0.44360902255639095,0.9726248594036788,-0.5129435238478826,-0.0038567182244201694,-2.6798183423520623,0.23308270676691728,128,0.453125,-2.6798183423520623,-4.873830906853197,20,0.5,374,0.4411764705882353,1.0306095793689296,1.5108664054077252,0.0040397497470794795,-4.389654626685589,0.41711229946524064,341,0.4281524926686217,-4.389654626685589,3.1107978727819083,19,0.5294117647058824
SPXW,"d65ret,d80_front",0.0,1,score_desc,d65ret,21,4,15,False,False,False,False,False,-13.909261465821174,-7.857361072091738,-13.909261465821174,90,0.4444444444444444,1.4632251239692653,5.75802104545686,0.06397801161618734,-2.3999999999999986,0.2222222222222222,82,0.43902439024390244,-2.3999999999999986,0.607847726218635,0,0.6666666666666666,133,0.44360902255639095,0.9726248594036788,-0.5129435238478826,-0.0038567182244201694,-2.6798183423520623,0.23308270676691728,128,0.453125,-2.6798183423520623,-4.873830906853197,20,0.5,374,0.4411764705882353,1.0306095793689296,1.5108664054077252,0.0040397497470794795,-4.389654626685589,0.41711229946524064,341,0.4281524926686217,-4.389654626685589,3.1107978727819083,19,0.5294117647058824
SPXW,"d65ret,d80_front",0.0,1,score_desc,d65ret,21,2,30,False,False,False,False,False,-13.909261465821174,-7.857361072091738,-13.909261465821174,90,0.4444444444444444,1.4632251239692653,5.75802104545686,0.06397801161618734,-2.3999999999999986,0.2222222222222222,82,0.45121951219512196,-2.3999999999999986,0.607847726218635,0,0.6666666666666666,133,0.44360902255639095,0.9726248594036788,-0.5129435238478826,-0.0038567182244201694,-2.6798183423520623,0.23308270676691728,128,0.453125,-2.6798183423520623,-4.873830906853197,20,0.5,374,0.4411764705882353,1.027552805527546,1.359986288754984,0.003636326975280706,-4.389654626685589,0.4197860962566845,341,0.4281524926686217,-4.389654626685589,3.676507654042094,19,0.5294117647058824
SPXW,"d65ret,d80_front",0.0,1,score_desc,d65ret,21,3,30,False,False,False,False,False,-13.909261465821174,-7.857361072091738,-13.909261465821174,90,0.4444444444444444,1.4632251239692653,5.75802104545686,0.06397801161618734,-2.3999999999999986,0.2222222222222222,82,0.43902439024390244,-2.3999999999999986,0.607847726218635,0,0.6666666666666666,133,0.44360902255639095,0.9726248594036788,-0.5129435238478826,-0.0038567182244201694,-2.6798183423520623,0.23308270676691728,128,0.453125,-2.6798183423520623,-4.873830906853197,20,0.5,374,0.4411764705882353,1.027552805527546,1.359986288754984,0.003636326975280706,-4.389654626685589,0.41711229946524064,341,0.4281524926686217,-4.389654626685589,3.4559171947995684,19,0.5294117647058824
SPXW,"d65ret,d80_front",0.0,1,score_desc,d65ret,21,4,30,False,False,False,False,False,-13.909261465821174,-7.857361072091738,-13.909261465821174,90,0.4444444444444444,1.4632251239692653,5.75802104545686,0.06397801161618734,-2.3999999999999986,0.2222222222222222,82,0.43902439024390244,-2.3999999999999986,0.607847726218635,0,0.6666666666666666,133,0.44360902255639095,0.9726248594036788,-0.5129435238478826,-0.0038567182244201694,-2.6798183423520623,0.23308270676691728,128,0.453125,-2.6798183423520623,-4.873830906853197,20,0.5,374,0.4411764705882353,1.027552805527546,1.359986288754984,0.003636326975280706,-4.389654626685589,0.41711229946524064,341,0.4281524926686217,-4.389654626685589,3.4559171947995684,19,0.5294117647058824
SPXW,"d65ret,d80_front",-999999.0,1,score_desc,d65ret,21,2,0,False,False,False,False,False,-13.909261465821174,-7.857361072091738,-13.909261465821174,90,0.4444444444444444,1.4632251239692653,5.75802104545686,0.06397801161618734,-2.3999999999999986,0.2222222222222222,82,0.45121951219512196,-2.3999999999999986,0.607847726218635,0,0.6666666666666666,133,0.44360902255639095,0.9726248594036788,-0.5129435238478826,-0.0038567182244201694,-2.6798183423520623,0.23308270676691728,128,0.453125,-2.6798183423520623,-4.873830906853197,20,0.5,377,0.4350132625994695,1.015748140098711,0.7854243898243973,0.002083353819162858,-5.044961463293346,0.41379310344827586,345,0.4260869565217391,-4.83879326181116,6.3659851473645785,19,0.5294117647058824
SPXW,"d65ret,d80_front",-999999.0,1,score_desc,d65ret,21,2,15,False,False,False,False,False,-13.909261465821174,-7.857361072091738,-13.909261465821174,90,0.4444444444444444,1.4632251239692653,5.75802104545686,0.06397801161618734,-2.3999999999999986,0.2222222222222222,82,0.45121951219512196,-2.3999999999999986,0.607847726218635,0,0.6666666666666666,133,0.44360902255639095,0.9726248594036788,-0.5129435238478826,-0.0038567182244201694,-2.6798183423520623,0.23308270676691728,128,0.453125,-2.6798183423520623,-4.873830906853197,20,0.5,377,0.4350132625994695,1.015748140098711,0.7854243898243973,0.002083353819162858,-5.044961463293346,0.41379310344827586,345,0.4260869565217391,-4.83879326181116,6.3659851473645785,19,0.5294117647058824
SPXW,"d65ret,d80_front",-999999.0,1,score_desc,d65ret,21,3,0,False,False,False,False,False,-13.909261465821174,-7.857361072091738,-13.909261465821174,90,0.4444444444444444,1.4632251239692653,5.75802104545686,0.06397801161618734,-2.3999999999999986,0.2222222222222222,82,0.43902439024390244,-2.3999999999999986,0.607847726218635,0,0.6666666666666666,133,0.44360902255639095,0.9726248594036788,-0.5129435238478826,-0.0038567182244201694,-2.6798183423520623,0.23308270676691728,128,0.453125,-2.6798183423520623,-4.873830906853197,20,0.5,377,0.4350132625994695,1.015748140098711,0.7854243898243973,0.002083353819162858,-5.044961463293346,0.41114058355437666,345,0.4260869565217391,-4.83879326181116,5.984026038522704,19,0.5294117647058824
SPXW,"d65ret,d80_front",-999999.0,1,score_desc,d65ret,21,3,15,False,False,False,False,False,-13.909261465821174,-7.857361072091738,-13.909261465821174,90,0.4444444444444444,1.4632251239692653,5.75802104545686,0.06397801161618734,-2.3999999999999986,0.2222222222222222,82,0.43902439024390244,-2.3999999999999986,0.607847726218635,0,0.6666666666666666,133,0.44360902255639095,0.9726248594036788,-0.5129435238478826,-0.0038567182244201694,-2.6798183423520623,0.23308270676691728,128,0.453125,-2.6798183423520623,-4.873830906853197,20,0.5,377,0.4350132625994695,1.015748140098711,0.7854243898243973,0.002083353819162858,-5.044961463293346,0.41114058355437666,345,0.4260869565217391,-4.83879326181116,5.984026038522704,19,0.5294117647058824
SPXW,"d65ret,d80_front",-999999.0,1,score_desc,d65ret,21,4,0,False,False,False,False,False,-13.909261465821174,-7.857361072091738,-13.909261465821174,90,0.4444444444444444,1.4632251239692653,5.75802104545686,0.06397801161618734,-2.3999999999999986,0.2222222222222222,82,0.43902439024390244,-2.3999999999999986,0.607847726218635,0,0.6666666666666666,133,0.44360902255639095,0.9726248594036788,-0.5129435238478826,-0.0038567182244201694,-2.6798183423520623,0.23308270676691728,128,0.453125,-2.6798183423520623,-4.873830906853197,20,0.5,377,0.4350132625994695,1.015748140098711,0.7854243898243973,0.002083353819162858,-5.044961463293346,0.41114058355437666,345,0.4260869565217391,-4.83879326181116,5.984026038522704,19,0.5294117647058824
SPXW,"d65ret,d80_front",-999999.0,1,score_desc,d65ret,21,4,15,False,False,False,False,False,-13.909261465821174,-7.857361072091738,-13.909261465821174,90,0.4444444444444444,1.4632251239692653,5.75802104545686,0.06397801161618734,-2.3999999999999986,0.2222222222222222,82,0.43902439024390244,-2.3999999999999986,0.607847726218635,0,0.6666666666666666,133,0.44360902255639095,0.9726248594036788,-0.5129435238478826,-0.0038567182244201694,-2.6798183423520623,0.23308270676691728,128,0.453125,-2.6798183423520623,-4.873830906853197,20,0.5,377,0.4350132625994695,1.015748140098711,0.7854243898243973,0.002083353819162858,-5.044961463293346,0.41114058355437666,345,0.4260869565217391,-4.83879326181116,5.984026038522704,19,0.5294117647058824
SPXW,"d65ret,d80_front",-999999.0,1,score_desc,d65ret,21,2,30,False,False,False,False,False,-13.909261465821174,-7.857361072091738,-13.909261465821174,90,0.4444444444444444,1.4632251239692653,5.75802104545686,0.06397801161618734,-2.3999999999999986,0.2222222222222222,82,0.45121951219512196,-2.3999999999999986,0.607847726218635,0,0.6666666666666666,133,0.44360902255639095,0.9726248594036788,-0.5129435238478826,-0.0038567182244201694,-2.6798183423520623,0.23308270676691728,128,0.453125,-2.6798183423520623,-4.873830906853197,20,0.5,377,0.4350132625994695,1.0127229205537864,0.6345442731716566,0.0016831413081476302,-5.0449614632933475,0.41379310344827586,345,0.4260869565217391,-4.838793261811162,7.879670830544873,19,0.5294117647058824
SPXW,"d65ret,d80_front",-999999.0,1,score_desc,d65ret,21,3,30,False,False,False,False,False,-13.909261465821174,-7.857361072091738,-13.909261465821174,90,0.4444444444444444,1.4632251239692653,5.75802104545686,0.06397801161618734,-2.3999999999999986,0.2222222222222222,82,0.43902439024390244,-2.3999999999999986,0.607847726218635,0,0.6666666666666666,133,0.44360902255639095,0.9726248594036788,-0.5129435238478826,-0.0038567182244201694,-2.6798183423520623,0.23308270676691728,128,0.453125,-2.6798183423520623,-4.873830906853197,20,0.5,377,0.4350132625994695,1.0127229205537864,0.6345442731716566,0.0016831413081476302,-5.0449614632933475,0.41114058355437666,345,0.4260869565217391,-4.838793261811162,7.40689058071218,19,0.5294117647058824
SPXW,"d65ret,d80_front",-999999.0,1,score_desc,d65ret,21,4,30,False,False,False,False,False,-13.909261465821174,-7.857361072091738,-13.909261465821174,90,0.4444444444444444,1.4632251239692653,5.75802104545686,0.06397801161618734,-2.3999999999999986,0.2222222222222222,82,0.43902439024390244,-2.3999999999999986,0.607847726218635,0,0.6666666666666666,133,0.44360902255639095,0.9726248594036788,-0.5129435238478826,-0.0038567182244201694,-2.6798183423520623,0.23308270676691728,128,0.453125,-2.6798183423520623,-4.873830906853197,20,0.5,377,0.4350132625994695,1.0127229205537864,0.6345442731716566,0.0016831413081476302,-5.0449614632933475,0.41114058355437666,345,0.4260869565217391,-4.838793261811162,7.40689058071218,19,0.5294117647058824
SPXW,"d50ret,d80",-999999.0,1,score_desc,d50ret,22,2,30,False,False,False,False,False,-13.925790304873647,24.23056290776122,-13.925790304873647,64,0.5,1.4125092844040346,3.870677099470382,0.060479329679224716,-1.2000000000000002,0.203125,61,0.5245901639344263,-1.2000000000000002,0.6458818278440407,0,0.5,138,0.4782608695652174,1.3862405667544173,7.927829549788823,0.057448040215861036,-2.5774802861251214,0.15942028985507245,127,0.47244094488188976,-2.5774802861251214,0.46758797903889204,21,0.6666666666666666,382,0.43455497382198954,1.149845314805513,8.143500363025069,0.021318063777552538,-3.525241694505966,0.36387434554973824,348,0.4396551724137931,-3.525241694505966,0.37655350839853186,19,0.6470588235294118
SPXW,"d50ret,d80",0.0,1,score_desc,d50ret,22,2,30,False,False,False,False,False,-13.925790304873647,24.129195652881283,-13.925790304873647,64,0.5,1.4125092844040346,3.870677099470382,0.060479329679224716,-1.2000000000000002,0.203125,61,0.5245901639344263,-1.2000000000000002,0.6458818278440407,0,0.5,138,0.4855072463768116,1.4088129172906436,8.402157224954586,0.060885197282279604,-2.9820592432616495,0.14492753623188406,122,0.4918032786885246,-2.700000000000001,0.500699723263427,21,0.5,378,0.4312169312169312,1.1492762307791242,8.043203058744053,0.021278314970222364,-3.3409551935602524,0.373015873015873,337,0.4421364985163205,-3.3409551935602524,0.4434133524037514,17,0.6470588235294118
SPXW,"d50ret,d80",-999999.0,1,score_desc,d50ret,22,3,30,False,False,False,False,False,-13.925790304873647,24.702164745631702,-13.925790304873647,64,0.5,1.4125092844040346,3.870677099470382,0.060479329679224716,-1.2000000000000002,0.203125,61,0.5081967213114754,-1.2000000000000002,0.6458818278440407,0,0.5,138,0.4855072463768116,1.4164886116001547,8.423743032268268,0.061041616175857016,-2.4833333333333405,0.15942028985507245,127,0.47244094488188976,-2.4833333333333387,0.46331794130940857,21,0.6666666666666666,382,0.43455497382198954,1.1437790502736567,7.855265068907421,0.020563521122794297,-3.525241694505966,0.3612565445026178,348,0.4367816091954023,-3.525241694505966,0.3903704846930542,19,0.6470588235294118
SPXW,"d50ret,d80",-999999.0,1,score_desc,d50ret,22,4,30,False,False,False,False,False,-13.925790304873647,24.702164745631702,-13.925790304873647,64,0.5,1.4125092844040346,3.870677099470382,0.060479329679224716,-1.2000000000000002,0.203125,61,0.5081967213114754,-1.2000000000000002,0.6458818278440407,0,0.5,138,0.4855072463768116,1.4164886116001547,8.423743032268268,0.061041616175857016,-2.4833333333333405,0.15942028985507245,127,0.47244094488188976,-2.4833333333333387,0.46331794130940857,21,0.6666666666666666,382,0.43455497382198954,1.1437790502736567,7.855265068907421,0.020563521122794297,-3.525241694505966,0.3612565445026178,348,0.4367816091954023,-3.525241694505966,0.3903704846930542,19,0.6470588235294118
SPXW,"d50ret,d80",0.0,1,score_desc,d50ret,22,3,30,False,False,False,False,False,-13.925790304873647,24.60315042787913,-13.925790304873647,64,0.5,1.4125092844040346,3.870677099470382,0.060479329679224716,-1.2000000000000002,0.203125,61,0.5081967213114754,-1.2000000000000002,0.6458818278440407,0,0.5,138,0.4927536231884058,1.439355079277301,8.89807070743403,0.06447877324227558,-2.9820592432616504,0.14492753623188406,122,0.4918032786885246,-2.700000000000001,0.49481190075861753,21,0.5,378,0.4312169312169312,1.1431609532952245,7.754967764626406,0.020515787737106893,-3.3409551935602524,0.37037037037037035,337,0.4391691394658754,-3.3409551935602524,0.4598940628238216,17,0.6470588235294118
SPXW,"d50ret,d80",0.0,1,score_desc,d50ret,22,4,30,False,False,False,False,False,-13.925790304873647,24.60315042787913,-13.925790304873647,64,0.5,1.4125092844040346,3.870677099470382,0.060479329679224716,-1.2000000000000002,0.203125,61,0.5081967213114754,-1.2000000000000002,0.6458818278440407,0,0.5,138,0.4927536231884058,1.439355079277301,8.89807070743403,0.06447877324227558,-2.9820592432616504,0.14492753623188406,122,0.4918032786885246,-2.700000000000001,0.49481190075861753,21,0.5,378,0.4312169312169312,1.1431609532952245,7.754967764626406,0.020515787737106893,-3.3409551935602524,0.37037037037037035,337,0.4391691394658754,-3.3409551935602524,0.4598940628238216,17,0.6470588235294118
SPXW,"d50ret,d65ret,d80_front",0.0,1,score_desc,d80,21,2,0,False,False,False,False,False,-12.796279585393904,-13.933543016454527,-13.933543016454527,107,0.4766355140186916,1.4869879243642548,7.199521235531953,0.06728524519188742,-2.3999999999999995,0.19626168224299065,102,0.49019607843137253,-2.3999999999999995,0.36752400055409834,0,0.6666666666666666,135,0.3925925925925926,0.8992742729353365,-2.2622284273110624,-0.016757247609711572,-4.795983248619958,0.2518518518518518,128,0.390625,-4.795983248619958,-1.2149494317825695,21,0.3333333333333333,376,0.42021276595744683,1.0439193045762347,2.3249882057995173,0.006183479270743397,-4.783168892581715,0.36436170212765956,341,0.41642228739002934,-4.783168892581716,1.8678748993304373,19,0.5294117647058824
SPXW,"d50ret,d65ret,d80_front",0.0,1,score_desc,d80,21,3,0,False,False,False,False,False,-12.796279585393904,-13.933543016454527,-13.933543016454527,107,0.4766355140186916,1.4869879243642548,7.199521235531953,0.06728524519188742,-2.3999999999999995,0.19626168224299065,102,0.49019607843137253,-2.3999999999999995,0.36752400055409834,0,0.6666666666666666,135,0.3925925925925926,0.8992742729353365,-2.2622284273110624,-0.016757247609711572,-4.795983248619958,0.2518518518518518,128,0.390625,-4.795983248619958,-1.2149494317825695,21,0.3333333333333333,376,0.42021276595744683,1.0439193045762347,2.3249882057995173,0.006183479270743397,-4.783168892581715,0.36436170212765956,341,0.41642228739002934,-4.783168892581716,1.8678748993304373,19,0.5294117647058824
SPXW,"d50ret,d65ret,d80_front",0.0,1,score_desc,d80,21,4,0,False,False,False,False,False,-12.796279585393904,-13.933543016454527,-13.933543016454527,107,0.4766355140186916,1.4869879243642548,7.199521235531953,0.06728524519188742,-2.3999999999999995,0.19626168224299065,102,0.49019607843137253,-2.3999999999999995,0.36752400055409834,0,0.6666666666666666,135,0.3925925925925926,0.8992742729353365,-2.2622284273110624,-0.016757247609711572,-4.795983248619958,0.2518518518518518,128,0.390625,-4.795983248619958,-1.2149494317825695,21,0.3333333333333333,376,0.42021276595744683,1.0439193045762347,2.3249882057995173,0.006183479270743397,-4.783168892581715,0.36436170212765956,341,0.41642228739002934,-4.783168892581716,1.8678748993304373,19,0.5294117647058824
SPXW,"d50ret,d65ret,d80_front",-999999.0,1,score_desc,d80,21,2,0,False,False,False,False,False,-12.796279585393904,-13.933543016454527,-13.933543016454527,107,0.4766355140186916,1.4869879243642548,7.199521235531953,0.06728524519188742,-2.3999999999999995,0.19626168224299065,102,0.49019607843137253,-2.3999999999999995,0.36752400055409834,0,0.6666666666666666,135,0.3925925925925926,0.8992742729353365,-2.2622284273110624,-0.016757247609711572,-4.795983248619958,0.2518518518518518,128,0.390625,-4.795983248619958,-1.2149494317825695,21,0.3333333333333333,380,0.4131578947368421,1.021668777077036,1.159334065068637,0.0030508791186016765,-5.459062867217921,0.3684210526315789,350,0.4085714285714286,-5.459062867217921,3.669991241091067,20,0.47058823529411764
SPXW,"d50ret,d65ret,d80_front",-999999.0,1,score_desc,d80,21,3,0,False,False,False,False,False,-12.796279585393904,-13.933543016454527,-13.933543016454527,107,0.4766355140186916,1.4869879243642548,7.199521235531953,0.06728524519188742,-2.3999999999999995,0.19626168224299065,102,0.49019607843137253,-2.3999999999999995,0.36752400055409834,0,0.6666666666666666,135,0.3925925925925926,0.8992742729353365,-2.2622284273110624,-0.016757247609711572,-4.795983248619958,0.2518518518518518,128,0.390625,-4.795983248619958,-1.2149494317825695,21,0.3333333333333333,380,0.4131578947368421,1.021668777077036,1.159334065068637,0.0030508791186016765,-5.459062867217921,0.3684210526315789,350,0.4085714285714286,-5.459062867217921,3.669991241091067,20,0.47058823529411764
SPXW,"d50ret,d65ret,d80_front",-999999.0,1,score_desc,d80,21,4,0,False,False,False,False,False,-12.796279585393904,-13.933543016454527,-13.933543016454527,107,0.4766355140186916,1.4869879243642548,7.199521235531953,0.06728524519188742,-2.3999999999999995,0.19626168224299065,102,0.49019607843137253,-2.3999999999999995,0.36752400055409834,0,0.6666666666666666,135,0.3925925925925926,0.8992742729353365,-2.2622284273110624,-0.016757247609711572,-4.795983248619958,0.2518518518518518,128,0.390625,-4.795983248619958,-1.2149494317825695,21,0.3333333333333333,380,0.4131578947368421,1.021668777077036,1.159334065068637,0.0030508791186016765,-5.459062867217921,0.3684210526315789,350,0.4085714285714286,-5.459062867217921,3.669991241091067,20,0.47058823529411764
SPXW,"d50ret,d65ret,d80",-999999.0,1,score_desc,d65win,21,2,15,False,False,False,False,False,-13.936991726461851,17.514894351070904,-13.936991726461851,111,0.46846846846846846,1.382399523109183,6.190231614494606,0.05576785238283429,-2.3999999999999986,0.22522522522522523,102,0.4803921568627451,-2.3999999999999986,0.47854689449993204,0,0.6666666666666666,137,0.44525547445255476,1.1386684242664316,3.068257865925217,0.022396042816972387,-3.1086903192191104,0.2116788321167883,128,0.421875,-3.1086903192191113,0.9861320934820164,21,0.3333333333333333,381,0.4094488188976378,1.0319437502104996,1.8929326339266284,0.004968327123167003,-4.688809638626956,0.3569553805774278,349,0.4040114613180516,-4.688809638626956,1.9740184843851396,20,0.4117647058823529
SPXW,"d50ret,d65ret,d80",-999999.0,1,score_desc,d65win,21,2,0,False,False,False,False,False,-13.936991726461851,17.514894351070904,-13.936991726461851,111,0.46846846846846846,1.382399523109183,6.190231614494606,0.05576785238283429,-2.3999999999999986,0.22522522522522523,102,0.4803921568627451,-2.3999999999999986,0.47854689449993204,0,0.6666666666666666,137,0.44525547445255476,1.1386684242664316,3.068257865925217,0.022396042816972387,-3.1086903192191104,0.2116788321167883,128,0.421875,-3.1086903192191113,0.9861320934820164,21,0.3333333333333333,382,0.4083769633507853,1.0231319528581342,1.3893782565837833,0.00363711585493137,-4.984159802120546,0.3507853403141361,349,0.4040114613180516,-4.984159802120546,2.734449017799144,20,0.4117647058823529
SPXW,"d50ret,d65ret,d80",0.0,1,score_desc,d65win,21,2,15,False,False,False,False,False,-13.936991726461851,17.514894351070904,-13.936991726461851,111,0.46846846846846846,1.382399523109183,6.190231614494606,0.05576785238283429,-2.3999999999999986,0.22522522522522523,102,0.4803921568627451,-2.3999999999999986,0.47854689449993204,0,0.6666666666666666,137,0.44525547445255476,1.1386684242664316,3.068257865925217,0.022396042816972387,-3.1086903192191104,0.2116788321167883,128,0.421875,-3.1086903192191113,0.9861320934820164,21,0.3333333333333333,380,0.39473684210526316,1.0015491542164388,0.09281966468022565,0.000244262275474278,-4.816760546666483,0.35526315789473684,344,0.38953488372093026,-4.816760546666483,40.25746076481009,19,0.4117647058823529
SPXW,"d50ret,d65ret,d80",0.0,1,score_desc,d65win,21,2,0,False,False,False,False,False,-13.936991726461851,17.514894351070904,-13.936991726461851,111,0.46846846846846846,1.382399523109183,6.190231614494606,0.05576785238283429,-2.3999999999999986,0.22522522522522523,102,0.4803921568627451,-2.3999999999999986,0.47854689449993204,0,0.6666666666666666,137,0.44525547445255476,1.1386684242664316,3.068257865925217,0.022396042816972387,-3.1086903192191104,0.2116788321167883,128,0.421875,-3.1086903192191113,0.9861320934820164,21,0.3333333333333333,380,0.39210526315789473,0.9955021326021908,-0.2721416468507839,-0.0007161622285546945,-5.227586208774638,0.3473684210526316,343,0.39067055393586003,-5.227586208774638,-13.96031828656537,19,0.4117647058823529
SPXW,"d65ret,d80_zero",-999999.0,1,score_desc,d65win,22,2,15,False,False,False,False,False,-13.940269508108484,12.908729001535054,-13.940269508108484,115,0.4608695652173913,1.4033291971602748,6.542296167249487,0.05688953188912597,-2.7479842857761785,0.19130434782608696,103,0.4563106796116505,-2.7479842857761785,0.535605778656821,0,0.6666666666666666,137,0.41605839416058393,1.0075987028233744,0.16530269173151968,0.0012065889907410196,-2.92772996208995,0.24087591240875914,123,0.4146341463414634,-2.6775725194709836,20.059696849424533,22,0.5,388,0.4072164948453608,0.9784733600375923,-1.2340447923535924,-0.0031805278153443106,-4.248416985270422,0.44587628865979384,345,0.4028985507246377,-4.244116966716376,-2.7012878188397766,21,0.47058823529411764
SPXW,"d65ret,d80_zero",-999999.0,1,score_desc,d65win,22,2,0,False,False,False,False,False,-13.940269508108484,-7.714790140079787,-13.940269508108484,115,0.4608695652173913,1.4033291971602748,6.542296167249487,0.05688953188912597,-2.7479842857761785,0.19130434782608696,103,0.4563106796116505,-2.7479842857761785,0.535605778656821,0,0.6666666666666666,137,0.41605839416058393,0.9924595867953439,-0.1640346554497878,-0.001197333251458305,-2.9922694998762744,0.24087591240875914,123,0.4065040650406504,-2.733125909243089,-20.21476422427813,22,0.5,390,0.4025641025641026,0.9536662057453653,-2.7237562495087126,-0.006983990383355673,-4.026504905335623,0.441025641025641,344,0.4069767441860465,-4.022204886781577,-1.2647257347842988,21,0.4117647058823529
SPXW,"d65ret,d80_zero",0.0,1,score_desc,d65win,22,2,15,False,False,False,False,False,-13.940269508108484,12.908729001535054,-13.940269508108484,115,0.4608695652173913,1.4033291971602748,6.542296167249487,0.05688953188912597,-2.7479842857761785,0.19130434782608696,103,0.4563106796116505,-2.7479842857761785,0.535605778656821,0,0.6666666666666666,137,0.41605839416058393,1.0075987028233744,0.16530269173151968,0.0012065889907410196,-2.92772996208995,0.24087591240875914,123,0.4146341463414634,-2.6775725194709836,20.059696849424533,22,0.5,380,0.4,0.952823511130703,-2.6471483441767916,-0.00696617985309682,-5.68705067906899,0.42105263157894735,328,0.3902439024390244,-5.6827506605149445,-1.5490680448702587,20,0.4117647058823529
SPXW,"d65ret,d80_zero",0.0,1,score_desc,d65win,22,2,0,False,False,False,False,False,-13.940269508108484,-7.714790140079787,-13.940269508108484,115,0.4608695652173913,1.4033291971602748,6.542296167249487,0.05688953188912597,-2.7479842857761785,0.19130434782608696,103,0.4563106796116505,-2.7479842857761785,0.535605778656821,0,0.6666666666666666,137,0.41605839416058393,0.9924595867953439,-0.1640346554497878,-0.001197333251458305,-2.9922694998762744,0.24087591240875914,123,0.4065040650406504,-2.733125909243089,-20.21476422427813,22,0.5,381,0.3910761154855643,0.9140493660066887,-4.951993925916067,-0.012997359385606476,-6.059345419515412,0.4146981627296588,325,0.38769230769230767,-6.059345419515412,-0.7988771505538942,20,0.35294117647058826
SPXW,"d65ret,d80,d80_front",0.0,1,score_desc,d65ret,21,3,0,False,False,False,False,False,-13.963164716894862,18.222881983808435,-13.963164716894862,110,0.4636363636363636,1.390119145706684,6.185471193318922,0.05623155630289929,-2.3999999999999986,0.20909090909090908,102,0.46078431372549017,-2.3999999999999986,0.5658420984613808,0,0.6666666666666666,133,0.43609022556390975,1.1564789913381186,3.3799104686456714,0.02541286066650881,-1.9774802861251226,0.19548872180451127,128,0.4453125,-1.9774802861251226,0.7418260199076572,20,0.6666666666666666,379,0.44327176781002636,1.1247848233519973,6.8597576530735385,0.018099624414442055,-4.368886634899078,0.35883905013192613,348,0.4339080459770115,-4.368886634899078,0.6000202525314884,19,0.6470588235294118
SPXW,"d65ret,d80,d80_front",0.0,1,score_desc,d65ret,21,4,0,False,False,False,False,False,-13.963164716894862,18.222881983808435,-13.963164716894862,110,0.4636363636363636,1.390119145706684,6.185471193318922,0.05623155630289929,-2.3999999999999986,0.20909090909090908,102,0.46078431372549017,-2.3999999999999986,0.5658420984613808,0,0.6666666666666666,133,0.43609022556390975,1.1564789913381186,3.3799104686456714,0.02541286066650881,-1.9774802861251226,0.19548872180451127,128,0.4453125,-1.9774802861251226,0.7418260199076572,20,0.6666666666666666,379,0.44327176781002636,1.1247848233519973,6.8597576530735385,0.018099624414442055,-4.368886634899078,0.35883905013192613,348,0.4339080459770115,-4.368886634899078,0.6000202525314884,19,0.6470588235294118
SPXW,"d65ret,d80,d80_front",-999999.0,1,score_desc,d65ret,21,3,0,False,False,False,False,False,-13.963164716894862,18.222881983808435,-13.963164716894862,110,0.4636363636363636,1.390119145706684,6.185471193318922,0.05623155630289929,-2.3999999999999986,0.20909090909090908,102,0.46078431372549017,-2.3999999999999986,0.5658420984613808,0,0.6666666666666666,133,0.43609022556390975,1.1564789913381186,3.3799104686456714,0.02541286066650881,-1.9774802861251226,0.19548872180451127,128,0.4453125,-1.9774802861251226,0.7418260199076572,20,0.6666666666666666,381,0.4409448818897638,1.1214744085957133,6.697486976899258,0.017578705976113537,-4.36888663489908,0.3569553805774278,350,0.43142857142857144,-4.36888663489908,0.6145578981338431,19,0.6470588235294118
SPXW,"d65ret,d80,d80_front",-999999.0,1,score_desc,d65ret,21,4,0,False,False,False,False,False,-13.963164716894862,18.222881983808435,-13.963164716894862,110,0.4636363636363636,1.390119145706684,6.185471193318922,0.05623155630289929,-2.3999999999999986,0.20909090909090908,102,0.46078431372549017,-2.3999999999999986,0.5658420984613808,0,0.6666666666666666,133,0.43609022556390975,1.1564789913381186,3.3799104686456714,0.02541286066650881,-1.9774802861251226,0.19548872180451127,128,0.4453125,-1.9774802861251226,0.7418260199076572,20,0.6666666666666666,381,0.4409448818897638,1.1214744085957133,6.697486976899258,0.017578705976113537,-4.36888663489908,0.3569553805774278,350,0.43142857142857144,-4.36888663489908,0.6145578981338431,19,0.6470588235294118
SPXW,"d65ret,d80,d80_front",0.0,1,score_desc,d65ret,21,3,15,False,False,False,False,False,-13.963164716894862,18.222881983808435,-13.963164716894862,110,0.4636363636363636,1.390119145706684,6.185471193318922,0.05623155630289929,-2.3999999999999986,0.20909090909090908,102,0.46078431372549017,-2.3999999999999986,0.5658420984613808,0,0.6666666666666666,133,0.43609022556390975,1.1564789913381186,3.3799104686456714,0.02541286066650881,-1.9774802861251226,0.19548872180451127,128,0.4453125,-1.9774802861251226,0.7418260199076572,20,0.6666666666666666,377,0.4403183023872679,1.107571861308342,5.913514793251144,0.0156857156319659,-4.868886634899079,0.363395225464191,348,0.4281609195402299,-4.868886634899077,0.7510065933089298,19,0.6470588235294118
SPXW,"d65ret,d80,d80_front",0.0,1,score_desc,d65ret,21,4,15,False,False,False,False,False,-13.963164716894862,18.222881983808435,-13.963164716894862,110,0.4636363636363636,1.390119145706684,6.185471193318922,0.05623155630289929,-2.3999999999999986,0.20909090909090908,102,0.46078431372549017,-2.3999999999999986,0.5658420984613808,0,0.6666666666666666,133,0.43609022556390975,1.1564789913381186,3.3799104686456714,0.02541286066650881,-1.9774802861251226,0.19548872180451127,128,0.4453125,-1.9774802861251226,0.7418260199076572,20,0.6666666666666666,377,0.4403183023872679,1.107571861308342,5.913514793251144,0.0156857156319659,-4.868886634899079,0.363395225464191,348,0.4281609195402299,-4.868886634899077,0.7510065933089298,19,0.6470588235294118
SPXW,"d65ret,d80,d80_front",-999999.0,1,score_desc,d65ret,21,3,15,False,False,False,False,False,-13.963164716894862,18.222881983808435,-13.963164716894862,110,0.4636363636363636,1.390119145706684,6.185471193318922,0.05623155630289929,-2.3999999999999986,0.20909090909090908,102,0.46078431372549017,-2.3999999999999986,0.5658420984613808,0,0.6666666666666666,133,0.43609022556390975,1.1564789913381186,3.3799104686456714,0.02541286066650881,-1.9774802861251226,0.19548872180451127,128,0.4453125,-1.9774802861251226,0.7418260199076572,20,0.6666666666666666,379,0.43799472295514513,1.104312106947154,5.751244117076862,0.015174786588593303,-4.868886634899076,0.36147757255936674,350,0.4257142857142857,-4.868886634899078,0.7721961559890694,19,0.6470588235294118
SPXW,"d65ret,d80,d80_front",-999999.0,1,score_desc,d65ret,21,4,15,False,False,False,False,False,-13.963164716894862,18.222881983808435,-13.963164716894862,110,0.4636363636363636,1.390119145706684,6.185471193318922,0.05623155630289929,-2.3999999999999986,0.20909090909090908,102,0.46078431372549017,-2.3999999999999986,0.5658420984613808,0,0.6666666666666666,133,0.43609022556390975,1.1564789913381186,3.3799104686456714,0.02541286066650881,-1.9774802861251226,0.19548872180451127,128,0.4453125,-1.9774802861251226,0.7418260199076572,20,0.6666666666666666,379,0.43799472295514513,1.104312106947154,5.751244117076862,0.015174786588593303,-4.868886634899076,0.36147757255936674,350,0.4257142857142857,-4.868886634899078,0.7721961559890694,19,0.6470588235294118
SPXW,"d65ret,d80,d80_front",0.0,1,score_desc,d65ret,21,3,30,False,False,False,False,False,-13.963164716894862,18.222881983808435,-13.963164716894862,110,0.4636363636363636,1.390119145706684,6.185471193318922,0.05623155630289929,-2.3999999999999986,0.20909090909090908,102,0.46078431372549017,-2.3999999999999986,0.5658420984613808,0,0.6666666666666666,133,0.43609022556390975,1.1564789913381186,3.3799104686456714,0.02541286066650881,-1.9774802861251226,0.19548872180451127,128,0.4453125,-1.9774802861251226,0.7418260199076572,20,0.6666666666666666,377,0.4376657824933687,1.1004500746675605,5.552146032576356,0.014727177805242325,-4.868886634899076,0.3660477453580902,348,0.4281609195402299,-4.868886634899076,0.7998868497521685,19,0.6470588235294118
SPXW,"d65ret,d80,d80_front",0.0,1,score_desc,d65ret,21,4,30,False,False,False,False,False,-13.963164716894862,18.222881983808435,-13.963164716894862,110,0.4636363636363636,1.390119145706684,6.185471193318922,0.05623155630289929,-2.3999999999999986,0.20909090909090908,102,0.46078431372549017,-2.3999999999999986,0.5658420984613808,0,0.6666666666666666,133,0.43609022556390975,1.1564789913381186,3.3799104686456714,0.02541286066650881,-1.9774802861251226,0.19548872180451127,128,0.4453125,-1.9774802861251226,0.7418260199076572,20,0.6666666666666666,377,0.4376657824933687,1.1004500746675605,5.552146032576356,0.014727177805242325,-4.868886634899076,0.3660477453580902,348,0.4281609195402299,-4.868886634899076,0.7998868497521685,19,0.6470588235294118
SPXW,"d65ret,d80,d80_front",-999999.0,1,score_desc,d65ret,21,3,30,False,False,False,False,False,-13.963164716894862,18.222881983808435,-13.963164716894862,110,0.4636363636363636,1.390119145706684,6.185471193318922,0.05623155630289929,-2.3999999999999986,0.20909090909090908,102,0.46078431372549017,-2.3999999999999986,0.5658420984613808,0,0.6666666666666666,133,0.43609022556390975,1.1564789913381186,3.3799104686456714,0.02541286066650881,-1.9774802861251226,0.19548872180451127,128,0.4453125,-1.9774802861251226,0.7418260199076572,20,0.6666666666666666,379,0.43535620052770446,1.0972288083532906,5.389875356402074,0.014221307008976449,-4.868886634899076,0.3641160949868074,350,0.4257142857142857,-4.868886634899076,0.8239687016298798,19,0.6470588235294118
SPXW,"d65ret,d80,d80_front",-999999.0,1,score_desc,d65ret,21,4,30,False,False,False,False,False,-13.963164716894862,18.222881983808435,-13.963164716894862,110,0.4636363636363636,1.390119145706684,6.185471193318922,0.05623155630289929,-2.3999999999999986,0.20909090909090908,102,0.46078431372549017,-2.3999999999999986,0.5658420984613808,0,0.6666666666666666,133,0.43609022556390975,1.1564789913381186,3.3799104686456714,0.02541286066650881,-1.9774802861251226,0.19548872180451127,128,0.4453125,-1.9774802861251226,0.7418260199076572,20,0.6666666666666666,379,0.43535620052770446,1.0972288083532906,5.389875356402074,0.014221307008976449,-4.868886634899076,0.3641160949868074,350,0.4257142857142857,-4.868886634899076,0.8239687016298798,19,0.6470588235294118
SPXW,"d65ret,d80,d80_front",0.0,1,score_desc,d65ret,21,2,0,False,False,False,False,False,-13.963164716894866,18.222881983808435,-13.963164716894866,110,0.4636363636363636,1.390119145706684,6.1854711933189215,0.056231556302899284,-2.3999999999999986,0.20909090909090908,102,0.47058823529411764,-2.3999999999999986,0.5658420984613809,0,0.6666666666666666,133,0.43609022556390975,1.1564789913381186,3.3799104686456714,0.02541286066650881,-1.9774802861251226,0.19548872180451127,128,0.4453125,-1.9774802861251226,0.7418260199076572,20,0.6666666666666666,379,0.44327176781002636,1.1247848233519973,6.8597576530735385,0.018099624414442055,-4.368886634899078,0.35883905013192613,348,0.4339080459770115,-4.368886634899078,0.6000202525314884,19,0.6470588235294118
SPXW,"d65ret,d80,d80_front",-999999.0,1,score_desc,d65ret,21,2,0,False,False,False,False,False,-13.963164716894866,18.222881983808435,-13.963164716894866,110,0.4636363636363636,1.390119145706684,6.1854711933189215,0.056231556302899284,-2.3999999999999986,0.20909090909090908,102,0.47058823529411764,-2.3999999999999986,0.5658420984613809,0,0.6666666666666666,133,0.43609022556390975,1.1564789913381186,3.3799104686456714,0.02541286066650881,-1.9774802861251226,0.19548872180451127,128,0.4453125,-1.9774802861251226,0.7418260199076572,20,0.6666666666666666,381,0.4409448818897638,1.1214744085957133,6.697486976899258,0.017578705976113537,-4.36888663489908,0.3569553805774278,350,0.43142857142857144,-4.36888663489908,0.6145578981338431,19,0.6470588235294118
SPXW,"d65ret,d80,d80_front",0.0,1,score_desc,d65ret,21,2,15,False,False,False,False,False,-13.963164716894866,18.222881983808435,-13.963164716894866,110,0.4636363636363636,1.390119145706684,6.1854711933189215,0.056231556302899284,-2.3999999999999986,0.20909090909090908,102,0.47058823529411764,-2.3999999999999986,0.5658420984613809,0,0.6666666666666666,133,0.43609022556390975,1.1564789913381186,3.3799104686456714,0.02541286066650881,-1.9774802861251226,0.19548872180451127,128,0.4453125,-1.9774802861251226,0.7418260199076572,20,0.6666666666666666,377,0.4403183023872679,1.107571861308342,5.913514793251144,0.0156857156319659,-4.868886634899079,0.363395225464191,348,0.4281609195402299,-4.868886634899077,0.7510065933089298,19,0.6470588235294118
SPXW,"d65ret,d80,d80_front",-999999.0,1,score_desc,d65ret,21,2,15,False,False,False,False,False,-13.963164716894866,18.222881983808435,-13.963164716894866,110,0.4636363636363636,1.390119145706684,6.1854711933189215,0.056231556302899284,-2.3999999999999986,0.20909090909090908,102,0.47058823529411764,-2.3999999999999986,0.5658420984613809,0,0.6666666666666666,133,0.43609022556390975,1.1564789913381186,3.3799104686456714,0.02541286066650881,-1.9774802861251226,0.19548872180451127,128,0.4453125,-1.9774802861251226,0.7418260199076572,20,0.6666666666666666,379,0.43799472295514513,1.104312106947154,5.751244117076862,0.015174786588593303,-4.868886634899076,0.36147757255936674,350,0.4257142857142857,-4.868886634899078,0.7721961559890694,19,0.6470588235294118
SPXW,"d65ret,d80,d80_front",0.0,1,score_desc,d65ret,21,2,30,False,False,False,False,False,-13.963164716894866,18.222881983808435,-13.963164716894866,110,0.4636363636363636,1.390119145706684,6.1854711933189215,0.056231556302899284,-2.3999999999999986,0.20909090909090908,102,0.47058823529411764,-2.3999999999999986,0.5658420984613809,0,0.6666666666666666,133,0.43609022556390975,1.1564789913381186,3.3799104686456714,0.02541286066650881,-1.9774802861251226,0.19548872180451127,128,0.4453125,-1.9774802861251226,0.7418260199076572,20,0.6666666666666666,377,0.4376657824933687,1.1004500746675605,5.552146032576356,0.014727177805242325,-4.868886634899076,0.3660477453580902,348,0.4281609195402299,-4.868886634899076,0.7998868497521685,19,0.6470588235294118
SPXW,"d65ret,d80,d80_front",-999999.0,1,score_desc,d65ret,21,2,30,False,False,False,False,False,-13.963164716894866,18.222881983808435,-13.963164716894866,110,0.4636363636363636,1.390119145706684,6.1854711933189215,0.056231556302899284,-2.3999999999999986,0.20909090909090908,102,0.47058823529411764,-2.3999999999999986,0.5658420984613809,0,0.6666666666666666,133,0.43609022556390975,1.1564789913381186,3.3799104686456714,0.02541286066650881,-1.9774802861251226,0.19548872180451127,128,0.4453125,-1.9774802861251226,0.7418260199076572,20,0.6666666666666666,379,0.43535620052770446,1.0972288083532906,5.389875356402074,0.014221307008976449,-4.868886634899076,0.3641160949868074,350,0.4257142857142857,-4.868886634899076,0.8239687016298798,19,0.6470588235294118
SPXW,"d80,d80_front",0.0,1,score_desc,d65ret,21,3,15,False,False,False,False,False,-13.966026020874992,23.094442568889697,-13.966026020874992,108,0.48148148148148145,1.3970226706250126,5.177851959513422,0.047943073699198355,-2.016069374745981,0.18518518518518517,100,0.5,-2.016069374745981,0.579390840730394,0,0.6666666666666666,133,0.46616541353383456,1.323319505674016,6.130911314229699,0.04609707755059924,-1.9774802861251226,0.13533834586466165,124,0.47580645161290325,-1.9774802861251226,0.6101260232120603,20,0.8333333333333334,379,0.46174142480211083,1.1854006653968328,8.942729391320212,0.0235955920615309,-5.077481401249935,0.40633245382585753,342,0.45614035087719296,-5.077481401249937,0.4734197837958441,19,0.5882352941176471
SPXW,"d80,d80_front",0.0,1,score_desc,d65ret,21,4,15,False,False,False,False,False,-13.966026020874992,23.094442568889697,-13.966026020874992,108,0.48148148148148145,1.3970226706250126,5.177851959513422,0.047943073699198355,-2.016069374745981,0.18518518518518517,100,0.5,-2.016069374745981,0.579390840730394,0,0.6666666666666666,133,0.46616541353383456,1.323319505674016,6.130911314229699,0.04609707755059924,-1.9774802861251226,0.13533834586466165,124,0.47580645161290325,-1.9774802861251226,0.6101260232120603,20,0.8333333333333334,379,0.46174142480211083,1.1854006653968328,8.942729391320212,0.0235955920615309,-5.077481401249935,0.40633245382585753,342,0.45614035087719296,-5.077481401249937,0.4734197837958441,19,0.5882352941176471
SPXW,"d80,d80_front",0.0,1,score_desc,d65ret,21,2,15,False,False,False,False,False,-13.966026020874992,23.094442568889697,-13.966026020874992,108,0.48148148148148145,1.3970226706250126,5.177851959513422,0.047943073699198355,-2.016069374745981,0.18518518518518517,100,0.5,-2.016069374745981,0.579390840730394,0,0.6666666666666666,133,0.46616541353383456,1.323319505674016,6.130911314229699,0.04609707755059924,-1.9774802861251226,0.13533834586466165,124,0.47580645161290325,-1.9774802861251226,0.6101260232120603,20,0.8333333333333334,379,0.45910290237467016,1.1773686064048403,8.608516714178547,0.022713764417357646,-5.077481401249935,0.40369393139841686,342,0.45321637426900585,-5.077481401249937,0.4917995928393275,19,0.5882352941176471
SPXW,"d50ret,d65ret,d80_front",0.0,1,score_desc,d65win,22,2,30,False,False,False,False,False,-13.984757849430252,-8.090409050138467,-13.984757849430252,114,0.45614035087719296,1.400175924249408,6.349875537258389,0.055700662607529726,-2.4732483842357498,0.20175438596491227,103,0.46601941747572817,-2.4732483842357498,0.5452573196177287,0,0.6666666666666666,139,0.4172661870503597,0.9843156324197685,-0.3368318557211638,-0.0024232507605839123,-3.7102202106810798,0.2589928057553957,128,0.40625,-3.71022021068108,-8.904436716753613,22,0.5,387,0.4263565891472868,1.043631963067975,2.317802341768268,0.005989153337902501,-2.9230890974917547,0.3695090439276486,343,0.40816326530612246,-2.923089097491755,1.8951205986574782,19,0.5294117647058824
SPXW,"d50ret,d65ret,d80_front",-999999.0,1,score_desc,d65win,22,2,30,False,False,False,False,False,-13.984757849430252,-8.090409050138467,-13.984757849430252,114,0.45614035087719296,1.400175924249408,6.349875537258389,0.055700662607529726,-2.4732483842357498,0.20175438596491227,103,0.46601941747572817,-2.4732483842357498,0.5452573196177287,0,0.6666666666666666,139,0.4172661870503597,0.9843156324197685,-0.3368318557211638,-0.0024232507605839123,-3.7102202106810798,0.2589928057553957,128,0.40625,-3.71022021068108,-8.904436716753613,22,0.5,390,0.4230769230769231,1.0217123952711702,1.1690095756811667,0.00299746045046453,-2.7612119933432924,0.3641025641025641,350,0.4085714285714286,-2.7612119933432924,3.3042614021018357,21,0.4117647058823529
SPXW,"d50ret,d65ret,d80",-999999.0,1,score_desc,d65win,21,3,15,False,False,False,False,False,-13.989892583722238,17.514894351070904,-13.989892583722238,111,0.46846846846846846,1.3772886678062473,6.130161540310103,0.05522668054333426,-2.3999999999999986,0.22522522522522523,102,0.4803921568627451,-2.3999999999999986,0.4832362240166744,0,0.6666666666666666,137,0.44525547445255476,1.1386684242664316,3.068257865925217,0.022396042816972387,-3.1086903192191104,0.2116788321167883,128,0.421875,-3.1086903192191113,0.9861320934820164,21,0.3333333333333333,381,0.4094488188976378,1.0319437502104996,1.8929326339266292,0.004968327123167006,-4.688809638626956,0.3569553805774278,349,0.4040114613180516,-4.688809638626956,1.9740184843851387,20,0.4117647058823529
SPXW,"d50ret,d65ret,d80",-999999.0,1,score_desc,d65win,21,4,15,False,False,False,False,False,-13.989892583722238,17.514894351070904,-13.989892583722238,111,0.46846846846846846,1.3772886678062473,6.130161540310103,0.05522668054333426,-2.3999999999999986,0.22522522522522523,102,0.4803921568627451,-2.3999999999999986,0.4832362240166744,0,0.6666666666666666,137,0.44525547445255476,1.1386684242664316,3.068257865925217,0.022396042816972387,-3.1086903192191104,0.2116788321167883,128,0.421875,-3.1086903192191113,0.9861320934820164,21,0.3333333333333333,381,0.4094488188976378,1.0319437502104996,1.8929326339266292,0.004968327123167006,-4.688809638626956,0.3569553805774278,349,0.4040114613180516,-4.688809638626956,1.9740184843851387,20,0.4117647058823529
SPXW,"d50ret,d65ret,d80",0.0,1,score_desc,d65win,21,3,15,False,False,False,False,False,-13.989892583722238,17.514894351070904,-13.989892583722238,111,0.46846846846846846,1.3772886678062473,6.130161540310103,0.05522668054333426,-2.3999999999999986,0.22522522522522523,102,0.4803921568627451,-2.3999999999999986,0.4832362240166744,0,0.6666666666666666,137,0.44525547445255476,1.1386684242664316,3.068257865925217,0.022396042816972387,-3.1086903192191104,0.2116788321167883,128,0.421875,-3.1086903192191113,0.9861320934820164,21,0.3333333333333333,380,0.39473684210526316,1.0015491542164388,0.09281966468022654,0.00024426227547428035,-4.816760546666483,0.35526315789473684,344,0.38953488372093026,-4.816760546666483,40.25746076480971,19,0.4117647058823529
SPXW,"d50ret,d65ret,d80",0.0,1,score_desc,d65win,21,4,15,False,False,False,False,False,-13.989892583722238,17.514894351070904,-13.989892583722238,111,0.46846846846846846,1.3772886678062473,6.130161540310103,0.05522668054333426,-2.3999999999999986,0.22522522522522523,102,0.4803921568627451,-2.3999999999999986,0.4832362240166744,0,0.6666666666666666,137,0.44525547445255476,1.1386684242664316,3.068257865925217,0.022396042816972387,-3.1086903192191104,0.2116788321167883,128,0.421875,-3.1086903192191113,0.9861320934820164,21,0.3333333333333333,380,0.39473684210526316,1.0015491542164388,0.09281966468022654,0.00024426227547428035,-4.816760546666483,0.35526315789473684,344,0.38953488372093026,-4.816760546666483,40.25746076480971,19,0.4117647058823529
SPXW,"d65ret,d80_zero",-999999.0,1,score_desc,d65win,22,3,15,False,False,False,False,False,-13.99370559600242,12.908729001535054,-13.99370559600242,115,0.4608695652173913,1.3981514380281455,6.482226093064983,0.05636718341795637,-2.747984285776179,0.19130434782608696,103,0.4563106796116505,-2.7479842857761785,0.5405691783278053,0,0.6666666666666666,137,0.41605839416058393,1.0075987028233744,0.16530269173151968,0.0012065889907410196,-2.92772996208995,0.24087591240875914,123,0.4146341463414634,-2.6775725194709836,20.059696849424533,22,0.5,388,0.40463917525773196,0.9615935505509582,-2.2178417019186183,-0.0057160868606149955,-4.404062924657616,0.44072164948453607,345,0.4,-4.404062924657616,-1.3830550492746234,21,0.47058823529411764
SPXW,"d65ret,d80_zero",-999999.0,1,score_desc,d65win,22,4,15,False,False,False,False,False,-13.99370559600242,12.908729001535054,-13.99370559600242,115,0.4608695652173913,1.3981514380281455,6.482226093064983,0.05636718341795637,-2.747984285776179,0.19130434782608696,103,0.4563106796116505,-2.7479842857761785,0.5405691783278053,0,0.6666666666666666,137,0.41605839416058393,1.0075987028233744,0.16530269173151968,0.0012065889907410196,-2.92772996208995,0.24087591240875914,123,0.4146341463414634,-2.6775725194709836,20.059696849424533,22,0.5,388,0.40463917525773196,0.9615935505509582,-2.2178417019186183,-0.0057160868606149955,-4.404062924657616,0.44072164948453607,345,0.4,-4.404062924657616,-1.3830550492746234,21,0.47058823529411764
SPXW,"d65ret,d80_zero",0.0,1,score_desc,d65win,22,3,15,False,False,False,False,False,-13.99370559600242,12.908729001535054,-13.99370559600242,115,0.4608695652173913,1.3981514380281455,6.482226093064983,0.05636718341795637,-2.747984285776179,0.19130434782608696,103,0.4563106796116505,-2.7479842857761785,0.5405691783278053,0,0.6666666666666666,137,0.41605839416058393,1.0075987028233744,0.16530269173151968,0.0012065889907410196,-2.92772996208995,0.24087591240875914,123,0.4146341463414634,-2.6775725194709836,20.059696849424533,22,0.5,380,0.3973684210526316,0.9357716276271324,-3.630945253741817,-0.009555119088794256,-6.008588811355361,0.41578947368421054,328,0.3871951219512195,-6.008588811355361,-1.0956466104930447,20,0.4117647058823529
SPXW,"d65ret,d80_zero",0.0,1,score_desc,d65win,22,4,15,False,False,False,False,False,-13.99370559600242,12.908729001535054,-13.99370559600242,115,0.4608695652173913,1.3981514380281455,6.482226093064983,0.05636718341795637,-2.747984285776179,0.19130434782608696,103,0.4563106796116505,-2.7479842857761785,0.5405691783278053,0,0.6666666666666666,137,0.41605839416058393,1.0075987028233744,0.16530269173151968,0.0012065889907410196,-2.92772996208995,0.24087591240875914,123,0.4146341463414634,-2.6775725194709836,20.059696849424533,22,0.5,380,0.3973684210526316,0.9357716276271324,-3.630945253741817,-0.009555119088794256,-6.008588811355361,0.41578947368421054,328,0.3871951219512195,-6.008588811355361,-1.0956466104930447,20,0.4117647058823529
SPXW,"d50ret,d80,d80_front",0.0,1,score_desc,d50ret,22,2,30,False,False,False,False,False,-14.044570512041222,23.657162145920765,-14.044570512041222,92,0.4891304347826087,1.3801206153546015,4.144786593725779,0.045052028192671505,-1.3566371440091172,0.1956521739130435,89,0.5056179775280899,-1.3566371440091172,0.6031673630156027,0,0.6666666666666666,138,0.4782608695652174,1.39707984675067,8.033051642185695,0.058210519146273156,-2.9777454259441907,0.13043478260869565,125,0.48,-2.977745425944189,0.4614632100562405,21,0.5,385,0.4597402597402597,1.2416590921442077,12.358173581816267,0.03209915216056173,-2.8044215513509503,0.34025974025974026,344,0.4622093023255814,-2.8044215513509467,0.2864613818143435,19,0.8235294117647058
SPXW,"d50ret,d80,d80_front",0.0,1,score_desc,d50ret,22,3,30,False,False,False,False,False,-14.044570512041222,24.13365473498982,-14.044570512041222,92,0.4891304347826087,1.3801206153546015,4.144786593725779,0.045052028192671505,-1.3566371440091172,0.1956521739130435,89,0.4943820224719101,-1.3566371440091172,0.6031673630156027,0,0.6666666666666666,138,0.4855072463768116,1.427939235496229,8.528965124665138,0.061804095106269115,-2.9777454259441924,0.13043478260869565,125,0.48,-2.977745425944189,0.45760197430555705,21,0.5,385,0.4597402597402597,1.232037013641458,11.932992589759465,0.030994785947427182,-2.8044215513509503,0.33766233766233766,344,0.45930232558139533,-2.8044215513509467,0.2966682040837471,19,0.8235294117647058
SPXW,"d50ret,d80,d80_front",0.0,1,score_desc,d50ret,22,4,30,False,False,False,False,False,-14.044570512041222,24.13365473498982,-14.044570512041222,92,0.4891304347826087,1.3801206153546015,4.144786593725779,0.045052028192671505,-1.3566371440091172,0.1956521739130435,89,0.4943820224719101,-1.3566371440091172,0.6031673630156027,0,0.6666666666666666,138,0.4855072463768116,1.427939235496229,8.528965124665138,0.061804095106269115,-2.9777454259441924,0.13043478260869565,125,0.48,-2.977745425944189,0.45760197430555705,21,0.5,385,0.4597402597402597,1.232037013641458,11.932992589759465,0.030994785947427182,-2.8044215513509503,0.33766233766233766,344,0.45930232558139533,-2.8044215513509467,0.2966682040837471,19,0.8235294117647058
SPXW,"d65ret,d80_front,d80_zero",0.0,1,score_desc,d80,22,2,30,False,False,False,False,False,-13.327625682625527,-14.046464720934903,-14.046464720934903,109,0.47706422018348627,1.4675788426755985,7.1633050358117245,0.06571839482396077,-2.3999999999999995,0.1926605504587156,102,0.49019607843137253,-2.3999999999999995,0.43918230911974465,0,0.5,137,0.39416058394160586,0.8968158930065986,-2.350104689725786,-0.017154048830115225,-3.708197231684813,0.21897810218978103,128,0.40625,-3.708197231684813,-1.0637823969840698,21,0.3333333333333333,383,0.4281984334203655,0.9940941068564273,-0.31211308667044513,-0.0008149166753797523,-5.649524858625472,0.3785900783289817,346,0.4190751445086705,-5.649524858625473,-14.699932308177333,20,0.4117647058823529
SPXW,"d65ret,d80_front,d80_zero",-999999.0,1,score_desc,d80,22,2,30,False,False,False,False,False,-13.327625682625527,-14.046464720934903,-14.046464720934903,109,0.47706422018348627,1.4675788426755985,7.1633050358117245,0.06571839482396077,-2.3999999999999995,0.1926605504587156,102,0.49019607843137253,-2.3999999999999995,0.43918230911974465,0,0.5,137,0.39416058394160586,0.8968158930065986,-2.350104689725786,-0.017154048830115225,-3.708197231684813,0.21897810218978103,128,0.40625,-3.708197231684813,-1.0637823969840698,21,0.3333333333333333,385,0.42337662337662335,0.9936660459142054,-0.33768197401678934,-0.000877096036407245,-5.543687311537751,0.38961038961038963,351,0.41595441595441596,-5.543687311537754,-13.385970931385918,20,0.4117647058823529
SPXW,"d65ret,d80_front,d80_zero",-999999.0,1,score_desc,d80,22,2,15,False,False,False,False,False,-13.327625682625527,-14.046464720934903,-14.046464720934903,109,0.47706422018348627,1.4675788426755985,7.1633050358117245,0.06571839482396077,-2.3999999999999995,0.1926605504587156,102,0.49019607843137253,-2.3999999999999995,0.43918230911974465,0,0.5,137,0.39416058394160586,0.8968158930065986,-2.350104689725786,-0.017154048830115225,-3.708197231684813,0.21897810218978103,128,0.40625,-3.708197231684813,-1.0637823969840698,21,0.3333333333333333,385,0.42077922077922075,0.9840314963933263,-0.8561190809318062,-0.002223685924498198,-6.06212441845277,0.3922077922077922,351,0.4188034188034188,-6.062124418452772,-5.279874247542687,20,0.4117647058823529
SPXW,"d65ret,d80_front,d80_zero",0.0,1,score_desc,d80,22,2,15,False,False,False,False,False,-13.327625682625527,-14.046464720934903,-14.046464720934903,109,0.47706422018348627,1.4675788426755985,7.1633050358117245,0.06571839482396077,-2.3999999999999995,0.1926605504587156,102,0.49019607843137253,-2.3999999999999995,0.43918230911974465,0,0.5,137,0.39416058394160586,0.8968158930065986,-2.350104689725786,-0.017154048830115225,-3.708197231684813,0.21897810218978103,128,0.40625,-3.708197231684813,-1.0637823969840698,21,0.3333333333333333,383,0.42297650130548303,0.9777247830195244,-1.1905599352782383,-0.0031085115803609355,-6.527971707233267,0.381201044386423,346,0.42196531791907516,-6.5279717072332675,-3.853683557291541,20,0.4117647058823529
SPXW,"d80,d80_front",0.0,1,score_desc,d80,22,2,0,False,False,False,False,False,-14.051522970878601,22.45472260131652,-14.051522970878601,97,0.4845360824742268,1.3840063745492504,4.354638754702282,0.044893183038167854,-2.016069374745981,0.1958762886597938,89,0.5280898876404494,-2.016069374745981,0.574100434232442,0,0.6666666666666666,136,0.4632352941176471,1.3329863022565154,6.419847190831784,0.04720475875611606,-2.277480286125122,0.10294117647058823,123,0.4796747967479675,-2.2774802861251224,0.623067789792944,20,0.6666666666666666,375,0.4693333333333333,1.2475530042763245,11.270870952383824,0.03005565587302353,-2.9683029518329977,0.4106666666666667,332,0.47289156626506024,-2.968302951832998,0.3983965522982471,11,0.7058823529411765
SPXW,"d80,d80_front",0.0,1,score_desc,d80,22,2,15,False,False,False,False,False,-14.051522970878601,22.45472260131652,-14.051522970878601,97,0.4845360824742268,1.3840063745492504,4.354638754702282,0.044893183038167854,-2.016069374745981,0.1958762886597938,89,0.5280898876404494,-2.016069374745981,0.574100434232442,0,0.6666666666666666,136,0.4632352941176471,1.3329863022565154,6.419847190831784,0.04720475875611606,-2.277480286125122,0.10294117647058823,123,0.4796747967479675,-2.2774802861251224,0.623067789792944,20,0.6666666666666666,375,0.4693333333333333,1.2475530042763245,11.270870952383824,0.03005565587302353,-2.9683029518329977,0.4106666666666667,332,0.47289156626506024,-2.968302951832998,0.3983965522982471,11,0.7058823529411765
SPXW,"d80,d80_front",0.0,1,score_desc,d80,22,2,30,False,False,False,False,False,-14.051522970878601,22.45472260131652,-14.051522970878601,97,0.4845360824742268,1.3840063745492504,4.354638754702282,0.044893183038167854,-2.016069374745981,0.1958762886597938,89,0.5280898876404494,-2.016069374745981,0.574100434232442,0,0.6666666666666666,136,0.4632352941176471,1.3329863022565154,6.419847190831784,0.04720475875611606,-2.277480286125122,0.10294117647058823,123,0.4796747967479675,-2.2774802861251224,0.623067789792944,20,0.6666666666666666,374,0.4679144385026738,1.2311170105101494,10.584214426409496,0.02830003857328742,-3.388168900440819,0.4090909090909091,332,0.46987951807228917,-3.3881689004408204,0.4242427399830581,11,0.7058823529411765
SPXW,"d65ret,d80_front",-999999.0,1,score_desc,d80_front,22,3,30,False,False,False,False,False,-14.06304284756052,-9.094772902250167,-14.06304284756052,93,0.44086021505376344,1.4621800855189866,5.67607696509384,0.06103308564617032,-1.8999999999999986,0.24731182795698925,82,0.4634146341463415,-1.8999999999999986,0.5640522051068536,0,0.6666666666666666,139,0.4316546762589928,0.9520329437046625,-0.9059981532459418,-0.0065179723255103725,-2.6735795239616245,0.2158273381294964,128,0.4296875,-2.6735795239616245,-2.7701169332465034,22,0.5,387,0.4418604651162791,0.9983195845378074,-0.08105180644468746,-0.0002094361923635335,-4.9044421260209345,0.42118863049095606,345,0.4260869565217391,-4.904442126020933,-47.55016064836911,21,0.5294117647058824
SPXW,"d65ret,d80_front",-999999.0,1,score_desc,d80_front,22,4,30,False,False,False,False,False,-14.06304284756052,-9.094772902250167,-14.06304284756052,93,0.44086021505376344,1.4621800855189866,5.67607696509384,0.06103308564617032,-1.8999999999999986,0.24731182795698925,82,0.4634146341463415,-1.8999999999999986,0.5640522051068536,0,0.6666666666666666,139,0.4316546762589928,0.9520329437046625,-0.9059981532459418,-0.0065179723255103725,-2.6735795239616245,0.2158273381294964,128,0.4296875,-2.6735795239616245,-2.7701169332465034,22,0.5,387,0.4418604651162791,0.9983195845378074,-0.08105180644468746,-0.0002094361923635335,-4.9044421260209345,0.42118863049095606,345,0.4260869565217391,-4.904442126020933,-47.55016064836911,21,0.5294117647058824
SPXW,"d65ret,d80_front",-999999.0,1,score_desc,d80_front,22,3,15,False,False,False,False,False,-14.06304284756052,-9.094772902250167,-14.06304284756052,93,0.44086021505376344,1.4621800855189866,5.67607696509384,0.06103308564617032,-1.8999999999999986,0.24731182795698925,82,0.4634146341463415,-1.8999999999999986,0.5640522051068536,0,0.6666666666666666,139,0.4316546762589928,0.9520329437046625,-0.9059981532459418,-0.0065179723255103725,-2.6735795239616245,0.2158273381294964,128,0.4296875,-2.6735795239616245,-2.7701169332465034,22,0.5,389,0.442159383033419,0.9971324054159267,-0.1396009431610472,-0.00035887131918006993,-4.704442126020937,0.42159383033419023,345,0.42318840579710143,-4.704442126020936,-29.867475733637516,21,0.5882352941176471
SPXW,"d65ret,d80_front",-999999.0,1,score_desc,d80_front,22,4,15,False,False,False,False,False,-14.06304284756052,-9.094772902250167,-14.06304284756052,93,0.44086021505376344,1.4621800855189866,5.67607696509384,0.06103308564617032,-1.8999999999999986,0.24731182795698925,82,0.4634146341463415,-1.8999999999999986,0.5640522051068536,0,0.6666666666666666,139,0.4316546762589928,0.9520329437046625,-0.9059981532459418,-0.0065179723255103725,-2.6735795239616245,0.2158273381294964,128,0.4296875,-2.6735795239616245,-2.7701169332465034,22,0.5,389,0.442159383033419,0.9971324054159267,-0.1396009431610472,-0.00035887131918006993,-4.704442126020937,0.42159383033419023,345,0.42318840579710143,-4.704442126020936,-29.867475733637516,21,0.5882352941176471
SPXW,"d65ret,d80_front",0.0,1,score_desc,d80_front,22,3,30,False,False,False,False,False,-14.06304284756052,-9.094772902250167,-14.06304284756052,93,0.44086021505376344,1.4621800855189866,5.67607696509384,0.06103308564617032,-1.8999999999999986,0.24731182795698925,82,0.4634146341463415,-1.8999999999999986,0.5640522051068536,0,0.6666666666666666,139,0.4316546762589928,0.9520329437046625,-0.9059981532459418,-0.0065179723255103725,-2.6735795239616245,0.2158273381294964,128,0.4296875,-2.6735795239616245,-2.7701169332465034,22,0.5,385,0.44155844155844154,0.9924368883268411,-0.36252093678689823,-0.0009416128228231123,-4.806770496597896,0.41818181818181815,341,0.4222873900293255,-4.806770496597897,-10.914875064446198,19,0.5294117647058824
SPXW,"d65ret,d80_front",0.0,1,score_desc,d80_front,22,4,30,False,False,False,False,False,-14.06304284756052,-9.094772902250167,-14.06304284756052,93,0.44086021505376344,1.4621800855189866,5.67607696509384,0.06103308564617032,-1.8999999999999986,0.24731182795698925,82,0.4634146341463415,-1.8999999999999986,0.5640522051068536,0,0.6666666666666666,139,0.4316546762589928,0.9520329437046625,-0.9059981532459418,-0.0065179723255103725,-2.6735795239616245,0.2158273381294964,128,0.4296875,-2.6735795239616245,-2.7701169332465034,22,0.5,385,0.44155844155844154,0.9924368883268411,-0.36252093678689823,-0.0009416128228231123,-4.806770496597896,0.41818181818181815,341,0.4222873900293255,-4.806770496597897,-10.914875064446198,19,0.5294117647058824
SPXW,"d65ret,d80_front",0.0,1,score_desc,d80_front,22,3,15,False,False,False,False,False,-14.06304284756052,-9.094772902250167,-14.06304284756052,93,0.44086021505376344,1.4621800855189866,5.67607696509384,0.06103308564617032,-1.8999999999999986,0.24731182795698925,82,0.4634146341463415,-1.8999999999999986,0.5640522051068536,0,0.6666666666666666,139,0.4316546762589928,0.9520329437046625,-0.9059981532459418,-0.0065179723255103725,-2.6735795239616245,0.2158273381294964,128,0.4296875,-2.6735795239616245,-2.7701169332465034,22,0.5,387,0.4418604651162791,0.9912969371976298,-0.4210700735032584,-0.0010880363656414946,-4.606770496597899,0.4186046511627907,341,0.41935483870967744,-4.606770496597899,-10.095745470296432,19,0.5294117647058824
SPXW,"d65ret,d80_front",0.0,1,score_desc,d80_front,22,4,15,False,False,False,False,False,-14.06304284756052,-9.094772902250167,-14.06304284756052,93,0.44086021505376344,1.4621800855189866,5.67607696509384,0.06103308564617032,-1.8999999999999986,0.24731182795698925,82,0.4634146341463415,-1.8999999999999986,0.5640522051068536,0,0.6666666666666666,139,0.4316546762589928,0.9520329437046625,-0.9059981532459418,-0.0065179723255103725,-2.6735795239616245,0.2158273381294964,128,0.4296875,-2.6735795239616245,-2.7701169332465034,22,0.5,387,0.4418604651162791,0.9912969371976298,-0.4210700735032584,-0.0010880363656414946,-4.606770496597899,0.4186046511627907,341,0.41935483870967744,-4.606770496597899,-10.095745470296432,19,0.5294117647058824
SPXW,"d65ret,d80_front",-999999.0,1,score_desc,d80_front,22,2,30,False,False,False,False,False,-14.06304284756052,-9.094772902250167,-14.06304284756052,93,0.44086021505376344,1.4621800855189866,5.67607696509384,0.06103308564617032,-1.8999999999999986,0.24731182795698925,82,0.4634146341463415,-1.8999999999999986,0.5640522051068536,0,0.6666666666666666,139,0.4316546762589928,0.9520329437046625,-0.9059981532459418,-0.0065179723255103725,-2.6735795239616245,0.2158273381294964,128,0.4296875,-2.6735795239616245,-2.7701169332465034,22,0.5,387,0.4392764857881137,0.9863373447462169,-0.6562809964979124,-0.0016958165284183782,-5.04443238432816,0.42377260981912146,345,0.4289855072463768,-5.04443238432816,-5.269250915510993,21,0.47058823529411764
SPXW,"d65ret,d80_front",-999999.0,1,score_desc,d80_front,22,2,15,False,False,False,False,False,-14.06304284756052,-9.094772902250167,-14.06304284756052,93,0.44086021505376344,1.4621800855189866,5.67607696509384,0.06103308564617032,-1.8999999999999986,0.24731182795698925,82,0.4634146341463415,-1.8999999999999986,0.5640522051068536,0,0.6666666666666666,139,0.4316546762589928,0.9520329437046625,-0.9059981532459418,-0.0065179723255103725,-2.6735795239616245,0.2158273381294964,128,0.4296875,-2.6735795239616245,-2.7701169332465034,22,0.5,389,0.43958868894601544,0.9859178065635856,-0.6827569863959497,-0.0017551593480615675,-4.844432384328162,0.4241645244215938,345,0.4260869565217391,-4.8444323843281625,-5.633733749804725,21,0.5294117647058824
SPXW,"d65ret,d80_front",-999999.0,1,score_desc,d80_front,22,3,0,False,False,False,False,False,-14.06304284756052,-9.094772902250167,-14.06304284756052,93,0.44086021505376344,1.4621800855189866,5.67607696509384,0.06103308564617032,-1.8999999999999986,0.24731182795698925,82,0.4634146341463415,-1.8999999999999986,0.5640522051068536,0,0.6666666666666666,139,0.4316546762589928,0.9520329437046625,-0.9059981532459418,-0.0065179723255103725,-2.6735795239616245,0.2158273381294964,128,0.4296875,-2.6735795239616245,-2.7701169332465034,22,0.5,390,0.4358974358974359,0.9852461226620325,-0.7338849643788112,-0.001881756318920029,-4.9025813971610654,0.4153846153846154,345,0.41739130434782606,-4.9025813971610654,-5.652346311209,21,0.47058823529411764
SPXW,"d65ret,d80_front",-999999.0,1,score_desc,d80_front,22,4,0,False,False,False,False,False,-14.06304284756052,-9.094772902250167,-14.06304284756052,93,0.44086021505376344,1.4621800855189866,5.67607696509384,0.06103308564617032,-1.8999999999999986,0.24731182795698925,82,0.4634146341463415,-1.8999999999999986,0.5640522051068536,0,0.6666666666666666,139,0.4316546762589928,0.9520329437046625,-0.9059981532459418,-0.0065179723255103725,-2.6735795239616245,0.2158273381294964,128,0.4296875,-2.6735795239616245,-2.7701169332465034,22,0.5,390,0.4358974358974359,0.9852461226620325,-0.7338849643788112,-0.001881756318920029,-4.9025813971610654,0.4153846153846154,345,0.41739130434782606,-4.9025813971610654,-5.652346311209,21,0.47058823529411764
SPXW,"d65ret,d80_front",0.0,1,score_desc,d80_front,22,3,0,False,False,False,False,False,-14.06304284756052,-9.094772902250167,-14.06304284756052,93,0.44086021505376344,1.4621800855189866,5.67607696509384,0.06103308564617032,-1.8999999999999986,0.24731182795698925,82,0.4634146341463415,-1.8999999999999986,0.5640522051068536,0,0.6666666666666666,139,0.4316546762589928,0.9520329437046625,-0.9059981532459418,-0.0065179723255103725,-2.6735795239616245,0.2158273381294964,128,0.4296875,-2.6735795239616245,-2.7701169332465034,22,0.5,387,0.4392764857881137,0.9843658521434879,-0.7704374785956545,-0.0019907945183350244,-4.570349929972696,0.4134366925064599,339,0.415929203539823,-4.570349929972698,-5.531108213187564,19,0.4117647058823529
SPXW,"d65ret,d80_front",0.0,1,score_desc,d80_front,22,4,0,False,False,False,False,False,-14.06304284756052,-9.094772902250167,-14.06304284756052,93,0.44086021505376344,1.4621800855189866,5.67607696509384,0.06103308564617032,-1.8999999999999986,0.24731182795698925,82,0.4634146341463415,-1.8999999999999986,0.5640522051068536,0,0.6666666666666666,139,0.4316546762589928,0.9520329437046625,-0.9059981532459418,-0.0065179723255103725,-2.6735795239616245,0.2158273381294964,128,0.4296875,-2.6735795239616245,-2.7701169332465034,22,0.5,387,0.4392764857881137,0.9843658521434879,-0.7704374785956545,-0.0019907945183350244,-4.570349929972696,0.4134366925064599,339,0.415929203539823,-4.570349929972698,-5.531108213187564,19,0.4117647058823529
SPXW,"d65ret,d80_front",-999999.0,1,score_desc,d80_front,22,2,0,False,False,False,False,False,-14.06304284756052,-9.094772902250167,-14.06304284756052,93,0.44086021505376344,1.4621800855189866,5.67607696509384,0.06103308564617032,-1.8999999999999986,0.24731182795698925,82,0.4634146341463415,-1.8999999999999986,0.5640522051068536,0,0.6666666666666666,139,0.4316546762589928,0.9520329437046625,-0.9059981532459418,-0.0065179723255103725,-2.6735795239616245,0.2158273381294964,128,0.4296875,-2.6735795239616245,-2.7701169332465034,22,0.5,390,0.43333333333333335,0.9822420494829895,-0.8805601443802207,-0.002257846524051848,-4.721862531833542,0.41794871794871796,345,0.42028985507246375,-4.721862531833543,-4.368209374137815,21,0.47058823529411764
SPXW,"d65ret,d80_front",0.0,1,score_desc,d80_front,22,2,0,False,False,False,False,False,-14.06304284756052,-9.094772902250167,-14.06304284756052,93,0.44086021505376344,1.4621800855189866,5.67607696509384,0.06103308564617032,-1.8999999999999986,0.24731182795698925,82,0.4634146341463415,-1.8999999999999986,0.5640522051068536,0,0.6666666666666666,139,0.4316546762589928,0.9520329437046625,-0.9059981532459418,-0.0065179723255103725,-2.6735795239616245,0.2158273381294964,128,0.4296875,-2.6735795239616245,-2.7701169332465034,22,0.5,387,0.43669250645994834,0.9813307062833512,-0.9171126585970644,-0.002369800151413603,-4.389631064645174,0.4160206718346253,339,0.41887905604719766,-4.389631064645174,-4.317541726640958,19,0.4117647058823529
SPXW,"d65ret,d80_front",0.0,1,score_desc,d80_front,22,2,30,False,False,False,False,False,-14.06304284756052,-9.094772902250167,-14.06304284756052,93,0.44086021505376344,1.4621800855189866,5.67607696509384,0.06103308564617032,-1.8999999999999986,0.24731182795698925,82,0.4634146341463415,-1.8999999999999986,0.5640522051068536,0,0.6666666666666666,139,0.4316546762589928,0.9520329437046625,-0.9059981532459418,-0.0065179723255103725,-2.6735795239616245,0.2158273381294964,128,0.4296875,-2.6735795239616245,-2.7701169332465034,22,0.5,385,0.43896103896103894,0.9803547702510472,-0.9377501268401232,-0.002435714615169151,-4.946760754905122,0.42077922077922075,341,0.4252199413489736,-4.946760754905123,-3.84083219856399,19,0.47058823529411764
SPXW,"d65ret,d80_front",0.0,1,score_desc,d80_front,22,2,15,False,False,False,False,False,-14.06304284756052,-9.094772902250167,-14.06304284756052,93,0.44086021505376344,1.4621800855189866,5.67607696509384,0.06103308564617032,-1.8999999999999986,0.24731182795698925,82,0.4634146341463415,-1.8999999999999986,0.5640522051068536,0,0.6666666666666666,139,0.4316546762589928,0.9520329437046625,-0.9059981532459418,-0.0065179723255103725,-2.6735795239616245,0.2158273381294964,128,0.4296875,-2.6735795239616245,-2.7701169332465034,22,0.5,387,0.4392764857881137,0.9799883716688995,-0.9642261167381605,-0.00249154035332858,-4.746760754905124,0.42118863049095606,341,0.4222873900293255,-4.746760754905125,-4.095839476453286,19,0.47058823529411764
SPXW,"d50ret,d65ret,d80",-999999.0,1,score_desc,d50ret,22,2,15,False,False,False,False,False,-14.082170362603048,16.51884646257544,-14.082170362603048,105,0.45714285714285713,1.3900077301744271,6.179315170483868,0.05885062067127493,-2.3999999999999986,0.21904761904761905,102,0.47058823529411764,-2.3999999999999986,0.40457557690883067,0,0.6666666666666666,139,0.4244604316546763,1.1266304341511237,2.896064842056054,0.02083499886371262,-3.8946980002129394,0.2014388489208633,128,0.421875,-3.89469800021294,1.1156025033332657,22,0.3333333333333333,383,0.4177545691906005,1.0740131150201044,4.351291506914206,0.011361074430585396,-4.467385763880396,0.370757180156658,349,0.4154727793696275,-4.4673857638803955,0.6630595305286607,19,0.5882352941176471
SPXW,"d50ret,d65ret,d80",-999999.0,1,score_desc,d50ret,22,3,15,False,False,False,False,False,-14.082170362603048,17.492056865222708,-14.082170362603048,105,0.45714285714285713,1.3900077301744271,6.179315170483868,0.05885062067127493,-2.3999999999999986,0.21904761904761905,102,0.46078431372549017,-2.3999999999999986,0.40457557690883067,0,0.6666666666666666,139,0.4316546762589928,1.1502856226278924,3.3919783245354975,0.024402721759248184,-3.89469800021294,0.2014388489208633,128,0.421875,-3.8946980002129403,1.0102572428914043,22,0.3333333333333333,383,0.4177545691906005,1.0687732123196303,4.063056212796559,0.01060850186108762,-4.467385763880397,0.3681462140992167,349,0.41260744985673353,-4.467385763880398,0.71009731410584,19,0.5882352941176471
SPXW,"d50ret,d65ret,d80",-999999.0,1,score_desc,d50ret,22,4,15,False,False,False,False,False,-14.082170362603048,17.492056865222708,-14.082170362603048,105,0.45714285714285713,1.3900077301744271,6.179315170483868,0.05885062067127493,-2.3999999999999986,0.21904761904761905,102,0.46078431372549017,-2.3999999999999986,0.40457557690883067,0,0.6666666666666666,139,0.4316546762589928,1.1502856226278924,3.3919783245354975,0.024402721759248184,-3.89469800021294,0.2014388489208633,128,0.421875,-3.8946980002129403,1.0102572428914043,22,0.3333333333333333,383,0.4177545691906005,1.0687732123196303,4.063056212796559,0.01060850186108762,-4.467385763880397,0.3681462140992167,349,0.41260744985673353,-4.467385763880398,0.71009731410584,19,0.5882352941176471
SPXW,"d50ret,d65ret,d80",-999999.0,1,score_desc,d50ret,22,2,0,False,False,False,False,False,-14.082170362603048,16.51884646257544,-14.082170362603048,105,0.45714285714285713,1.3900077301744271,6.179315170483868,0.05885062067127493,-2.3999999999999986,0.21904761904761905,102,0.47058823529411764,-2.3999999999999986,0.40457557690883067,0,0.6666666666666666,139,0.4244604316546763,1.1266304341511237,2.896064842056054,0.02083499886371262,-3.8946980002129394,0.2014388489208633,128,0.421875,-3.89469800021294,1.1156025033332657,22,0.3333333333333333,385,0.412987012987013,1.0581968182298516,3.473714871544848,0.009022636029986618,-4.858149441318682,0.36623376623376624,349,0.4154727793696275,-4.858149441318681,0.8247206629711898,19,0.47058823529411764
SPXW,"d65ret,d80,d80_zero",-999999.0,1,score_desc,d50ret,22,2,30,False,False,False,False,False,-14.082170362603048,17.926805901612607,-14.082170362603048,105,0.45714285714285713,1.3900077301744271,6.179315170483868,0.05885062067127493,-2.3999999999999986,0.2,102,0.46078431372549017,-2.3999999999999986,0.48549069229059677,0,0.6666666666666666,139,0.43884892086330934,1.1533872885556975,3.4095093339518665,0.02452884412915012,-2.313939836243168,0.17985611510791366,128,0.4375,-2.3139398362431685,0.8892454098105631,22,0.5,385,0.42597402597402595,1.057967245675951,3.3729064063724437,0.008760795860707646,-6.0847178024524275,0.38701298701298703,350,0.4257142857142857,-6.084717802452433,0.9045753677377676,19,0.4117647058823529
SPXW,"d50ret,d65ret,d80",0.0,1,score_desc,d50ret,22,2,15,False,False,False,False,False,-14.082170362603048,16.51884646257544,-14.082170362603048,105,0.45714285714285713,1.3900077301744271,6.179315170483868,0.05885062067127493,-2.3999999999999986,0.21904761904761905,102,0.47058823529411764,-2.3999999999999986,0.40457557690883067,0,0.6666666666666666,139,0.4244604316546763,1.1266304341511237,2.896064842056054,0.02083499886371262,-3.8946980002129394,0.2014388489208633,128,0.421875,-3.89469800021294,1.1156025033332657,22,0.3333333333333333,381,0.4094488188976378,1.0557818869335835,3.3067162586402974,0.008679045298268497,-5.087483417437198,0.3753280839895013,343,0.4110787172011662,-5.0874834174371975,1.0237241538104762,17,0.5882352941176471
SPXW,"d50ret,d65ret,d80",-999999.0,1,score_desc,d50ret,22,3,0,False,False,False,False,False,-14.082170362603048,17.492056865222708,-14.082170362603048,105,0.45714285714285713,1.3900077301744271,6.179315170483868,0.05885062067127493,-2.3999999999999986,0.21904761904761905,102,0.46078431372549017,-2.3999999999999986,0.40457557690883067,0,0.6666666666666666,139,0.4316546762589928,1.1502856226278924,3.3919783245354975,0.024402721759248184,-3.89469800021294,0.2014388489208633,128,0.421875,-3.8946980002129403,1.0102572428914043,22,0.3333333333333333,385,0.412987012987013,1.053111401508743,3.185479577427201,0.00827397292838234,-4.858149441318685,0.36363636363636365,349,0.41260744985673353,-4.858149441318684,0.8993447806522062,19,0.47058823529411764
SPXW,"d50ret,d65ret,d80",-999999.0,1,score_desc,d50ret,22,4,0,False,False,False,False,False,-14.082170362603048,17.492056865222708,-14.082170362603048,105,0.45714285714285713,1.3900077301744271,6.179315170483868,0.05885062067127493,-2.3999999999999986,0.21904761904761905,102,0.46078431372549017,-2.3999999999999986,0.40457557690883067,0,0.6666666666666666,139,0.4316546762589928,1.1502856226278924,3.3919783245354975,0.024402721759248184,-3.89469800021294,0.2014388489208633,128,0.421875,-3.8946980002129403,1.0102572428914043,22,0.3333333333333333,385,0.412987012987013,1.053111401508743,3.185479577427201,0.00827397292838234,-4.858149441318685,0.36363636363636365,349,0.41260744985673353,-4.858149441318684,0.8993447806522062,19,0.47058823529411764
SPXW,"d65ret,d80,d80_zero",-999999.0,1,score_desc,d50ret,22,3,30,False,False,False,False,False,-14.082170362603048,17.926805901612607,-14.082170362603048,105,0.45714285714285713,1.3900077301744271,6.179315170483868,0.05885062067127493,-2.3999999999999986,0.2,102,0.45098039215686275,-2.3999999999999986,0.48549069229059677,0,0.6666666666666666,139,0.43884892086330934,1.1533872885556975,3.4095093339518665,0.02452884412915012,-2.313939836243168,0.17985611510791366,128,0.4375,-2.3139398362431685,0.8892454098105631,22,0.5,385,0.42597402597402595,1.0527522767736737,3.0846711122547967,0.008012132759103369,-6.0847178024524275,0.38441558441558443,350,0.4228571428571429,-6.084717802452432,0.989099953239166,19,0.4117647058823529
SPXW,"d65ret,d80,d80_zero",-999999.0,1,score_desc,d50ret,22,4,30,False,False,False,False,False,-14.082170362603048,17.926805901612607,-14.082170362603048,105,0.45714285714285713,1.3900077301744271,6.179315170483868,0.05885062067127493,-2.3999999999999986,0.2,102,0.45098039215686275,-2.3999999999999986,0.48549069229059677,0,0.6666666666666666,139,0.43884892086330934,1.1533872885556975,3.4095093339518665,0.02452884412915012,-2.313939836243168,0.17985611510791366,128,0.4375,-2.3139398362431685,0.8892454098105631,22,0.5,385,0.42597402597402595,1.0527522767736737,3.0846711122547967,0.008012132759103369,-6.0847178024524275,0.38441558441558443,350,0.4228571428571429,-6.084717802452432,0.989099953239166,19,0.4117647058823529
SPXW,"d50ret,d65ret,d80",0.0,1,score_desc,d50ret,22,3,15,False,False,False,False,False,-14.082170362603048,17.492056865222708,-14.082170362603048,105,0.45714285714285713,1.3900077301744271,6.179315170483868,0.05885062067127493,-2.3999999999999986,0.21904761904761905,102,0.46078431372549017,-2.3999999999999986,0.40457557690883067,0,0.6666666666666666,139,0.4316546762589928,1.1502856226278924,3.3919783245354975,0.024402721759248184,-3.89469800021294,0.2014388489208633,128,0.421875,-3.8946980002129403,1.0102572428914043,22,0.3333333333333333,381,0.4094488188976378,1.0506731789966455,3.0184809645226496,0.00792252221659488,-5.0874834174372,0.37270341207349084,343,0.40816326530612246,-5.087483417437202,1.1214797587114225,17,0.5882352941176471
SPXW,"d50ret,d65ret,d80",0.0,1,score_desc,d50ret,22,4,15,False,False,False,False,False,-14.082170362603048,17.492056865222708,-14.082170362603048,105,0.45714285714285713,1.3900077301744271,6.179315170483868,0.05885062067127493,-2.3999999999999986,0.21904761904761905,102,0.46078431372549017,-2.3999999999999986,0.40457557690883067,0,0.6666666666666666,139,0.4316546762589928,1.1502856226278924,3.3919783245354975,0.024402721759248184,-3.89469800021294,0.2014388489208633,128,0.421875,-3.8946980002129403,1.0102572428914043,22,0.3333333333333333,381,0.4094488188976378,1.0506731789966455,3.0184809645226496,0.00792252221659488,-5.0874834174372,0.37270341207349084,343,0.40816326530612246,-5.087483417437202,1.1214797587114225,17,0.5882352941176471
SPXW,"d50ret,d65ret,d80",0.0,1,score_desc,d50ret,22,2,0,False,False,False,False,False,-14.082170362603048,16.51884646257544,-14.082170362603048,105,0.45714285714285713,1.3900077301744271,6.179315170483868,0.05885062067127493,-2.3999999999999986,0.21904761904761905,102,0.47058823529411764,-2.3999999999999986,0.40457557690883067,0,0.6666666666666666,139,0.4244604316546763,1.1266304341511237,2.896064842056054,0.02083499886371262,-3.8946980002129394,0.2014388489208633,128,0.421875,-3.89469800021294,1.1156025033332657,22,0.3333333333333333,382,0.4031413612565445,1.039448312043792,2.373907075608158,0.0062144164282936076,-5.533479642538268,0.36910994764397903,341,0.40762463343108507,-5.533479642538268,1.4174288734411933,17,0.5294117647058824
SPXW,"d65ret,d80,d80_zero",0.0,1,score_desc,d50ret,22,2,30,False,False,False,False,False,-14.082170362603048,17.926805901612607,-14.082170362603048,105,0.45714285714285713,1.3900077301744271,6.179315170483868,0.05885062067127493,-2.3999999999999986,0.2,102,0.46078431372549017,-2.3999999999999986,0.48549069229059677,0,0.6666666666666666,139,0.43884892086330934,1.1533872885556975,3.4095093339518665,0.02452884412915012,-2.313939836243168,0.17985611510791366,128,0.4375,-2.3139398362431685,0.8892454098105631,22,0.5,380,0.42105263157894735,1.038427848560245,2.227036005419834,0.0058606210668943,-5.86619145696237,0.3815789473684211,343,0.4227405247813411,-5.8661914569623725,1.585392949356151,17,0.4117647058823529
SPXW,"d50ret,d65ret,d80",0.0,1,score_desc,d50ret,22,3,0,False,False,False,False,False,-14.082170362603048,17.492056865222708,-14.082170362603048,105,0.45714285714285713,1.3900077301744271,6.179315170483868,0.05885062067127493,-2.3999999999999986,0.21904761904761905,102,0.46078431372549017,-2.3999999999999986,0.40457557690883067,0,0.6666666666666666,139,0.4316546762589928,1.1502856226278924,3.3919783245354975,0.024402721759248184,-3.89469800021294,0.2014388489208633,128,0.421875,-3.8946980002129403,1.0102572428914043,22,0.3333333333333333,382,0.4031413612565445,1.0344933586312524,2.085671781490511,0.005459873773535369,-5.5334796425382695,0.36649214659685864,341,0.4046920821114369,-5.533479642538269,1.6133144542180486,17,0.5294117647058824
SPXW,"d50ret,d65ret,d80",0.0,1,score_desc,d50ret,22,4,0,False,False,False,False,False,-14.082170362603048,17.492056865222708,-14.082170362603048,105,0.45714285714285713,1.3900077301744271,6.179315170483868,0.05885062067127493,-2.3999999999999986,0.21904761904761905,102,0.46078431372549017,-2.3999999999999986,0.40457557690883067,0,0.6666666666666666,139,0.4316546762589928,1.1502856226278924,3.3919783245354975,0.024402721759248184,-3.89469800021294,0.2014388489208633,128,0.421875,-3.8946980002129403,1.0102572428914043,22,0.3333333333333333,382,0.4031413612565445,1.0344933586312524,2.085671781490511,0.005459873773535369,-5.5334796425382695,0.36649214659685864,341,0.4046920821114369,-5.533479642538269,1.6133144542180486,17,0.5294117647058824
SPXW,"d65ret,d80,d80_zero",0.0,1,score_desc,d50ret,22,3,30,False,False,False,False,False,-14.082170362603048,17.926805901612607,-14.082170362603048,105,0.45714285714285713,1.3900077301744271,6.179315170483868,0.05885062067127493,-2.3999999999999986,0.2,102,0.45098039215686275,-2.3999999999999986,0.48549069229059677,0,0.6666666666666666,139,0.43884892086330934,1.1533872885556975,3.4095093339518665,0.02452884412915012,-2.313939836243168,0.17985611510791366,128,0.4375,-2.3139398362431685,0.8892454098105631,22,0.5,380,0.42105263157894735,1.0332887412303855,1.938800711302187,0.0051021071350057555,-5.866191456962369,0.37894736842105264,343,0.4198250728862974,-5.8661914569623725,1.821088243042522,17,0.4117647058823529
SPXW,"d65ret,d80,d80_zero",0.0,1,score_desc,d50ret,22,4,30,False,False,False,False,False,-14.082170362603048,17.926805901612607,-14.082170362603048,105,0.45714285714285713,1.3900077301744271,6.179315170483868,0.05885062067127493,-2.3999999999999986,0.2,102,0.45098039215686275,-2.3999999999999986,0.48549069229059677,0,0.6666666666666666,139,0.43884892086330934,1.1533872885556975,3.4095093339518665,0.02452884412915012,-2.313939836243168,0.17985611510791366,128,0.4375,-2.3139398362431685,0.8892454098105631,22,0.5,380,0.42105263157894735,1.0332887412303855,1.938800711302187,0.0051021071350057555,-5.866191456962369,0.37894736842105264,343,0.4198250728862974,-5.8661914569623725,1.821088243042522,17,0.4117647058823529
SPXW,"d65ret,d80,d80_front",0.0,1,score_desc,d65win,21,3,0,False,False,False,False,False,-14.089575845436414,20.049050393736305,-14.089575845436414,111,0.46846846846846846,1.3723247175315438,5.830303242727357,0.052525254438985196,-2.3999999999999986,0.21621621621621623,102,0.4803921568627451,-2.3999999999999986,0.439725192390322,0,0.6666666666666666,137,0.45985401459854014,1.1939773558906965,4.087806408487091,0.029838002981657598,-2.3704762549331027,0.1897810218978102,128,0.4453125,-2.3704762549331027,0.6403172501387825,21,0.6666666666666666,381,0.4330708661417323,1.072132068739427,4.020309018365024,0.010551992174186415,-5.51834091055864,0.3464566929133858,347,0.42939481268011526,-5.518340910558642,0.991984932300905,19,0.6470588235294118
SPXW,"d65ret,d80,d80_front",0.0,1,score_desc,d65win,21,4,0,False,False,False,False,False,-14.089575845436414,20.049050393736305,-14.089575845436414,111,0.46846846846846846,1.3723247175315438,5.830303242727357,0.052525254438985196,-2.3999999999999986,0.21621621621621623,102,0.4803921568627451,-2.3999999999999986,0.439725192390322,0,0.6666666666666666,137,0.45985401459854014,1.1939773558906965,4.087806408487091,0.029838002981657598,-2.3704762549331027,0.1897810218978102,128,0.4453125,-2.3704762549331027,0.6403172501387825,21,0.6666666666666666,381,0.4330708661417323,1.072132068739427,4.020309018365024,0.010551992174186415,-5.51834091055864,0.3464566929133858,347,0.42939481268011526,-5.518340910558642,0.991984932300905,19,0.6470588235294118
SPXW,"d65ret,d80,d80_front",-999999.0,1,score_desc,d65win,21,3,0,False,False,False,False,False,-14.089575845436414,20.049050393736305,-14.089575845436414,111,0.46846846846846846,1.3723247175315438,5.830303242727357,0.052525254438985196,-2.3999999999999986,0.21621621621621623,102,0.4803921568627451,-2.3999999999999986,0.439725192390322,0,0.6666666666666666,137,0.45985401459854014,1.1939773558906965,4.087806408487091,0.029838002981657598,-2.3704762549331027,0.1897810218978102,128,0.4453125,-2.3704762549331027,0.6403172501387825,21,0.6666666666666666,384,0.4322916666666667,1.0700974103582197,3.9182812931425213,0.010203857534225315,-5.51834091055864,0.3463541666666667,350,0.42857142857142855,-5.518340910558642,1.0178151263389874,21,0.6470588235294118
SPXW,"d65ret,d80,d80_front",-999999.0,1,score_desc,d65win,21,4,0,False,False,False,False,False,-14.089575845436414,20.049050393736305,-14.089575845436414,111,0.46846846846846846,1.3723247175315438,5.830303242727357,0.052525254438985196,-2.3999999999999986,0.21621621621621623,102,0.4803921568627451,-2.3999999999999986,0.439725192390322,0,0.6666666666666666,137,0.45985401459854014,1.1939773558906965,4.087806408487091,0.029838002981657598,-2.3704762549331027,0.1897810218978102,128,0.4453125,-2.3704762549331027,0.6403172501387825,21,0.6666666666666666,384,0.4322916666666667,1.0700974103582197,3.9182812931425213,0.010203857534225315,-5.51834091055864,0.3463541666666667,350,0.42857142857142855,-5.518340910558642,1.0178151263389874,21,0.6470588235294118
SPXW,"d50ret,d65ret,d80",-999999.0,1,score_desc,d65win,21,3,30,False,False,False,False,False,-14.128819068179602,16.857486656456704,-14.128819068179602,111,0.46846846846846846,1.3639079082649304,5.9707594996759505,0.05379062612320676,-2.3999999999999986,0.22522522522522523,102,0.4803921568627451,-2.3999999999999986,0.4961372360605828,0,0.6666666666666666,137,0.44525547445255476,1.1170611647637572,2.590163128201877,0.018906300205853117,-3.1086903192191104,0.2116788321167883,128,0.421875,-3.1086903192191104,1.1726208302327163,21,0.3333333333333333,380,0.40789473684210525,1.0220052274487235,1.3039925769571936,0.0034315594130452463,-5.211899131649985,0.35789473684210527,349,0.4040114613180516,-5.211899131649985,2.48213376844496,20,0.4117647058823529
SPXW,"d50ret,d65ret,d80",-999999.0,1,score_desc,d65win,21,4,30,False,False,False,False,False,-14.128819068179602,16.857486656456704,-14.128819068179602,111,0.46846846846846846,1.3639079082649304,5.9707594996759505,0.05379062612320676,-2.3999999999999986,0.22522522522522523,102,0.4803921568627451,-2.3999999999999986,0.4961372360605828,0,0.6666666666666666,137,0.44525547445255476,1.1170611647637572,2.590163128201877,0.018906300205853117,-3.1086903192191104,0.2116788321167883,128,0.421875,-3.1086903192191104,1.1726208302327163,21,0.3333333333333333,380,0.40789473684210525,1.0220052274487235,1.3039925769571936,0.0034315594130452463,-5.211899131649985,0.35789473684210527,349,0.4040114613180516,-5.211899131649985,2.48213376844496,20,0.4117647058823529
SPXW,"d50ret,d65ret,d80",0.0,1,score_desc,d65win,21,3,30,False,False,False,False,False,-14.128819068179602,16.857486656456704,-14.128819068179602,111,0.46846846846846846,1.3639079082649304,5.9707594996759505,0.05379062612320676,-2.3999999999999986,0.22522522522522523,102,0.4803921568627451,-2.3999999999999986,0.4961372360605828,0,0.6666666666666666,137,0.44525547445255476,1.1170611647637572,2.590163128201877,0.018906300205853117,-3.1086903192191104,0.2116788321167883,128,0.421875,-3.1086903192191104,1.1726208302327163,21,0.3333333333333333,378,0.3915343915343915,0.9949405542280967,-0.30209439528940385,-0.0007991915219296398,-5.3773113104149,0.35714285714285715,344,0.38953488372093026,-5.3773113104149,-10.714147827755287,19,0.4117647058823529
SPXW,"d50ret,d65ret,d80",0.0,1,score_desc,d65win,21,4,30,False,False,False,False,False,-14.128819068179602,16.857486656456704,-14.128819068179602,111,0.46846846846846846,1.3639079082649304,5.9707594996759505,0.05379062612320676,-2.3999999999999986,0.22522522522522523,102,0.4803921568627451,-2.3999999999999986,0.4961372360605828,0,0.6666666666666666,137,0.44525547445255476,1.1170611647637572,2.590163128201877,0.018906300205853117,-3.1086903192191104,0.2116788321167883,128,0.421875,-3.1086903192191104,1.1726208302327163,21,0.3333333333333333,378,0.3915343915343915,0.9949405542280967,-0.30209439528940385,-0.0007991915219296398,-5.3773113104149,0.35714285714285715,344,0.38953488372093026,-5.3773113104149,-10.714147827755287,19,0.4117647058823529
SPXW,"d65ret,d80,d80_front",0.0,1,score_desc,d50ret,22,1,0,False,False,False,False,False,-14.129580735299552,19.789265690250907,-14.129580735299552,102,0.47058823529411764,1.3741777703965312,5.365377664503747,0.052601741808860264,-2.3999999999999986,0.21568627450980393,102,0.47058823529411764,-2.3999999999999986,0.46595042442948503,0,0.6666666666666666,128,0.453125,1.1907320411136562,3.7032464398125775,0.028931612811035762,-2.382059243261642,0.2265625,128,0.453125,-2.382059243261642,0.6750833466342374,20,0.6666666666666666,350,0.4057142857142857,0.969182946706754,-1.5070543022974259,-0.004305869435135503,-5.345579147278899,0.4257142857142857,350,0.4057142857142857,-5.345579147278899,-1.658865242074476,19,0.47058823529411764
SPXW,"d65ret,d80,d80_front",0.0,1,score_desc,d50ret,22,1,15,False,False,False,False,False,-14.129580735299552,19.789265690250907,-14.129580735299552,102,0.47058823529411764,1.3741777703965312,5.365377664503747,0.052601741808860264,-2.3999999999999986,0.21568627450980393,102,0.47058823529411764,-2.3999999999999986,0.46595042442948503,0,0.6666666666666666,128,0.453125,1.1907320411136562,3.7032464398125775,0.028931612811035762,-2.382059243261642,0.2265625,128,0.453125,-2.382059243261642,0.6750833466342374,20,0.6666666666666666,350,0.4057142857142857,0.969182946706754,-1.5070543022974259,-0.004305869435135503,-5.345579147278899,0.4257142857142857,350,0.4057142857142857,-5.345579147278899,-1.658865242074476,19,0.47058823529411764
SPXW,"d65ret,d80,d80_front",0.0,1,score_desc,d50ret,22,1,30,False,False,False,False,False,-14.129580735299552,19.789265690250907,-14.129580735299552,102,0.47058823529411764,1.3741777703965312,5.365377664503747,0.052601741808860264,-2.3999999999999986,0.21568627450980393,102,0.47058823529411764,-2.3999999999999986,0.46595042442948503,0,0.6666666666666666,128,0.453125,1.1907320411136562,3.7032464398125775,0.028931612811035762,-2.382059243261642,0.2265625,128,0.453125,-2.382059243261642,0.6750833466342374,20,0.6666666666666666,350,0.4057142857142857,0.969182946706754,-1.5070543022974259,-0.004305869435135503,-5.345579147278899,0.4257142857142857,350,0.4057142857142857,-5.345579147278899,-1.658865242074476,19,0.47058823529411764
SPXW,"d65ret,d80,d80_front",0.0,1,score_desc,d50ret,21,1,0,False,False,False,False,False,-14.129580735299552,18.669373737529448,-14.129580735299552,102,0.47058823529411764,1.3741777703965312,5.365377664503747,0.052601741808860264,-2.3999999999999986,0.21568627450980393,102,0.47058823529411764,-2.3999999999999986,0.46595042442948503,0,0.6666666666666666,128,0.4453125,1.1623420868095768,3.2007307357355828,0.02500570887293424,-2.382059243261642,0.1953125,128,0.4453125,-2.382059243261642,0.7810716384505418,20,0.6666666666666666,350,0.40285714285714286,0.963817182081525,-1.7891294824602522,-0.005111798521315006,-5.627654327441725,0.4228571428571429,350,0.40285714285714286,-5.627654327441725,-1.3973275967495777,19,0.47058823529411764
SPXW,"d65ret,d80,d80_front",0.0,1,score_desc,d50ret,21,1,15,False,False,False,False,False,-14.129580735299552,18.669373737529448,-14.129580735299552,102,0.47058823529411764,1.3741777703965312,5.365377664503747,0.052601741808860264,-2.3999999999999986,0.21568627450980393,102,0.47058823529411764,-2.3999999999999986,0.46595042442948503,0,0.6666666666666666,128,0.4453125,1.1623420868095768,3.2007307357355828,0.02500570887293424,-2.382059243261642,0.1953125,128,0.4453125,-2.382059243261642,0.7810716384505418,20,0.6666666666666666,350,0.40285714285714286,0.963817182081525,-1.7891294824602522,-0.005111798521315006,-5.627654327441725,0.4228571428571429,350,0.40285714285714286,-5.627654327441725,-1.3973275967495777,19,0.47058823529411764
SPXW,"d65ret,d80,d80_front",0.0,1,score_desc,d50ret,21,1,30,False,False,False,False,False,-14.129580735299552,18.669373737529448,-14.129580735299552,102,0.47058823529411764,1.3741777703965312,5.365377664503747,0.052601741808860264,-2.3999999999999986,0.21568627450980393,102,0.47058823529411764,-2.3999999999999986,0.46595042442948503,0,0.6666666666666666,128,0.4453125,1.1623420868095768,3.2007307357355828,0.02500570887293424,-2.382059243261642,0.1953125,128,0.4453125,-2.382059243261642,0.7810716384505418,20,0.6666666666666666,350,0.40285714285714286,0.963817182081525,-1.7891294824602522,-0.005111798521315006,-5.627654327441725,0.4228571428571429,350,0.40285714285714286,-5.627654327441725,-1.3973275967495777,19,0.47058823529411764
SPXW,"d65ret,d80,d80_front",-999999.0,1,score_desc,d50ret,22,1,0,False,False,False,False,False,-14.129580735299552,19.789265690250907,-14.129580735299552,102,0.47058823529411764,1.3741777703965312,5.365377664503747,0.052601741808860264,-2.3999999999999986,0.21568627450980393,102,0.47058823529411764,-2.3999999999999986,0.46595042442948503,0,0.6666666666666666,128,0.453125,1.1907320411136562,3.7032464398125775,0.028931612811035762,-2.382059243261642,0.2265625,128,0.453125,-2.382059243261642,0.6750833466342374,20,0.6666666666666666,351,0.4017094017094017,0.9625061190755768,-1.8396570827410414,-0.005241188269917497,-5.678181927722511,0.42165242165242167,351,0.4017094017094017,-5.678181927722511,-1.3589489168682811,19,0.47058823529411764
SPXW,"d65ret,d80,d80_front",-999999.0,1,score_desc,d50ret,22,1,15,False,False,False,False,False,-14.129580735299552,19.789265690250907,-14.129580735299552,102,0.47058823529411764,1.3741777703965312,5.365377664503747,0.052601741808860264,-2.3999999999999986,0.21568627450980393,102,0.47058823529411764,-2.3999999999999986,0.46595042442948503,0,0.6666666666666666,128,0.453125,1.1907320411136562,3.7032464398125775,0.028931612811035762,-2.382059243261642,0.2265625,128,0.453125,-2.382059243261642,0.6750833466342374,20,0.6666666666666666,351,0.4017094017094017,0.9625061190755768,-1.8396570827410414,-0.005241188269917497,-5.678181927722511,0.42165242165242167,351,0.4017094017094017,-5.678181927722511,-1.3589489168682811,19,0.47058823529411764
SPXW,"d65ret,d80,d80_front",-999999.0,1,score_desc,d50ret,22,1,30,False,False,False,False,False,-14.129580735299552,19.789265690250907,-14.129580735299552,102,0.47058823529411764,1.3741777703965312,5.365377664503747,0.052601741808860264,-2.3999999999999986,0.21568627450980393,102,0.47058823529411764,-2.3999999999999986,0.46595042442948503,0,0.6666666666666666,128,0.453125,1.1907320411136562,3.7032464398125775,0.028931612811035762,-2.382059243261642,0.2265625,128,0.453125,-2.382059243261642,0.6750833466342374,20,0.6666666666666666,351,0.4017094017094017,0.9625061190755768,-1.8396570827410414,-0.005241188269917497,-5.678181927722511,0.42165242165242167,351,0.4017094017094017,-5.678181927722511,-1.3589489168682811,19,0.47058823529411764
SPXW,"d65ret,d80,d80_front",-999999.0,1,score_desc,d50ret,21,1,0,False,False,False,False,False,-14.129580735299552,18.669373737529448,-14.129580735299552,102,0.47058823529411764,1.3741777703965312,5.365377664503747,0.052601741808860264,-2.3999999999999986,0.21568627450980393,102,0.47058823529411764,-2.3999999999999986,0.46595042442948503,0,0.6666666666666666,128,0.4453125,1.1623420868095768,3.2007307357355828,0.02500570887293424,-2.382059243261642,0.1953125,128,0.4453125,-2.382059243261642,0.7810716384505418,20,0.6666666666666666,351,0.39886039886039887,0.9572310785756277,-2.1217322629038673,-0.006044821261834379,-5.960257107885337,0.4188034188034188,351,0.39886039886039887,-5.960257107885337,-1.1782825023259174,19,0.47058823529411764
SPXW,"d65ret,d80,d80_front",-999999.0,1,score_desc,d50ret,21,1,15,False,False,False,False,False,-14.129580735299552,18.669373737529448,-14.129580735299552,102,0.47058823529411764,1.3741777703965312,5.365377664503747,0.052601741808860264,-2.3999999999999986,0.21568627450980393,102,0.47058823529411764,-2.3999999999999986,0.46595042442948503,0,0.6666666666666666,128,0.4453125,1.1623420868095768,3.2007307357355828,0.02500570887293424,-2.382059243261642,0.1953125,128,0.4453125,-2.382059243261642,0.7810716384505418,20,0.6666666666666666,351,0.39886039886039887,0.9572310785756277,-2.1217322629038673,-0.006044821261834379,-5.960257107885337,0.4188034188034188,351,0.39886039886039887,-5.960257107885337,-1.1782825023259174,19,0.47058823529411764
SPXW,"d65ret,d80,d80_front",-999999.0,1,score_desc,d50ret,21,1,30,False,False,False,False,False,-14.129580735299552,18.669373737529448,-14.129580735299552,102,0.47058823529411764,1.3741777703965312,5.365377664503747,0.052601741808860264,-2.3999999999999986,0.21568627450980393,102,0.47058823529411764,-2.3999999999999986,0.46595042442948503,0,0.6666666666666666,128,0.4453125,1.1623420868095768,3.2007307357355828,0.02500570887293424,-2.382059243261642,0.1953125,128,0.4453125,-2.382059243261642,0.7810716384505418,20,0.6666666666666666,351,0.39886039886039887,0.9572310785756277,-2.1217322629038673,-0.006044821261834379,-5.960257107885337,0.4188034188034188,351,0.39886039886039887,-5.960257107885337,-1.1782825023259174,19,0.47058823529411764
SPXW,"d65ret,d80",0.0,1,score_desc,d80_zero,22,2,30,False,False,False,False,False,-14.167780888640142,17.894500738748036,-14.167780888640142,105,0.45714285714285713,1.3823425917955217,6.057868075454634,0.057693981670996514,-2.3999999999999986,0.21904761904761905,102,0.47058823529411764,-2.3999999999999986,0.4126864383411616,0,0.6666666666666666,135,0.4444444444444444,1.153503010847498,3.3504456168987873,0.024818115680731757,-2.422531021583716,0.17777777777777778,128,0.4453125,-2.422531021583716,0.8954032815422434,20,0.5,362,0.42265193370165743,1.104362087420609,5.878475586325136,0.016238882835152308,-5.06071108941782,0.3839779005524862,337,0.4362017804154303,-5.06071108941782,0.7736746605774005,15,0.6470588235294118
SPXW,"d65ret,d80",0.0,1,score_desc,d80_zero,22,3,30,False,False,False,False,False,-14.167780888640142,16.473675719367392,-14.167780888640142,105,0.45714285714285713,1.3823425917955217,6.057868075454634,0.057693981670996514,-2.3999999999999986,0.21904761904761905,102,0.47058823529411764,-2.3999999999999986,0.4126864383411616,0,0.6666666666666666,135,0.43703703703703706,1.1152661511277295,2.5504456168987875,0.018892189754805833,-2.4225310215837172,0.17777777777777778,128,0.4453125,-2.4225310215837172,0.9802208615762893,20,0.5,362,0.42265193370165743,1.104362087420609,5.878475586325136,0.016238882835152308,-5.06071108941782,0.3839779005524862,337,0.4362017804154303,-5.06071108941782,0.7736746605774005,15,0.6470588235294118
SPXW,"d65ret,d80",0.0,1,score_desc,d80_zero,22,4,30,False,False,False,False,False,-14.167780888640142,16.473675719367392,-14.167780888640142,105,0.45714285714285713,1.3823425917955217,6.057868075454634,0.057693981670996514,-2.3999999999999986,0.21904761904761905,102,0.47058823529411764,-2.3999999999999986,0.4126864383411616,0,0.6666666666666666,135,0.43703703703703706,1.1152661511277295,2.5504456168987875,0.018892189754805833,-2.4225310215837172,0.17777777777777778,128,0.4453125,-2.4225310215837172,0.9802208615762893,20,0.5,362,0.42265193370165743,1.104362087420609,5.878475586325136,0.016238882835152308,-5.06071108941782,0.3839779005524862,337,0.4362017804154303,-5.06071108941782,0.7736746605774005,15,0.6470588235294118
SPXW,"d65ret,d80",0.0,1,score_desc,d80_zero,22,2,15,False,False,False,False,False,-14.167780888640142,17.98338962763693,-14.167780888640142,105,0.45714285714285713,1.3823425917955217,6.057868075454634,0.057693981670996514,-2.3999999999999986,0.21904761904761905,102,0.47058823529411764,-2.3999999999999986,0.4126864383411616,0,0.6666666666666666,135,0.4444444444444444,1.1535030108474982,3.3504456168987877,0.02481811568073176,-2.422531021583716,0.18518518518518517,128,0.4453125,-2.422531021583716,0.8136142593020437,20,0.5,363,0.4214876033057851,1.0985114406677232,5.578475586325139,0.015367701339738674,-5.06071108941782,0.3856749311294766,336,0.4375,-5.06071108941782,0.8152814390926968,15,0.6470588235294118
SPXW,"d65ret,d80",0.0,1,score_desc,d80_zero,22,3,15,False,False,False,False,False,-14.167780888640142,17.98338962763693,-14.167780888640142,105,0.45714285714285713,1.3823425917955217,6.057868075454634,0.057693981670996514,-2.3999999999999986,0.21904761904761905,102,0.47058823529411764,-2.3999999999999986,0.4126864383411616,0,0.6666666666666666,135,0.4444444444444444,1.1535030108474982,3.3504456168987877,0.02481811568073176,-2.422531021583716,0.18518518518518517,128,0.4453125,-2.422531021583716,0.8136142593020437,20,0.5,363,0.4214876033057851,1.0985114406677232,5.578475586325139,0.015367701339738674,-5.06071108941782,0.3856749311294766,336,0.4375,-5.06071108941782,0.8152814390926968,15,0.6470588235294118
SPXW,"d65ret,d80",0.0,1,score_desc,d80_zero,22,4,15,False,False,False,False,False,-14.167780888640142,17.98338962763693,-14.167780888640142,105,0.45714285714285713,1.3823425917955217,6.057868075454634,0.057693981670996514,-2.3999999999999986,0.21904761904761905,102,0.47058823529411764,-2.3999999999999986,0.4126864383411616,0,0.6666666666666666,135,0.4444444444444444,1.1535030108474982,3.3504456168987877,0.02481811568073176,-2.422531021583716,0.18518518518518517,128,0.4453125,-2.422531021583716,0.8136142593020437,20,0.5,363,0.4214876033057851,1.0985114406677232,5.578475586325139,0.015367701339738674,-5.06071108941782,0.3856749311294766,336,0.4375,-5.06071108941782,0.8152814390926968,15,0.6470588235294118
SPXW,"d65ret,d80",-999999.0,1,score_desc,d80_zero,22,2,30,False,False,False,False,False,-14.167780888640142,17.894500738748036,-14.167780888640142,105,0.45714285714285713,1.3823425917955217,6.057868075454634,0.057693981670996514,-2.3999999999999986,0.21904761904761905,102,0.47058823529411764,-2.3999999999999986,0.4126864383411616,0,0.6666666666666666,135,0.4444444444444444,1.153503010847498,3.3504456168987873,0.024818115680731757,-2.422531021583716,0.17777777777777778,128,0.4453125,-2.422531021583716,0.8954032815422434,20,0.5,371,0.42318059299191374,1.097361771352326,5.582518594894772,0.015047219932330921,-5.06071108941782,0.38274932614555257,347,0.43515850144092216,-5.06071108941782,0.8146909905722156,19,0.5882352941176471
SPXW,"d65ret,d80",-999999.0,1,score_desc,d80_zero,22,3,30,False,False,False,False,False,-14.167780888640142,16.473675719367392,-14.167780888640142,105,0.45714285714285713,1.3823425917955217,6.057868075454634,0.057693981670996514,-2.3999999999999986,0.21904761904761905,102,0.47058823529411764,-2.3999999999999986,0.4126864383411616,0,0.6666666666666666,135,0.43703703703703706,1.1152661511277295,2.5504456168987875,0.018892189754805833,-2.4225310215837172,0.17777777777777778,128,0.4453125,-2.4225310215837172,0.9802208615762893,20,0.5,371,0.42318059299191374,1.097361771352326,5.582518594894772,0.015047219932330921,-5.06071108941782,0.38274932614555257,347,0.43515850144092216,-5.06071108941782,0.8146909905722156,19,0.5882352941176471
SPXW,"d65ret,d80",-999999.0,1,score_desc,d80_zero,22,4,30,False,False,False,False,False,-14.167780888640142,16.473675719367392,-14.167780888640142,105,0.45714285714285713,1.3823425917955217,6.057868075454634,0.057693981670996514,-2.3999999999999986,0.21904761904761905,102,0.47058823529411764,-2.3999999999999986,0.4126864383411616,0,0.6666666666666666,135,0.43703703703703706,1.1152661511277295,2.5504456168987875,0.018892189754805833,-2.4225310215837172,0.17777777777777778,128,0.4453125,-2.4225310215837172,0.9802208615762893,20,0.5,371,0.42318059299191374,1.097361771352326,5.582518594894772,0.015047219932330921,-5.06071108941782,0.38274932614555257,347,0.43515850144092216,-5.06071108941782,0.8146909905722156,19,0.5882352941176471
SPXW,"d65ret,d80",-999999.0,1,score_desc,d80_zero,22,2,15,False,False,False,False,False,-14.167780888640142,17.98338962763693,-14.167780888640142,105,0.45714285714285713,1.3823425917955217,6.057868075454634,0.057693981670996514,-2.3999999999999986,0.21904761904761905,102,0.47058823529411764,-2.3999999999999986,0.4126864383411616,0,0.6666666666666666,135,0.4444444444444444,1.1535030108474982,3.3504456168987877,0.02481811568073176,-2.422531021583716,0.18518518518518517,128,0.4453125,-2.422531021583716,0.8136142593020437,20,0.5,372,0.4220430107526882,1.091650102726862,5.282518594894772,0.01420031880348057,-5.06071108941782,0.3844086021505376,346,0.43641618497109824,-5.060711089417822,0.8609581816442676,19,0.5882352941176471
SPXW,"d65ret,d80",-999999.0,1,score_desc,d80_zero,22,3,15,False,False,False,False,False,-14.167780888640142,17.98338962763693,-14.167780888640142,105,0.45714285714285713,1.3823425917955217,6.057868075454634,0.057693981670996514,-2.3999999999999986,0.21904761904761905,102,0.47058823529411764,-2.3999999999999986,0.4126864383411616,0,0.6666666666666666,135,0.4444444444444444,1.1535030108474982,3.3504456168987877,0.02481811568073176,-2.422531021583716,0.18518518518518517,128,0.4453125,-2.422531021583716,0.8136142593020437,20,0.5,372,0.4220430107526882,1.091650102726862,5.282518594894772,0.01420031880348057,-5.06071108941782,0.3844086021505376,346,0.43641618497109824,-5.060711089417822,0.8609581816442676,19,0.5882352941176471
SPXW,"d65ret,d80",-999999.0,1,score_desc,d80_zero,22,4,15,False,False,False,False,False,-14.167780888640142,17.98338962763693,-14.167780888640142,105,0.45714285714285713,1.3823425917955217,6.057868075454634,0.057693981670996514,-2.3999999999999986,0.21904761904761905,102,0.47058823529411764,-2.3999999999999986,0.4126864383411616,0,0.6666666666666666,135,0.4444444444444444,1.1535030108474982,3.3504456168987877,0.02481811568073176,-2.422531021583716,0.18518518518518517,128,0.4453125,-2.422531021583716,0.8136142593020437,20,0.5,372,0.4220430107526882,1.091650102726862,5.282518594894772,0.01420031880348057,-5.06071108941782,0.3844086021505376,346,0.43641618497109824,-5.060711089417822,0.8609581816442676,19,0.5882352941176471
SPXW,"d65ret,d80",0.0,1,score_desc,d80_zero,22,2,0,False,False,False,False,False,-14.167780888640142,17.98338962763693,-14.167780888640142,105,0.45714285714285713,1.3823425917955217,6.057868075454634,0.057693981670996514,-2.3999999999999986,0.21904761904761905,102,0.47058823529411764,-2.3999999999999986,0.4126864383411616,0,0.6666666666666666,135,0.4444444444444444,1.1535030108474982,3.3504456168987877,0.02481811568073176,-2.422531021583716,0.18518518518518517,128,0.4453125,-2.422531021583716,0.8136142593020437,20,0.5,365,0.4191780821917808,1.091508301517216,5.236808955715602,0.0143474217964811,-4.673419565141109,0.3835616438356164,335,0.43582089552238806,-4.491635219907317,0.8684730801567219,15,0.5882352941176471
SPXW,"d65ret,d80",0.0,1,score_desc,d80_zero,22,3,0,False,False,False,False,False,-14.167780888640142,17.98338962763693,-14.167780888640142,105,0.45714285714285713,1.3823425917955217,6.057868075454634,0.057693981670996514,-2.3999999999999986,0.21904761904761905,102,0.47058823529411764,-2.3999999999999986,0.4126864383411616,0,0.6666666666666666,135,0.4444444444444444,1.1535030108474982,3.3504456168987877,0.02481811568073176,-2.422531021583716,0.18518518518518517,128,0.4453125,-2.422531021583716,0.8136142593020437,20,0.5,365,0.4191780821917808,1.091508301517216,5.236808955715602,0.0143474217964811,-4.673419565141109,0.3835616438356164,335,0.43582089552238806,-4.491635219907317,0.8684730801567219,15,0.5882352941176471
SPXW,"d65ret,d80",0.0,1,score_desc,d80_zero,22,4,0,False,False,False,False,False,-14.167780888640142,17.98338962763693,-14.167780888640142,105,0.45714285714285713,1.3823425917955217,6.057868075454634,0.057693981670996514,-2.3999999999999986,0.21904761904761905,102,0.47058823529411764,-2.3999999999999986,0.4126864383411616,0,0.6666666666666666,135,0.4444444444444444,1.1535030108474982,3.3504456168987877,0.02481811568073176,-2.422531021583716,0.18518518518518517,128,0.4453125,-2.422531021583716,0.8136142593020437,20,0.5,365,0.4191780821917808,1.091508301517216,5.236808955715602,0.0143474217964811,-4.673419565141109,0.3835616438356164,335,0.43582089552238806,-4.491635219907317,0.8684730801567219,15,0.5882352941176471
SPXW,"d65ret,d80",-999999.0,1,score_desc,d80_zero,22,2,0,False,False,False,False,False,-14.167780888640142,17.98338962763693,-14.167780888640142,105,0.45714285714285713,1.3823425917955217,6.057868075454634,0.057693981670996514,-2.3999999999999986,0.21904761904761905,102,0.47058823529411764,-2.3999999999999986,0.4126864383411616,0,0.6666666666666666,135,0.4444444444444444,1.1535030108474982,3.3504456168987877,0.02481811568073176,-2.422531021583716,0.18518518518518517,128,0.4453125,-2.422531021583716,0.8136142593020437,20,0.5,374,0.4197860962566845,1.0848391298683675,4.940851964285235,0.013210834129104907,-4.67341956514111,0.37967914438502676,345,0.43478260869565216,-4.491635219907318,0.9204946104108934,19,0.5294117647058824
SPXW,"d65ret,d80",-999999.0,1,score_desc,d80_zero,22,3,0,False,False,False,False,False,-14.167780888640142,17.98338962763693,-14.167780888640142,105,0.45714285714285713,1.3823425917955217,6.057868075454634,0.057693981670996514,-2.3999999999999986,0.21904761904761905,102,0.47058823529411764,-2.3999999999999986,0.4126864383411616,0,0.6666666666666666,135,0.4444444444444444,1.1535030108474982,3.3504456168987877,0.02481811568073176,-2.422531021583716,0.18518518518518517,128,0.4453125,-2.422531021583716,0.8136142593020437,20,0.5,374,0.4197860962566845,1.0848391298683675,4.940851964285235,0.013210834129104907,-4.67341956514111,0.37967914438502676,345,0.43478260869565216,-4.491635219907318,0.9204946104108934,19,0.5294117647058824
SPXW,"d65ret,d80",-999999.0,1,score_desc,d80_zero,22,4,0,False,False,False,False,False,-14.167780888640142,17.98338962763693,-14.167780888640142,105,0.45714285714285713,1.3823425917955217,6.057868075454634,0.057693981670996514,-2.3999999999999986,0.21904761904761905,102,0.47058823529411764,-2.3999999999999986,0.4126864383411616,0,0.6666666666666666,135,0.4444444444444444,1.1535030108474982,3.3504456168987877,0.02481811568073176,-2.422531021583716,0.18518518518518517,128,0.4453125,-2.422531021583716,0.8136142593020437,20,0.5,374,0.4197860962566845,1.0848391298683675,4.940851964285235,0.013210834129104907,-4.67341956514111,0.37967914438502676,345,0.43478260869565216,-4.491635219907318,0.9204946104108934,19,0.5294117647058824
SPXW,"d50ret,d65ret,d80_front",-999999.0,1,score_desc,d50ret,22,3,30,False,False,False,False,False,-14.184051766533628,-9.100900198149978,-14.184051766533628,85,0.4470588235294118,1.462868059175204,5.594430565029592,0.06581683017681873,-2.3999999999999986,0.23529411764705882,82,0.45121951219512196,-2.3999999999999986,0.44687300538276964,0,0.5,139,0.41007194244604317,0.9702772341209285,-0.658915177793058,-0.004740396962539985,-4.657774640867686,0.2517985611510791,128,0.3984375,-4.657774640867686,-4.9958101158806185,22,0.5,388,0.422680412371134,1.0383000885789768,2.0406097439768582,0.005259303463857882,-5.626616599667535,0.38144329896907214,350,0.4142857142857143,-5.6266165996675355,1.820422565728291,19,0.47058823529411764
SPXW,"d50ret,d65ret,d80_front",-999999.0,1,score_desc,d50ret,22,4,30,False,False,False,False,False,-14.184051766533628,-9.100900198149978,-14.184051766533628,85,0.4470588235294118,1.462868059175204,5.594430565029592,0.06581683017681873,-2.3999999999999986,0.23529411764705882,82,0.45121951219512196,-2.3999999999999986,0.44687300538276964,0,0.5,139,0.41007194244604317,0.9702772341209285,-0.658915177793058,-0.004740396962539985,-4.657774640867686,0.2517985611510791,128,0.3984375,-4.657774640867686,-4.9958101158806185,22,0.5,388,0.422680412371134,1.0383000885789768,2.0406097439768582,0.005259303463857882,-5.626616599667535,0.38144329896907214,350,0.4142857142857143,-5.6266165996675355,1.820422565728291,19,0.47058823529411764
SPXW,"d50ret,d65ret,d80_front",-999999.0,1,score_desc,d50ret,22,3,15,False,False,False,False,False,-14.184051766533628,-9.100900198149978,-14.184051766533628,85,0.4470588235294118,1.462868059175204,5.594430565029592,0.06581683017681873,-2.3999999999999986,0.23529411764705882,82,0.45121951219512196,-2.3999999999999986,0.44687300538276964,0,0.5,139,0.41007194244604317,0.9702772341209285,-0.658915177793058,-0.004740396962539985,-4.657774640867686,0.2517985611510791,128,0.3984375,-4.657774640867686,-4.9958101158806185,22,0.5,388,0.422680412371134,1.0363652868038427,1.9375244639817146,0.004993619752530192,-5.6266165996675355,0.38402061855670105,350,0.4114285714285714,-5.6266165996675355,1.917277482084769,19,0.47058823529411764
SPXW,"d50ret,d65ret,d80_front",-999999.0,1,score_desc,d50ret,22,4,15,False,False,False,False,False,-14.184051766533628,-9.100900198149978,-14.184051766533628,85,0.4470588235294118,1.462868059175204,5.594430565029592,0.06581683017681873,-2.3999999999999986,0.23529411764705882,82,0.45121951219512196,-2.3999999999999986,0.44687300538276964,0,0.5,139,0.41007194244604317,0.9702772341209285,-0.658915177793058,-0.004740396962539985,-4.657774640867686,0.2517985611510791,128,0.3984375,-4.657774640867686,-4.9958101158806185,22,0.5,388,0.422680412371134,1.0363652868038427,1.9375244639817146,0.004993619752530192,-5.6266165996675355,0.38402061855670105,350,0.4114285714285714,-5.6266165996675355,1.917277482084769,19,0.47058823529411764
SPXW,"d50ret,d65ret,d80_front",-999999.0,1,score_desc,d50ret,22,2,30,False,False,False,False,False,-14.184051766533628,-9.100900198149978,-14.184051766533628,85,0.4470588235294118,1.462868059175204,5.594430565029592,0.06581683017681873,-2.3999999999999986,0.23529411764705882,82,0.4634146341463415,-2.3999999999999986,0.44687300538276964,0,0.5,139,0.41007194244604317,0.9702772341209285,-0.658915177793058,-0.004740396962539985,-4.657774640867686,0.2517985611510791,128,0.3984375,-4.657774640867686,-4.9958101158806185,22,0.5,388,0.42010309278350516,1.0303155435431977,1.6242918034205038,0.00418631908098068,-5.626616599667533,0.38402061855670105,350,0.4114285714285714,-5.626616599667534,2.295235781005128,19,0.47058823529411764
SPXW,"d50ret,d65ret,d80_front",-999999.0,1,score_desc,d50ret,22,2,15,False,False,False,False,False,-14.184051766533628,-9.100900198149978,-14.184051766533628,85,0.4470588235294118,1.462868059175204,5.594430565029592,0.06581683017681873,-2.3999999999999986,0.23529411764705882,82,0.4634146341463415,-2.3999999999999986,0.44687300538276964,0,0.5,139,0.41007194244604317,0.9702772341209285,-0.658915177793058,-0.004740396962539985,-4.657774640867686,0.2517985611510791,128,0.3984375,-4.657774640867686,-4.9958101158806185,22,0.5,388,0.42010309278350516,1.028391575024872,1.5212065234253602,0.00392063536965299,-5.626616599667534,0.3865979381443299,350,0.4085714285714286,-5.626616599667535,2.4507735199618432,19,0.47058823529411764
SPXW,"d50ret,d65ret,d80_front",0.0,1,score_desc,d50ret,22,3,30,False,False,False,False,False,-14.184051766533628,-9.100900198149978,-14.184051766533628,85,0.4470588235294118,1.462868059175204,5.594430565029592,0.06581683017681873,-2.3999999999999986,0.23529411764705882,82,0.45121951219512196,-2.3999999999999986,0.44687300538276964,0,0.5,139,0.41007194244604317,0.9702772341209285,-0.658915177793058,-0.004740396962539985,-4.657774640867686,0.2517985611510791,128,0.3984375,-4.657774640867686,-4.9958101158806185,22,0.5,381,0.4199475065616798,1.0238538605360141,1.2594901773864584,0.003305748497077319,-6.126209167927229,0.3910761154855643,340,0.4147058823529412,-6.126209167927229,2.949425166212053,18,0.5294117647058824
SPXW,"d50ret,d65ret,d80_front",0.0,1,score_desc,d50ret,22,4,30,False,False,False,False,False,-14.184051766533628,-9.100900198149978,-14.184051766533628,85,0.4470588235294118,1.462868059175204,5.594430565029592,0.06581683017681873,-2.3999999999999986,0.23529411764705882,82,0.45121951219512196,-2.3999999999999986,0.44687300538276964,0,0.5,139,0.41007194244604317,0.9702772341209285,-0.658915177793058,-0.004740396962539985,-4.657774640867686,0.2517985611510791,128,0.3984375,-4.657774640867686,-4.9958101158806185,22,0.5,381,0.4199475065616798,1.0238538605360141,1.2594901773864584,0.003305748497077319,-6.126209167927229,0.3910761154855643,340,0.4147058823529412,-6.126209167927229,2.949425166212053,18,0.5294117647058824
SPXW,"d50ret,d65ret,d80_front",0.0,1,score_desc,d50ret,22,3,15,False,False,False,False,False,-14.184051766533628,-9.100900198149978,-14.184051766533628,85,0.4470588235294118,1.462868059175204,5.594430565029592,0.06581683017681873,-2.3999999999999986,0.23529411764705882,82,0.45121951219512196,-2.3999999999999986,0.44687300538276964,0,0.5,139,0.41007194244604317,0.9702772341209285,-0.658915177793058,-0.004740396962539985,-4.657774640867686,0.2517985611510791,128,0.3984375,-4.657774640867686,-4.9958101158806185,22,0.5,381,0.4199475065616798,1.0217789748847659,1.1500735536097553,0.0030185657575059195,-6.132540511708788,0.3937007874015748,340,0.4117647058823529,-6.132540511708787,3.230029952537284,18,0.5294117647058824
SPXW,"d50ret,d65ret,d80_front",0.0,1,score_desc,d50ret,22,4,15,False,False,False,False,False,-14.184051766533628,-9.100900198149978,-14.184051766533628,85,0.4470588235294118,1.462868059175204,5.594430565029592,0.06581683017681873,-2.3999999999999986,0.23529411764705882,82,0.45121951219512196,-2.3999999999999986,0.44687300538276964,0,0.5,139,0.41007194244604317,0.9702772341209285,-0.658915177793058,-0.004740396962539985,-4.657774640867686,0.2517985611510791,128,0.3984375,-4.657774640867686,-4.9958101158806185,22,0.5,381,0.4199475065616798,1.0217789748847659,1.1500735536097553,0.0030185657575059195,-6.132540511708788,0.3937007874015748,340,0.4117647058823529,-6.132540511708787,3.230029952537284,18,0.5294117647058824
SPXW,"d50ret,d65ret,d80_front",-999999.0,1,score_desc,d50ret,22,3,0,False,False,False,False,False,-14.184051766533628,-8.793684196040436,-14.184051766533628,85,0.4470588235294118,1.462868059175204,5.594430565029592,0.06581683017681873,-2.3999999999999986,0.23529411764705882,82,0.45121951219512196,-2.3999999999999986,0.44687300538276964,0,0.5,139,0.41007194244604317,0.9761175711668396,-0.5294424786965175,-0.0038089386956583994,-4.528301941771145,0.2517985611510791,128,0.3984375,-4.528301941771145,-6.462057631351294,22,0.5,389,0.4190231362467866,1.0190165207068507,1.0253584196318792,0.0026358828268171703,-5.833901248747841,0.37789203084832906,350,0.4114285714285714,-5.833901248747841,3.4888918336920285,19,0.5294117647058824
SPXW,"d50ret,d65ret,d80_front",-999999.0,1,score_desc,d50ret,22,4,0,False,False,False,False,False,-14.184051766533628,-8.793684196040436,-14.184051766533628,85,0.4470588235294118,1.462868059175204,5.594430565029592,0.06581683017681873,-2.3999999999999986,0.23529411764705882,82,0.45121951219512196,-2.3999999999999986,0.44687300538276964,0,0.5,139,0.41007194244604317,0.9761175711668396,-0.5294424786965175,-0.0038089386956583994,-4.528301941771145,0.2517985611510791,128,0.3984375,-4.528301941771145,-6.462057631351294,22,0.5,389,0.4190231362467866,1.0190165207068507,1.0253584196318792,0.0026358828268171703,-5.833901248747841,0.37789203084832906,350,0.4114285714285714,-5.833901248747841,3.4888918336920285,19,0.5294117647058824
SPXW,"d50ret,d65ret,d80_front",0.0,1,score_desc,d50ret,22,2,30,False,False,False,False,False,-14.184051766533628,-9.100900198149978,-14.184051766533628,85,0.4470588235294118,1.462868059175204,5.594430565029592,0.06581683017681873,-2.3999999999999986,0.23529411764705882,82,0.4634146341463415,-2.3999999999999986,0.44687300538276964,0,0.5,139,0.41007194244604317,0.9702772341209285,-0.658915177793058,-0.004740396962539985,-4.657774640867686,0.2517985611510791,128,0.3984375,-4.657774640867686,-4.9958101158806185,22,0.5,381,0.41732283464566927,1.0158788703529422,0.8431722368301036,0.002213050490367726,-6.12620916792723,0.3937007874015748,340,0.4117647058823529,-6.12620916792723,4.421555292214032,18,0.5294117647058824
SPXW,"d50ret,d65ret,d80_front",0.0,1,score_desc,d50ret,22,3,0,False,False,False,False,False,-14.184051766533628,-8.793684196040436,-14.184051766533628,85,0.4470588235294118,1.462868059175204,5.594430565029592,0.06581683017681873,-2.3999999999999986,0.23529411764705882,82,0.45121951219512196,-2.3999999999999986,0.44687300538276964,0,0.5,139,0.41007194244604317,0.9761175711668396,-0.5294424786965175,-0.0038089386956583994,-4.528301941771145,0.2517985611510791,128,0.3984375,-4.528301941771145,-6.462057631351294,22,0.5,381,0.41732283464566927,1.0154580594182692,0.8215408547262002,0.0021562752092551185,-6.243774813395142,0.3884514435695538,338,0.41124260355029585,-6.243774813395142,4.712675008209497,18,0.5294117647058824
SPXW,"d50ret,d65ret,d80_front",0.0,1,score_desc,d50ret,22,4,0,False,False,False,False,False,-14.184051766533628,-8.793684196040436,-14.184051766533628,85,0.4470588235294118,1.462868059175204,5.594430565029592,0.06581683017681873,-2.3999999999999986,0.23529411764705882,82,0.45121951219512196,-2.3999999999999986,0.44687300538276964,0,0.5,139,0.41007194244604317,0.9761175711668396,-0.5294424786965175,-0.0038089386956583994,-4.528301941771145,0.2517985611510791,128,0.3984375,-4.528301941771145,-6.462057631351294,22,0.5,381,0.41732283464566927,1.0154580594182692,0.8215408547262002,0.0021562752092551185,-6.243774813395142,0.3884514435695538,338,0.41124260355029585,-6.243774813395142,4.712675008209497,18,0.5294117647058824
SPXW,"d50ret,d65ret,d80_front",0.0,1,score_desc,d50ret,22,2,15,False,False,False,False,False,-14.184051766533628,-9.100900198149978,-14.184051766533628,85,0.4470588235294118,1.462868059175204,5.594430565029592,0.06581683017681873,-2.3999999999999986,0.23529411764705882,82,0.4634146341463415,-2.3999999999999986,0.44687300538276964,0,0.5,139,0.41007194244604317,0.9702772341209285,-0.658915177793058,-0.004740396962539985,-4.657774640867686,0.2517985611510791,128,0.3984375,-4.657774640867686,-4.9958101158806185,22,0.5,381,0.41732283464566927,1.0138166565378819,0.7337556130534004,0.0019258677507963265,-6.132540511708788,0.3963254593175853,340,0.4088235294117647,-6.132540511708788,5.080891511671156,18,0.5294117647058824
SPXW,"d50ret,d65ret,d80_front",-999999.0,1,score_desc,d50ret,22,2,0,False,False,False,False,False,-14.184051766533628,-8.793684196040436,-14.184051766533628,85,0.4470588235294118,1.462868059175204,5.594430565029592,0.06581683017681873,-2.3999999999999986,0.23529411764705882,82,0.4634146341463415,-2.3999999999999986,0.44687300538276964,0,0.5,139,0.41007194244604317,0.9761175711668396,-0.5294424786965175,-0.0038089386956583994,-4.528301941771145,0.2517985611510791,128,0.3984375,-4.528301941771145,-6.462057631351294,22,0.5,389,0.41645244215938304,1.0070336869638852,0.38136192931445834,0.0009803648568495072,-5.833901248747841,0.38303341902313626,350,0.4057142857142857,-5.833901248747841,9.562633327740226,19,0.47058823529411764
SPXW,"d50ret,d65ret,d80_front",0.0,1,score_desc,d50ret,22,2,0,False,False,False,False,False,-14.184051766533628,-8.793684196040436,-14.184051766533628,85,0.4470588235294118,1.462868059175204,5.594430565029592,0.06581683017681873,-2.3999999999999986,0.23529411764705882,82,0.4634146341463415,-2.3999999999999986,0.44687300538276964,0,0.5,139,0.41007194244604317,0.9761175711668396,-0.5294424786965175,-0.0038089386956583994,-4.528301941771145,0.2517985611510791,128,0.3984375,-4.528301941771145,-6.462057631351294,22,0.5,381,0.4146981627296588,1.0033219117781123,0.1775443644087793,0.00046599570710965693,-6.243774813395142,0.3937007874015748,338,0.40532544378698226,-6.2437748133951425,21.881943183338283,18,0.47058823529411764
SPXW,"d80,d80_front",0.0,1,score_desc,d65ret,22,2,0,False,False,False,False,False,-14.18652922943406,23.386461766786155,-14.18652922943406,112,0.4732142857142857,1.3615021570818704,4.970362807650121,0.04437823935401893,-2.016069374745981,0.17857142857142858,100,0.51,-2.016069374745981,0.6035776694977997,0,0.8333333333333334,134,0.4701492537313433,1.3430295205689853,6.504660349479806,0.04854224141402841,-1.9774802861251226,0.13432835820895522,124,0.47580645161290325,-1.9774802861251226,0.5750690025061709,20,0.8333333333333334,387,0.4573643410852713,1.2006090353032202,9.917622462704774,0.02562693142817771,-4.138129570398268,0.3953488372093023,341,0.4574780058651026,-4.138129570398268,0.4073798705163563,19,0.6470588235294118
SPXW,"d50ret,d65ret,d80",-999999.0,1,score_desc,d65win,22,3,30,False,False,False,False,False,-14.18855808912712,17.472280241470404,-14.18855808912712,115,0.4608695652173913,1.3387101519219609,5.697209274587415,0.04954095021380361,-2.4732483842357498,0.20869565217391303,102,0.4803921568627451,-2.4732483842357498,0.5720314385366213,0,0.8333333333333334,139,0.4460431654676259,1.133041827246756,2.9448605477677576,0.02118604710624286,-3.116958592425314,0.20863309352517986,128,0.421875,-3.116958592425314,1.062796253983904,22,0.3333333333333333,389,0.4087403598971722,1.022488770558915,1.3556675067545791,0.003485006444099175,-5.341034117730448,0.36246786632390743,349,0.4068767908309456,-5.341034117730448,2.53361929670139,20,0.4117647058823529
SPXW,"d50ret,d65ret,d80",-999999.0,1,score_desc,d65win,22,4,30,False,False,False,False,False,-14.18855808912712,17.472280241470404,-14.18855808912712,115,0.4608695652173913,1.3387101519219609,5.697209274587415,0.04954095021380361,-2.4732483842357498,0.20869565217391303,102,0.4803921568627451,-2.4732483842357498,0.5720314385366213,0,0.8333333333333334,139,0.4460431654676259,1.133041827246756,2.9448605477677576,0.02118604710624286,-3.116958592425314,0.20863309352517986,128,0.421875,-3.116958592425314,1.062796253983904,22,0.3333333333333333,389,0.4087403598971722,1.022488770558915,1.3556675067545791,0.003485006444099175,-5.341034117730448,0.36246786632390743,349,0.4068767908309456,-5.341034117730448,2.53361929670139,20,0.4117647058823529
SPXW,"d50ret,d65ret,d80",0.0,1,score_desc,d65win,22,3,30,False,False,False,False,False,-14.18855808912712,17.472280241470404,-14.18855808912712,115,0.4608695652173913,1.3387101519219609,5.697209274587415,0.04954095021380361,-2.4732483842357498,0.20869565217391303,102,0.4803921568627451,-2.4732483842357498,0.5720314385366213,0,0.8333333333333334,139,0.4460431654676259,1.133041827246756,2.9448605477677576,0.02118604710624286,-3.116958592425314,0.20863309352517986,128,0.421875,-3.116958592425314,1.062796253983904,22,0.3333333333333333,387,0.39276485788113696,0.9958766916399187,-0.25041946549201954,-0.0006470787222016009,-5.506446296495364,0.36175710594315247,344,0.39244186046511625,-5.506446296495364,-13.715967919170897,19,0.4117647058823529
SPXW,"d50ret,d65ret,d80",0.0,1,score_desc,d65win,22,4,30,False,False,False,False,False,-14.18855808912712,17.472280241470404,-14.18855808912712,115,0.4608695652173913,1.3387101519219609,5.697209274587415,0.04954095021380361,-2.4732483842357498,0.20869565217391303,102,0.4803921568627451,-2.4732483842357498,0.5720314385366213,0,0.8333333333333334,139,0.4460431654676259,1.133041827246756,2.9448605477677576,0.02118604710624286,-3.116958592425314,0.20863309352517986,128,0.421875,-3.116958592425314,1.062796253983904,22,0.3333333333333333,387,0.39276485788113696,0.9958766916399187,-0.25041946549201954,-0.0006470787222016009,-5.506446296495364,0.36175710594315247,344,0.39244186046511625,-5.506446296495364,-13.715967919170897,19,0.4117647058823529
SPXW,"d65ret,d80_front",0.0,1,score_desc,d50ret,21,2,15,False,False,False,False,False,-14.192217618316786,13.668804723372965,-14.192217618316786,84,0.44047619047619047,1.4900651499353306,5.650591625288552,0.06726894792010181,-2.3999999999999986,0.23809523809523808,82,0.45121951219512196,-2.3999999999999986,0.4424315480190688,0,0.5,137,0.45255474452554745,1.005244037801465,0.09903836204173544,0.0007229077521294558,-2.9471144321435148,0.22627737226277372,128,0.4375,-2.9471144321435156,26.0622033352848,21,0.3333333333333333,373,0.4262734584450402,0.967805977602717,-1.6173851878989085,-0.00433615331876383,-6.064947623083806,0.42359249329758714,337,0.4362017804154303,-5.864947623083806,-2.1703335149985787,18,0.47058823529411764
SPXW,"d65ret,d80_front",0.0,1,score_desc,d50ret,21,3,15,False,False,False,False,False,-14.192217618316786,13.668804723372965,-14.192217618316786,84,0.44047619047619047,1.4900651499353306,5.650591625288552,0.06726894792010181,-2.3999999999999986,0.23809523809523808,82,0.43902439024390244,-2.3999999999999986,0.4424315480190688,0,0.5,137,0.45255474452554745,1.005244037801465,0.09903836204173544,0.0007229077521294558,-2.9471144321435148,0.22627737226277372,128,0.4375,-2.9471144321435156,26.0622033352848,21,0.3333333333333333,373,0.4262734584450402,0.9646168043572108,-1.7834820807789438,-0.004781453299675453,-6.231044515963841,0.42359249329758714,337,0.4332344213649852,-6.031044515963842,-1.9682088863074816,18,0.47058823529411764
SPXW,"d65ret,d80_front",0.0,1,score_desc,d50ret,21,4,15,False,False,False,False,False,-14.192217618316786,13.668804723372965,-14.192217618316786,84,0.44047619047619047,1.4900651499353306,5.650591625288552,0.06726894792010181,-2.3999999999999986,0.23809523809523808,82,0.43902439024390244,-2.3999999999999986,0.4424315480190688,0,0.5,137,0.45255474452554745,1.005244037801465,0.09903836204173544,0.0007229077521294558,-2.9471144321435148,0.22627737226277372,128,0.4375,-2.9471144321435156,26.0622033352848,21,0.3333333333333333,373,0.4262734584450402,0.9646168043572108,-1.7834820807789438,-0.004781453299675453,-6.231044515963841,0.42359249329758714,337,0.4332344213649852,-6.031044515963842,-1.9682088863074816,18,0.47058823529411764
SPXW,"d65ret,d80_front",-999999.0,1,score_desc,d50ret,21,2,0,False,False,False,False,False,-14.192217618316786,13.668804723372965,-14.192217618316786,84,0.44047619047619047,1.4900651499353306,5.650591625288552,0.06726894792010181,-2.3999999999999986,0.23809523809523808,82,0.45121951219512196,-2.3999999999999986,0.4424315480190688,0,0.5,137,0.45255474452554745,1.005244037801465,0.09903836204173522,0.0007229077521294542,-2.9471144321435148,0.21897810218978103,128,0.4375,-2.9471144321435156,26.06220333528486,21,0.3333333333333333,379,0.42480211081794195,0.9613637160679879,-1.9672847331098877,-0.005190724889471999,-7.168431064992468,0.41688654353562005,345,0.4260869565217391,-6.968431064992467,-1.9339120836744512,19,0.5294117647058824
SPXW,"d65ret,d80_front",0.0,1,score_desc,d50ret,21,2,30,False,False,False,False,False,-14.192217618316786,-7.94080330388554,-14.192217618316786,84,0.44047619047619047,1.4900651499353306,5.650591625288552,0.06726894792010181,-2.3999999999999986,0.23809523809523808,82,0.45121951219512196,-2.3999999999999986,0.4424315480190688,0,0.5,137,0.44525547445255476,0.9747737776355062,-0.48398772447278415,-0.0035327571129400302,-2.9471144321435148,0.22627737226277372,128,0.4375,-2.9471144321435148,-5.333106190527785,21,0.3333333333333333,372,0.42473118279569894,0.9600263850015675,-2.007968564122206,-0.005397764957317757,-6.558616279302248,0.4220430107526882,337,0.4362017804154303,-6.358616279302247,-1.7481674477776528,18,0.47058823529411764
SPXW,"d65ret,d80_front",-999999.0,1,score_desc,d50ret,21,2,30,False,False,False,False,False,-14.192217618316786,-7.94080330388554,-14.192217618316786,84,0.44047619047619047,1.4900651499353306,5.650591625288552,0.06726894792010181,-2.3999999999999986,0.23809523809523808,82,0.45121951219512196,-2.3999999999999986,0.4424315480190688,0,0.5,137,0.44525547445255476,0.9747737776355062,-0.48398772447278415,-0.0035327571129400302,-2.9471144321435148,0.22627737226277372,128,0.4375,-2.9471144321435148,-5.333106190527785,21,0.3333333333333333,379,0.42216358839050133,0.9592712734559866,-2.0683406939942515,-0.005457363308691956,-6.985004787837311,0.41688654353562005,346,0.430635838150289,-6.785004787837312,-1.6971407515946844,19,0.5294117647058824
SPXW,"d65ret,d80_front",-999999.0,1,score_desc,d50ret,21,3,0,False,False,False,False,False,-14.192217618316786,13.668804723372965,-14.192217618316786,84,0.44047619047619047,1.4900651499353306,5.650591625288552,0.06726894792010181,-2.3999999999999986,0.23809523809523808,82,0.43902439024390244,-2.3999999999999986,0.4424315480190688,0,0.5,137,0.45255474452554745,1.005244037801465,0.09903836204173522,0.0007229077521294542,-2.9471144321435148,0.21897810218978103,128,0.4375,-2.9471144321435156,26.06220333528486,21,0.3333333333333333,379,0.42480211081794195,0.9582379031544535,-2.133381625989923,-0.005628975266464177,-7.334527957872503,0.41688654353562005,345,0.42318840579710143,-7.134527957872503,-1.7833451226168244,19,0.5294117647058824
SPXW,"d65ret,d80_front",-999999.0,1,score_desc,d50ret,21,4,0,False,False,False,False,False,-14.192217618316786,13.668804723372965,-14.192217618316786,84,0.44047619047619047,1.4900651499353306,5.650591625288552,0.06726894792010181,-2.3999999999999986,0.23809523809523808,82,0.43902439024390244,-2.3999999999999986,0.4424315480190688,0,0.5,137,0.45255474452554745,1.005244037801465,0.09903836204173522,0.0007229077521294542,-2.9471144321435148,0.21897810218978103,128,0.4375,-2.9471144321435156,26.06220333528486,21,0.3333333333333333,379,0.42480211081794195,0.9582379031544535,-2.133381625989923,-0.005628975266464177,-7.334527957872503,0.41688654353562005,345,0.42318840579710143,-7.134527957872503,-1.7833451226168244,19,0.5294117647058824
SPXW,"d65ret,d80_front",-999999.0,1,score_desc,d50ret,21,2,15,False,False,False,False,False,-14.192217618316786,13.668804723372965,-14.192217618316786,84,0.44047619047619047,1.4900651499353306,5.650591625288552,0.06726894792010181,-2.3999999999999986,0.23809523809523808,82,0.45121951219512196,-2.3999999999999986,0.4424315480190688,0,0.5,137,0.45255474452554745,1.005244037801465,0.09903836204173544,0.0007229077521294558,-2.9471144321435148,0.22627737226277372,128,0.4375,-2.9471144321435156,26.0622033352848,21,0.3333333333333333,379,0.42216358839050133,0.9571220419839866,-2.1777573177709524,-0.005746061524461616,-6.99133613161887,0.41952506596306066,346,0.4277456647398844,-6.79133613161887,-1.6118716494784706,19,0.5294117647058824
SPXW,"d65ret,d80_front",0.0,1,score_desc,d50ret,21,3,30,False,False,False,False,False,-14.192217618316786,-7.94080330388554,-14.192217618316786,84,0.44047619047619047,1.4900651499353306,5.650591625288552,0.06726894792010181,-2.3999999999999986,0.23809523809523808,82,0.43902439024390244,-2.3999999999999986,0.4424315480190688,0,0.5,137,0.44525547445255476,0.9747737776355062,-0.48398772447278415,-0.0035327571129400302,-2.9471144321435148,0.22627737226277372,128,0.4375,-2.9471144321435148,-5.333106190527785,21,0.3333333333333333,372,0.42473118279569894,0.9568624501219241,-2.174065457002242,-0.005844261981188823,-6.724713172182284,0.4220430107526882,337,0.4332344213649852,-6.524713172182282,-1.6146088281994422,18,0.47058823529411764
SPXW,"d65ret,d80_front",0.0,1,score_desc,d50ret,21,4,30,False,False,False,False,False,-14.192217618316786,-7.94080330388554,-14.192217618316786,84,0.44047619047619047,1.4900651499353306,5.650591625288552,0.06726894792010181,-2.3999999999999986,0.23809523809523808,82,0.43902439024390244,-2.3999999999999986,0.4424315480190688,0,0.5,137,0.44525547445255476,0.9747737776355062,-0.48398772447278415,-0.0035327571129400302,-2.9471144321435148,0.22627737226277372,128,0.4375,-2.9471144321435148,-5.333106190527785,21,0.3333333333333333,372,0.42473118279569894,0.9568624501219241,-2.174065457002242,-0.005844261981188823,-6.724713172182284,0.4220430107526882,337,0.4332344213649852,-6.524713172182282,-1.6146088281994422,18,0.47058823529411764
SPXW,"d65ret,d80_front",0.0,1,score_desc,d50ret,21,2,0,False,False,False,False,False,-14.192217618316786,13.668804723372965,-14.192217618316786,84,0.44047619047619047,1.4900651499353306,5.650591625288552,0.06726894792010181,-2.3999999999999986,0.23809523809523808,82,0.45121951219512196,-2.3999999999999986,0.4424315480190688,0,0.5,137,0.45255474452554745,1.005244037801465,0.09903836204173522,0.0007229077521294542,-2.9471144321435148,0.21897810218978103,128,0.4375,-2.9471144321435156,26.06220333528486,21,0.3333333333333333,373,0.4262734584450402,0.9564428639588597,-2.2069126032378437,-0.005916655772755613,-7.042042556457403,0.42091152815013405,336,0.43154761904761907,-6.842042556457405,-1.7239267707328665,18,0.47058823529411764
SPXW,"d65ret,d80_front",-999999.0,1,score_desc,d50ret,21,3,30,False,False,False,False,False,-14.192217618316786,-7.94080330388554,-14.192217618316786,84,0.44047619047619047,1.4900651499353306,5.650591625288552,0.06726894792010181,-2.3999999999999986,0.23809523809523808,82,0.43902439024390244,-2.3999999999999986,0.4424315480190688,0,0.5,137,0.44525547445255476,0.9747737776355062,-0.48398772447278415,-0.0035327571129400302,-2.9471144321435148,0.22627737226277372,128,0.4375,-2.9471144321435148,-5.333106190527785,21,0.3333333333333333,379,0.42216358839050133,0.9561440164471197,-2.234437586874286,-0.005895613685684132,-7.151101680717346,0.41688654353562005,346,0.4277456647398844,-6.951101680717347,-1.570983812919886,19,0.5294117647058824
SPXW,"d65ret,d80_front",-999999.0,1,score_desc,d50ret,21,4,30,False,False,False,False,False,-14.192217618316786,-7.94080330388554,-14.192217618316786,84,0.44047619047619047,1.4900651499353306,5.650591625288552,0.06726894792010181,-2.3999999999999986,0.23809523809523808,82,0.43902439024390244,-2.3999999999999986,0.4424315480190688,0,0.5,137,0.44525547445255476,0.9747737776355062,-0.48398772447278415,-0.0035327571129400302,-2.9471144321435148,0.22627737226277372,128,0.4375,-2.9471144321435148,-5.333106190527785,21,0.3333333333333333,379,0.42216358839050133,0.9561440164471197,-2.234437586874286,-0.005895613685684132,-7.151101680717346,0.41688654353562005,346,0.4277456647398844,-6.951101680717347,-1.570983812919886,19,0.5294117647058824
SPXW,"d65ret,d80_front",-999999.0,1,score_desc,d50ret,21,3,15,False,False,False,False,False,-14.192217618316786,13.668804723372965,-14.192217618316786,84,0.44047619047619047,1.4900651499353306,5.650591625288552,0.06726894792010181,-2.3999999999999986,0.23809523809523808,82,0.43902439024390244,-2.3999999999999986,0.4424315480190688,0,0.5,137,0.45255474452554745,1.005244037801465,0.09903836204173544,0.0007229077521294558,-2.9471144321435148,0.22627737226277372,128,0.4375,-2.9471144321435156,26.0622033352848,21,0.3333333333333333,379,0.42216358839050133,0.9540021792395034,-2.3438542106509885,-0.006184311901453796,-7.157433024498906,0.41952506596306066,346,0.42485549132947975,-6.957433024498905,-1.4976465959392262,19,0.5294117647058824
SPXW,"d65ret,d80_front",-999999.0,1,score_desc,d50ret,21,4,15,False,False,False,False,False,-14.192217618316786,13.668804723372965,-14.192217618316786,84,0.44047619047619047,1.4900651499353306,5.650591625288552,0.06726894792010181,-2.3999999999999986,0.23809523809523808,82,0.43902439024390244,-2.3999999999999986,0.4424315480190688,0,0.5,137,0.45255474452554745,1.005244037801465,0.09903836204173544,0.0007229077521294558,-2.9471144321435148,0.22627737226277372,128,0.4375,-2.9471144321435156,26.0622033352848,21,0.3333333333333333,379,0.42216358839050133,0.9540021792395034,-2.3438542106509885,-0.006184311901453796,-7.157433024498906,0.41952506596306066,346,0.42485549132947975,-6.957433024498905,-1.4976465959392262,19,0.5294117647058824
SPXW,"d65ret,d80_front",0.0,1,score_desc,d50ret,21,3,0,False,False,False,False,False,-14.192217618316786,13.668804723372965,-14.192217618316786,84,0.44047619047619047,1.4900651499353306,5.650591625288552,0.06726894792010181,-2.3999999999999986,0.23809523809523808,82,0.43902439024390244,-2.3999999999999986,0.4424315480190688,0,0.5,137,0.45255474452554745,1.005244037801465,0.09903836204173522,0.0007229077521294542,-2.9471144321435148,0.21897810218978103,128,0.4375,-2.9471144321435156,26.06220333528486,21,0.3333333333333333,373,0.4262734584450402,0.9533176961322004,-2.37300949611788,-0.006361955753667238,-7.2081394493374376,0.42091152815013405,336,0.42857142857142855,-7.00813944933744,-1.6032619016542222,18,0.47058823529411764
SPXW,"d65ret,d80_front",0.0,1,score_desc,d50ret,21,4,0,False,False,False,False,False,-14.192217618316786,13.668804723372965,-14.192217618316786,84,0.44047619047619047,1.4900651499353306,5.650591625288552,0.06726894792010181,-2.3999999999999986,0.23809523809523808,82,0.43902439024390244,-2.3999999999999986,0.4424315480190688,0,0.5,137,0.45255474452554745,1.005244037801465,0.09903836204173522,0.0007229077521294542,-2.9471144321435148,0.21897810218978103,128,0.4375,-2.9471144321435156,26.06220333528486,21,0.3333333333333333,373,0.4262734584450402,0.9533176961322004,-2.37300949611788,-0.006361955753667238,-7.2081394493374376,0.42091152815013405,336,0.42857142857142855,-7.00813944933744,-1.6032619016542222,18,0.47058823529411764
SPXW,"d65ret,d80_zero",-999999.0,1,score_desc,d65win,21,3,0,False,False,False,False,False,-14.203406507006036,-9.253809489577385,-14.203406507006036,110,0.45454545454545453,1.402416420428875,6.4014621629663395,0.05819511057242127,-2.4897598032876815,0.18181818181818182,102,0.45098039215686275,-2.4897598032876815,0.47859866029146675,0,0.6666666666666666,134,0.40298507462686567,0.9738743825928902,-0.5683384362997453,-0.004241331614177204,-3.077952612117665,0.2462686567164179,123,0.3983739837398374,-2.8188090214844794,-5.742823130400004,21,0.5,382,0.40575916230366493,0.9697017702334954,-1.7493706441486956,-0.004579504304054177,-3.846317533996796,0.4397905759162304,343,0.4110787172011662,-3.846317533996796,-1.9202901495304445,21,0.4117647058823529
SPXW,"d65ret,d80_zero",-999999.0,1,score_desc,d65win,21,4,0,False,False,False,False,False,-14.203406507006036,-9.253809489577385,-14.203406507006036,110,0.45454545454545453,1.402416420428875,6.4014621629663395,0.05819511057242127,-2.4897598032876815,0.18181818181818182,102,0.45098039215686275,-2.4897598032876815,0.47859866029146675,0,0.6666666666666666,134,0.40298507462686567,0.9738743825928902,-0.5683384362997453,-0.004241331614177204,-3.077952612117665,0.2462686567164179,123,0.3983739837398374,-2.8188090214844794,-5.742823130400004,21,0.5,382,0.40575916230366493,0.9697017702334954,-1.7493706441486956,-0.004579504304054177,-3.846317533996796,0.4397905759162304,343,0.4110787172011662,-3.846317533996796,-1.9202901495304445,21,0.4117647058823529
SPXW,"d65ret,d80_zero",0.0,1,score_desc,d65win,21,3,0,False,False,False,False,False,-14.203406507006036,-9.253809489577385,-14.203406507006036,110,0.45454545454545453,1.402416420428875,6.4014621629663395,0.05819511057242127,-2.4897598032876815,0.18181818181818182,102,0.45098039215686275,-2.4897598032876815,0.47859866029146675,0,0.6666666666666666,134,0.40298507462686567,0.9738743825928902,-0.5683384362997453,-0.004241331614177204,-3.077952612117665,0.2462686567164179,123,0.3983739837398374,-2.8188090214844794,-5.742823130400004,21,0.5,371,0.3935309973045822,0.9282906538483612,-4.023862977075857,-0.010845991851956487,-5.804725750455763,0.41509433962264153,321,0.3956386292834891,-5.804725750455762,-0.9591030404919562,20,0.35294117647058826
SPXW,"d65ret,d80_zero",0.0,1,score_desc,d65win,21,4,0,False,False,False,False,False,-14.203406507006036,-9.253809489577385,-14.203406507006036,110,0.45454545454545453,1.402416420428875,6.4014621629663395,0.05819511057242127,-2.4897598032876815,0.18181818181818182,102,0.45098039215686275,-2.4897598032876815,0.47859866029146675,0,0.6666666666666666,134,0.40298507462686567,0.9738743825928902,-0.5683384362997453,-0.004241331614177204,-3.077952612117665,0.2462686567164179,123,0.3983739837398374,-2.8188090214844794,-5.742823130400004,21,0.5,371,0.3935309973045822,0.9282906538483612,-4.023862977075857,-0.010845991851956487,-5.804725750455763,0.41509433962264153,321,0.3956386292834891,-5.804725750455762,-0.9591030404919562,20,0.35294117647058826
SPXW,"d50ret,d80",-999999.0,1,score_desc,d50ret,22,1,0,False,True,False,False,False,-14.20842884489959,5.978836820466955,-14.20842884489959,61,0.5081967213114754,1.3815404131011397,3.155255644899076,0.05172550237539469,-1.8,0.19672131147540983,61,0.5081967213114754,-1.8,0.7923288257297342,0,0.5,127,0.4881889763779528,1.3696380254432685,6.542870296623876,0.05151866375294391,-2.2353773138242152,0.2204724409448819,127,0.4881889763779528,-2.2353773138242152,0.38209530170420786,19,1.0,348,0.4425287356321839,1.1930733746149007,8.688760649847907,0.024967703016804333,-3.525241694505966,0.41954022988505746,348,0.4425287356321839,-3.525241694505966,0.2877280317353156,19,0.7058823529411765
SPXW,"d50ret,d80",-999999.0,1,score_desc,d50ret,22,1,15,False,True,False,False,False,-14.20842884489959,5.978836820466955,-14.20842884489959,61,0.5081967213114754,1.3815404131011397,3.155255644899076,0.05172550237539469,-1.8,0.19672131147540983,61,0.5081967213114754,-1.8,0.7923288257297342,0,0.5,127,0.4881889763779528,1.3696380254432685,6.542870296623876,0.05151866375294391,-2.2353773138242152,0.2204724409448819,127,0.4881889763779528,-2.2353773138242152,0.38209530170420786,19,1.0,348,0.4425287356321839,1.1930733746149007,8.688760649847907,0.024967703016804333,-3.525241694505966,0.41954022988505746,348,0.4425287356321839,-3.525241694505966,0.2877280317353156,19,0.7058823529411765
SPXW,"d50ret,d80",-999999.0,1,score_desc,d50ret,22,1,30,False,True,False,False,False,-14.20842884489959,5.978836820466955,-14.20842884489959,61,0.5081967213114754,1.3815404131011397,3.155255644899076,0.05172550237539469,-1.8,0.19672131147540983,61,0.5081967213114754,-1.8,0.7923288257297342,0,0.5,127,0.4881889763779528,1.3696380254432685,6.542870296623876,0.05151866375294391,-2.2353773138242152,0.2204724409448819,127,0.4881889763779528,-2.2353773138242152,0.38209530170420786,19,1.0,348,0.4425287356321839,1.1930733746149007,8.688760649847907,0.024967703016804333,-3.525241694505966,0.41954022988505746,348,0.4425287356321839,-3.525241694505966,0.2877280317353156,19,0.7058823529411765
SPXW,"d50ret,d80",0.0,1,score_desc,d50ret,22,1,0,False,True,False,False,False,-14.20842884489959,5.978836820466955,-14.20842884489959,61,0.5081967213114754,1.3815404131011397,3.155255644899076,0.05172550237539469,-1.8,0.19672131147540983,61,0.5081967213114754,-1.8,0.7923288257297342,0,0.5,127,0.4881889763779528,1.3696380254432685,6.542870296623876,0.05151866375294391,-2.2353773138242152,0.2204724409448819,127,0.4881889763779528,-2.2353773138242152,0.38209530170420786,19,1.0,345,0.4434782608695652,1.192724786241562,8.607263750616557,0.024948590581497267,-3.4138436957309515,0.42028985507246375,345,0.4434782608695652,-3.4138436957309515,0.29045235192437546,17,0.7058823529411765
SPXW,"d50ret,d80",0.0,1,score_desc,d50ret,22,1,15,False,True,False,False,False,-14.20842884489959,5.978836820466955,-14.20842884489959,61,0.5081967213114754,1.3815404131011397,3.155255644899076,0.05172550237539469,-1.8,0.19672131147540983,61,0.5081967213114754,-1.8,0.7923288257297342,0,0.5,127,0.4881889763779528,1.3696380254432685,6.542870296623876,0.05151866375294391,-2.2353773138242152,0.2204724409448819,127,0.4881889763779528,-2.2353773138242152,0.38209530170420786,19,1.0,345,0.4434782608695652,1.192724786241562,8.607263750616557,0.024948590581497267,-3.4138436957309515,0.42028985507246375,345,0.4434782608695652,-3.4138436957309515,0.29045235192437546,17,0.7058823529411765
SPXW,"d50ret,d80",0.0,1,score_desc,d50ret,22,1,30,False,True,False,False,False,-14.20842884489959,5.978836820466955,-14.20842884489959,61,0.5081967213114754,1.3815404131011397,3.155255644899076,0.05172550237539469,-1.8,0.19672131147540983,61,0.5081967213114754,-1.8,0.7923288257297342,0,0.5,127,0.4881889763779528,1.3696380254432685,6.542870296623876,0.05151866375294391,-2.2353773138242152,0.2204724409448819,127,0.4881889763779528,-2.2353773138242152,0.38209530170420786,19,1.0,345,0.4434782608695652,1.192724786241562,8.607263750616557,0.024948590581497267,-3.4138436957309515,0.42028985507246375,345,0.4434782608695652,-3.4138436957309515,0.29045235192437546,17,0.7058823529411765
SPXW,"d50ret,d80",-999999.0,1,score_desc,d50ret,21,1,0,False,False,False,False,False,-14.20842884489959,24.965764157873753,-14.20842884489959,61,0.5081967213114754,1.3815404131011397,3.155255644899076,0.05172550237539469,-1.8,0.19672131147540983,61,0.5081967213114754,-1.8,0.7923288257297342,0,0.5,127,0.4881889763779528,1.3818069858455935,6.780950804363923,0.05339331342018837,-2.2353773138242152,0.1889763779527559,127,0.4881889763779528,-2.2353773138242152,0.3686798609998925,19,1.0,348,0.4396551724137931,1.1741356922404496,7.888760649847907,0.022668852442091686,-3.525241694505967,0.4166666666666667,348,0.4396551724137931,-3.525241694505967,0.3169065599738026,19,0.7058823529411765
SPXW,"d50ret,d80",-999999.0,1,score_desc,d50ret,21,1,15,False,False,False,False,False,-14.20842884489959,24.965764157873753,-14.20842884489959,61,0.5081967213114754,1.3815404131011397,3.155255644899076,0.05172550237539469,-1.8,0.19672131147540983,61,0.5081967213114754,-1.8,0.7923288257297342,0,0.5,127,0.4881889763779528,1.3818069858455935,6.780950804363923,0.05339331342018837,-2.2353773138242152,0.1889763779527559,127,0.4881889763779528,-2.2353773138242152,0.3686798609998925,19,1.0,348,0.4396551724137931,1.1741356922404496,7.888760649847907,0.022668852442091686,-3.525241694505967,0.4166666666666667,348,0.4396551724137931,-3.525241694505967,0.3169065599738026,19,0.7058823529411765
SPXW,"d50ret,d80",-999999.0,1,score_desc,d50ret,21,1,30,False,False,False,False,False,-14.20842884489959,24.965764157873753,-14.20842884489959,61,0.5081967213114754,1.3815404131011397,3.155255644899076,0.05172550237539469,-1.8,0.19672131147540983,61,0.5081967213114754,-1.8,0.7923288257297342,0,0.5,127,0.4881889763779528,1.3818069858455935,6.780950804363923,0.05339331342018837,-2.2353773138242152,0.1889763779527559,127,0.4881889763779528,-2.2353773138242152,0.3686798609998925,19,1.0,348,0.4396551724137931,1.1741356922404496,7.888760649847907,0.022668852442091686,-3.525241694505967,0.4166666666666667,348,0.4396551724137931,-3.525241694505967,0.3169065599738026,19,0.7058823529411765
SPXW,"d50ret,d80",0.0,1,score_desc,d50ret,21,1,0,False,False,False,False,False,-14.20842884489959,24.965764157873753,-14.20842884489959,61,0.5081967213114754,1.3815404131011397,3.155255644899076,0.05172550237539469,-1.8,0.19672131147540983,61,0.5081967213114754,-1.8,0.7923288257297342,0,0.5,127,0.4881889763779528,1.3818069858455935,6.780950804363923,0.05339331342018837,-2.2353773138242152,0.1889763779527559,127,0.4881889763779528,-2.2353773138242152,0.3686798609998925,19,1.0,345,0.4405797101449275,1.1736456018225419,7.807263750616558,0.022629750001787127,-3.4138436957309515,0.41739130434782606,345,0.4405797101449275,-3.4138436957309515,0.3202146206220546,17,0.7058823529411765
SPXW,"d50ret,d80",0.0,1,score_desc,d50ret,21,1,15,False,False,False,False,False,-14.20842884489959,24.965764157873753,-14.20842884489959,61,0.5081967213114754,1.3815404131011397,3.155255644899076,0.05172550237539469,-1.8,0.19672131147540983,61,0.5081967213114754,-1.8,0.7923288257297342,0,0.5,127,0.4881889763779528,1.3818069858455935,6.780950804363923,0.05339331342018837,-2.2353773138242152,0.1889763779527559,127,0.4881889763779528,-2.2353773138242152,0.3686798609998925,19,1.0,345,0.4405797101449275,1.1736456018225419,7.807263750616558,0.022629750001787127,-3.4138436957309515,0.41739130434782606,345,0.4405797101449275,-3.4138436957309515,0.3202146206220546,17,0.7058823529411765
SPXW,"d50ret,d80",0.0,1,score_desc,d50ret,21,1,30,False,False,False,False,False,-14.20842884489959,24.965764157873753,-14.20842884489959,61,0.5081967213114754,1.3815404131011397,3.155255644899076,0.05172550237539469,-1.8,0.19672131147540983,61,0.5081967213114754,-1.8,0.7923288257297342,0,0.5,127,0.4881889763779528,1.3818069858455935,6.780950804363923,0.05339331342018837,-2.2353773138242152,0.1889763779527559,127,0.4881889763779528,-2.2353773138242152,0.3686798609998925,19,1.0,345,0.4405797101449275,1.1736456018225419,7.807263750616558,0.022629750001787127,-3.4138436957309515,0.41739130434782606,345,0.4405797101449275,-3.4138436957309515,0.3202146206220546,17,0.7058823529411765
SPXW,d80,0.0,1,score_desc,d50ret,22,1,0,False,True,False,False,False,-14.20842884489959,5.913655123431517,-14.20842884489959,61,0.5081967213114754,1.3815404131011397,3.155255644899076,0.05172550237539469,-1.8,0.19672131147540983,61,0.5081967213114754,-1.8,0.7923288257297342,0,0.5,127,0.4881889763779528,1.3466975999868545,6.182897777499071,0.04868423446849662,-2.2353773138242152,0.2047244094488189,127,0.4881889763779528,-2.2353773138242152,0.4043411503741905,19,1.0,345,0.43478260869565216,1.1654452177095036,7.274215565171098,0.021084682797597388,-3.413843695730952,0.4434782608695652,345,0.43478260869565216,-3.413843695730952,0.34367966931994504,17,0.6470588235294118
SPXW,d80,0.0,1,score_desc,d50ret,22,1,15,False,True,False,False,False,-14.20842884489959,5.913655123431517,-14.20842884489959,61,0.5081967213114754,1.3815404131011397,3.155255644899076,0.05172550237539469,-1.8,0.19672131147540983,61,0.5081967213114754,-1.8,0.7923288257297342,0,0.5,127,0.4881889763779528,1.3466975999868545,6.182897777499071,0.04868423446849662,-2.2353773138242152,0.2047244094488189,127,0.4881889763779528,-2.2353773138242152,0.4043411503741905,19,1.0,345,0.43478260869565216,1.1654452177095036,7.274215565171098,0.021084682797597388,-3.413843695730952,0.4434782608695652,345,0.43478260869565216,-3.413843695730952,0.34367966931994504,17,0.6470588235294118
SPXW,d80,0.0,1,score_desc,d50ret,22,1,30,False,True,False,False,False,-14.20842884489959,5.913655123431517,-14.20842884489959,61,0.5081967213114754,1.3815404131011397,3.155255644899076,0.05172550237539469,-1.8,0.19672131147540983,61,0.5081967213114754,-1.8,0.7923288257297342,0,0.5,127,0.4881889763779528,1.3466975999868545,6.182897777499071,0.04868423446849662,-2.2353773138242152,0.2047244094488189,127,0.4881889763779528,-2.2353773138242152,0.4043411503741905,19,1.0,345,0.43478260869565216,1.1654452177095036,7.274215565171098,0.021084682797597388,-3.413843695730952,0.4434782608695652,345,0.43478260869565216,-3.413843695730952,0.34367966931994504,17,0.6470588235294118
SPXW,d80,-999999.0,1,score_desc,d50ret,21,1,0,False,False,False,False,False,-14.20842884489959,24.56924717148726,-14.20842884489959,61,0.5081967213114754,1.3815404131011397,3.155255644899076,0.05172550237539469,-1.8,0.19672131147540983,61,0.5081967213114754,-1.8,0.7923288257297342,0,0.5,127,0.4881889763779528,1.3633786280649223,6.480382073422077,0.05102663049938643,-2.2353773138242152,0.1732283464566929,127,0.4881889763779528,-2.2353773138242152,0.3857797228119039,19,1.0,348,0.4367816091954023,1.1567509504107738,6.889189359718908,0.019796521148617553,-3.413843695730952,0.45689655172413796,348,0.4367816091954023,-3.413843695730952,0.3628873978435693,19,0.6470588235294118
SPXW,d80,-999999.0,1,score_desc,d50ret,21,1,15,False,False,False,False,False,-14.20842884489959,24.56924717148726,-14.20842884489959,61,0.5081967213114754,1.3815404131011397,3.155255644899076,0.05172550237539469,-1.8,0.19672131147540983,61,0.5081967213114754,-1.8,0.7923288257297342,0,0.5,127,0.4881889763779528,1.3633786280649223,6.480382073422077,0.05102663049938643,-2.2353773138242152,0.1732283464566929,127,0.4881889763779528,-2.2353773138242152,0.3857797228119039,19,1.0,348,0.4367816091954023,1.1567509504107738,6.889189359718908,0.019796521148617553,-3.413843695730952,0.45689655172413796,348,0.4367816091954023,-3.413843695730952,0.3628873978435693,19,0.6470588235294118
SPXW,d80,-999999.0,1,score_desc,d50ret,21,1,30,False,False,False,False,False,-14.20842884489959,24.56924717148726,-14.20842884489959,61,0.5081967213114754,1.3815404131011397,3.155255644899076,0.05172550237539469,-1.8,0.19672131147540983,61,0.5081967213114754,-1.8,0.7923288257297342,0,0.5,127,0.4881889763779528,1.3633786280649223,6.480382073422077,0.05102663049938643,-2.2353773138242152,0.1732283464566929,127,0.4881889763779528,-2.2353773138242152,0.3857797228119039,19,1.0,348,0.4367816091954023,1.1567509504107738,6.889189359718908,0.019796521148617553,-3.413843695730952,0.45689655172413796,348,0.4367816091954023,-3.413843695730952,0.3628873978435693,19,0.6470588235294118
SPXW,d80,-999999.0,1,score_desc,d50ret,22,1,0,False,True,False,False,False,-14.20842884489959,5.913655123431517,-14.20842884489959,61,0.5081967213114754,1.3815404131011397,3.155255644899076,0.05172550237539469,-1.8,0.19672131147540983,61,0.5081967213114754,-1.8,0.7923288257297342,0,0.5,127,0.4881889763779528,1.3466975999868545,6.182897777499071,0.04868423446849662,-2.2353773138242152,0.2047244094488189,127,0.4881889763779528,-2.2353773138242152,0.4043411503741905,19,1.0,348,0.4367816091954023,1.1567509504107738,6.889189359718908,0.019796521148617553,-3.413843695730952,0.45977011494252873,348,0.4367816091954023,-3.413843695730952,0.3628873978435693,19,0.6470588235294118
SPXW,d80,-999999.0,1,score_desc,d50ret,22,1,15,False,True,False,False,False,-14.20842884489959,5.913655123431517,-14.20842884489959,61,0.5081967213114754,1.3815404131011397,3.155255644899076,0.05172550237539469,-1.8,0.19672131147540983,61,0.5081967213114754,-1.8,0.7923288257297342,0,0.5,127,0.4881889763779528,1.3466975999868545,6.182897777499071,0.04868423446849662,-2.2353773138242152,0.2047244094488189,127,0.4881889763779528,-2.2353773138242152,0.4043411503741905,19,1.0,348,0.4367816091954023,1.1567509504107738,6.889189359718908,0.019796521148617553,-3.413843695730952,0.45977011494252873,348,0.4367816091954023,-3.413843695730952,0.3628873978435693,19,0.6470588235294118
SPXW,d80,-999999.0,1,score_desc,d50ret,22,1,30,False,True,False,False,False,-14.20842884489959,5.913655123431517,-14.20842884489959,61,0.5081967213114754,1.3815404131011397,3.155255644899076,0.05172550237539469,-1.8,0.19672131147540983,61,0.5081967213114754,-1.8,0.7923288257297342,0,0.5,127,0.4881889763779528,1.3466975999868545,6.182897777499071,0.04868423446849662,-2.2353773138242152,0.2047244094488189,127,0.4881889763779528,-2.2353773138242152,0.4043411503741905,19,1.0,348,0.4367816091954023,1.1567509504107738,6.889189359718908,0.019796521148617553,-3.413843695730952,0.45977011494252873,348,0.4367816091954023,-3.413843695730952,0.3628873978435693,19,0.6470588235294118
SPXW,d80,0.0,1,score_desc,d50ret,21,1,0,False,False,False,False,False,-14.20842884489959,24.56924717148726,-14.20842884489959,61,0.5081967213114754,1.3815404131011397,3.155255644899076,0.05172550237539469,-1.8,0.19672131147540983,61,0.5081967213114754,-1.8,0.7923288257297342,0,0.5,127,0.4881889763779528,1.3633786280649223,6.480382073422077,0.05102663049938643,-2.2353773138242152,0.1732283464566929,127,0.4881889763779528,-2.2353773138242152,0.3857797228119039,19,1.0,344,0.4331395348837209,1.1540731861669098,6.774215565171099,0.01969248710805552,-3.413843695730952,0.4418604651162791,344,0.4331395348837209,-3.413843695730952,0.36904641961107365,17,0.6470588235294118
SPXW,d80,0.0,1,score_desc,d50ret,21,1,15,False,False,False,False,False,-14.20842884489959,24.56924717148726,-14.20842884489959,61,0.5081967213114754,1.3815404131011397,3.155255644899076,0.05172550237539469,-1.8,0.19672131147540983,61,0.5081967213114754,-1.8,0.7923288257297342,0,0.5,127,0.4881889763779528,1.3633786280649223,6.480382073422077,0.05102663049938643,-2.2353773138242152,0.1732283464566929,127,0.4881889763779528,-2.2353773138242152,0.3857797228119039,19,1.0,344,0.4331395348837209,1.1540731861669098,6.774215565171099,0.01969248710805552,-3.413843695730952,0.4418604651162791,344,0.4331395348837209,-3.413843695730952,0.36904641961107365,17,0.6470588235294118
SPXW,d80,0.0,1,score_desc,d50ret,21,1,30,False,False,False,False,False,-14.20842884489959,24.56924717148726,-14.20842884489959,61,0.5081967213114754,1.3815404131011397,3.155255644899076,0.05172550237539469,-1.8,0.19672131147540983,61,0.5081967213114754,-1.8,0.7923288257297342,0,0.5,127,0.4881889763779528,1.3633786280649223,6.480382073422077,0.05102663049938643,-2.2353773138242152,0.1732283464566929,127,0.4881889763779528,-2.2353773138242152,0.3857797228119039,19,1.0,344,0.4331395348837209,1.1540731861669098,6.774215565171099,0.01969248710805552,-3.413843695730952,0.4418604651162791,344,0.4331395348837209,-3.413843695730952,0.36904641961107365,17,0.6470588235294118
SPXW,"d50ret,d65ret,d80_zero",-999999.0,1,score_desc,d65win,22,2,30,False,False,False,False,False,-14.215040979783472,12.97060228007118,-14.215040979783472,115,0.45217391304347826,1.3914262629815013,6.4271648716776495,0.0558883901885013,-2.4732483842357498,0.19130434782608696,103,0.4563106796116505,-2.4732483842357498,0.5848586261651681,0,0.6666666666666666,139,0.41007194244604317,1.016590973642669,0.3832351865211614,0.002757087672814111,-3.502324509578672,0.2446043165467626,128,0.3984375,-3.5023245095786715,8.061196135262183,22,0.5,389,0.4138817480719794,1.0399705005185558,2.315966089982062,0.005953640334144119,-4.331619583803894,0.4138817480719794,349,0.3982808022922636,-4.331619583803893,1.4469674771923275,21,0.4117647058823529
SPXW,"d50ret,d65ret,d80_zero",0.0,1,score_desc,d65win,22,2,30,False,False,False,False,False,-14.215040979783472,12.97060228007118,-14.215040979783472,115,0.45217391304347826,1.3914262629815013,6.4271648716776495,0.0558883901885013,-2.4732483842357498,0.19130434782608696,103,0.4563106796116505,-2.4732483842357498,0.5848586261651681,0,0.6666666666666666,139,0.41007194244604317,1.016590973642669,0.3832351865211614,0.002757087672814111,-3.502324509578672,0.2446043165467626,128,0.3984375,-3.5023245095786715,8.061196135262183,22,0.5,382,0.4005235602094241,1.0252283381423808,1.443756167880268,0.0037794664080635287,-4.331619583803894,0.387434554973822,336,0.38392857142857145,-4.331619583803894,2.795657606600722,20,0.47058823529411764
SPXW,"d80,d80_front",0.0,1,score_desc,d65ret,22,3,0,False,False,False,False,False,-14.22482441581227,23.386461766786155,-14.22482441581227,112,0.4732142857142857,1.3576823376138603,4.93167965447947,0.04403285405785241,-2.016069374745981,0.17857142857142858,100,0.51,-2.016069374745981,0.6083120174432021,0,0.8333333333333334,134,0.4701492537313433,1.3430295205689853,6.504660349479806,0.04854224141402841,-1.9774802861251226,0.13432835820895522,124,0.47580645161290325,-1.9774802861251226,0.5750690025061709,20,0.8333333333333334,387,0.4599483204134367,1.208635386998052,10.251835139846438,0.02649053007712258,-4.138129570398268,0.3979328165374677,341,0.4604105571847507,-4.138129570398268,0.3940991734234322,19,0.6470588235294118
SPXW,"d80,d80_front",0.0,1,score_desc,d65ret,22,4,0,False,False,False,False,False,-14.22482441581227,23.386461766786155,-14.22482441581227,112,0.4732142857142857,1.3576823376138603,4.93167965447947,0.04403285405785241,-2.016069374745981,0.17857142857142858,100,0.51,-2.016069374745981,0.6083120174432021,0,0.8333333333333334,134,0.4701492537313433,1.3430295205689853,6.504660349479806,0.04854224141402841,-1.9774802861251226,0.13432835820895522,124,0.47580645161290325,-1.9774802861251226,0.5750690025061709,20,0.8333333333333334,387,0.4599483204134367,1.208635386998052,10.251835139846438,0.02649053007712258,-4.138129570398268,0.3979328165374677,341,0.4604105571847507,-4.138129570398268,0.3940991734234322,19,0.6470588235294118
SPXW,"d65ret,d80_front,d80_zero",0.0,1,score_desc,d80,22,3,30,False,False,False,False,False,-14.244429441270457,-14.046464720934903,-14.244429441270457,109,0.46788990825688076,1.4073820425697527,6.363305035811724,0.05837894528267636,-2.3999999999999986,0.1834862385321101,102,0.47058823529411764,-2.3999999999999986,0.4943966741892289,0,0.5,137,0.39416058394160586,0.8968158930065986,-2.350104689725786,-0.017154048830115225,-3.708197231684813,0.21897810218978103,128,0.40625,-3.708197231684813,-1.0637823969840698,21,0.3333333333333333,383,0.4281984334203655,0.9971074251056405,-0.15305416031761787,-0.00039961921753947226,-5.391665917506688,0.37597911227154046,346,0.4190751445086705,-5.391665917506689,-32.800160922276405,20,0.4117647058823529
SPXW,"d65ret,d80_front,d80_zero",0.0,1,score_desc,d80,22,4,30,False,False,False,False,False,-14.244429441270457,-14.046464720934903,-14.244429441270457,109,0.46788990825688076,1.4073820425697527,6.363305035811724,0.05837894528267636,-2.3999999999999986,0.1834862385321101,102,0.47058823529411764,-2.3999999999999986,0.4943966741892289,0,0.5,137,0.39416058394160586,0.8968158930065986,-2.350104689725786,-0.017154048830115225,-3.708197231684813,0.21897810218978103,128,0.40625,-3.708197231684813,-1.0637823969840698,21,0.3333333333333333,383,0.4281984334203655,0.9971074251056405,-0.15305416031761787,-0.00039961921753947226,-5.391665917506688,0.37597911227154046,346,0.4190751445086705,-5.391665917506689,-32.800160922276405,20,0.4117647058823529
SPXW,"d65ret,d80_front,d80_zero",-999999.0,1,score_desc,d80,22,3,30,False,False,False,False,False,-14.244429441270457,-14.046464720934903,-14.244429441270457,109,0.46788990825688076,1.4073820425697527,6.363305035811724,0.05837894528267636,-2.3999999999999986,0.1834862385321101,102,0.47058823529411764,-2.3999999999999986,0.4943966741892289,0,0.5,137,0.39416058394160586,0.8968158930065986,-2.350104689725786,-0.017154048830115225,-3.708197231684813,0.21897810218978103,128,0.40625,-3.708197231684813,-1.0637823969840698,21,0.3333333333333333,385,0.42337662337662335,0.9966536215601915,-0.17862304766396297,-0.00046395596795834537,-5.285828370418969,0.38701298701298703,351,0.41595441595441596,-5.28582837041897,-28.105001867878094,20,0.4117647058823529
SPXW,"d65ret,d80_front,d80_zero",-999999.0,1,score_desc,d80,22,4,30,False,False,False,False,False,-14.244429441270457,-14.046464720934903,-14.244429441270457,109,0.46788990825688076,1.4073820425697527,6.363305035811724,0.05837894528267636,-2.3999999999999986,0.1834862385321101,102,0.47058823529411764,-2.3999999999999986,0.4943966741892289,0,0.5,137,0.39416058394160586,0.8968158930065986,-2.350104689725786,-0.017154048830115225,-3.708197231684813,0.21897810218978103,128,0.40625,-3.708197231684813,-1.0637823969840698,21,0.3333333333333333,385,0.42337662337662335,0.9966536215601915,-0.17862304766396297,-0.00046395596795834537,-5.285828370418969,0.38701298701298703,351,0.41595441595441596,-5.28582837041897,-28.105001867878094,20,0.4117647058823529
SPXW,"d65ret,d80_front,d80_zero",-999999.0,1,score_desc,d80,22,3,0,False,False,False,False,False,-14.244429441270457,-12.579894273151874,-14.244429441270457,109,0.46788990825688076,1.4073820425697527,6.363305035811724,0.05837894528267636,-2.3999999999999986,0.1834862385321101,102,0.47058823529411764,-2.3999999999999986,0.4943966741892289,0,0.5,137,0.40145985401459855,0.9188402134083459,-1.8241343608009,-0.01331484934891168,-3.1822269027599264,0.22627737226277372,128,0.40625,-3.1822269027599264,-1.370513079366783,21,0.3333333333333333,388,0.4175257731958763,0.9938615020950919,-0.3339362323415216,-0.0008606603926327876,-6.198772158401856,0.38917525773195877,351,0.41025641025641024,-6.198772158401857,-15.033412376490856,20,0.47058823529411764
SPXW,"d65ret,d80_front,d80_zero",-999999.0,1,score_desc,d80,22,4,0,False,False,False,False,False,-14.244429441270457,-12.579894273151874,-14.244429441270457,109,0.46788990825688076,1.4073820425697527,6.363305035811724,0.05837894528267636,-2.3999999999999986,0.1834862385321101,102,0.47058823529411764,-2.3999999999999986,0.4943966741892289,0,0.5,137,0.40145985401459855,0.9188402134083459,-1.8241343608009,-0.01331484934891168,-3.1822269027599264,0.22627737226277372,128,0.40625,-3.1822269027599264,-1.370513079366783,21,0.3333333333333333,388,0.4175257731958763,0.9938615020950919,-0.3339362323415216,-0.0008606603926327876,-6.198772158401856,0.38917525773195877,351,0.41025641025641024,-6.198772158401857,-15.033412376490856,20,0.47058823529411764
SPXW,"d65ret,d80_front,d80_zero",0.0,1,score_desc,d80,22,3,0,False,False,False,False,False,-14.244429441270457,-12.579894273151874,-14.244429441270457,109,0.46788990825688076,1.4073820425697527,6.363305035811724,0.05837894528267636,-2.3999999999999986,0.1834862385321101,102,0.47058823529411764,-2.3999999999999986,0.4943966741892289,0,0.5,137,0.40145985401459855,0.9188402134083459,-1.8241343608009,-0.01331484934891168,-3.1822269027599264,0.22627737226277372,128,0.40625,-3.1822269027599264,-1.370513079366783,21,0.3333333333333333,385,0.42077922077922075,0.9874594317984199,-0.6751831312245997,-0.001753722418765194,-6.005315510695416,0.38181818181818183,344,0.4127906976744186,-6.005315510695417,-7.435317702823038,20,0.47058823529411764
SPXW,"d65ret,d80_front,d80_zero",0.0,1,score_desc,d80,22,4,0,False,False,False,False,False,-14.244429441270457,-12.579894273151874,-14.244429441270457,109,0.46788990825688076,1.4073820425697527,6.363305035811724,0.05837894528267636,-2.3999999999999986,0.1834862385321101,102,0.47058823529411764,-2.3999999999999986,0.4943966741892289,0,0.5,137,0.40145985401459855,0.9188402134083459,-1.8241343608009,-0.01331484934891168,-3.1822269027599264,0.22627737226277372,128,0.40625,-3.1822269027599264,-1.370513079366783,21,0.3333333333333333,385,0.42077922077922075,0.9874594317984199,-0.6751831312245997,-0.001753722418765194,-6.005315510695416,0.38181818181818183,344,0.4127906976744186,-6.005315510695417,-7.435317702823038,20,0.47058823529411764
SPXW,"d65ret,d80_front,d80_zero",-999999.0,1,score_desc,d80,22,3,15,False,False,False,False,False,-14.244429441270457,-14.046464720934903,-14.244429441270457,109,0.46788990825688076,1.4073820425697527,6.363305035811724,0.05837894528267636,-2.3999999999999986,0.1834862385321101,102,0.47058823529411764,-2.3999999999999986,0.4943966741892289,0,0.5,137,0.39416058394160586,0.8968158930065986,-2.350104689725786,-0.017154048830115225,-3.708197231684813,0.21897810218978103,128,0.40625,-3.708197231684813,-1.0637823969840698,21,0.3333333333333333,385,0.42077922077922075,0.9870140481306211,-0.6970601545789799,-0.0018105458560492983,-5.804265477333988,0.38961038961038963,351,0.4188034188034188,-5.80426547733399,-7.2019624924249594,20,0.4117647058823529
SPXW,"d65ret,d80_front,d80_zero",-999999.0,1,score_desc,d80,22,4,15,False,False,False,False,False,-14.244429441270457,-14.046464720934903,-14.244429441270457,109,0.46788990825688076,1.4073820425697527,6.363305035811724,0.05837894528267636,-2.3999999999999986,0.1834862385321101,102,0.47058823529411764,-2.3999999999999986,0.4943966741892289,0,0.5,137,0.39416058394160586,0.8968158930065986,-2.350104689725786,-0.017154048830115225,-3.708197231684813,0.21897810218978103,128,0.40625,-3.708197231684813,-1.0637823969840698,21,0.3333333333333333,385,0.42077922077922075,0.9870140481306211,-0.6970601545789799,-0.0018105458560492983,-5.804265477333988,0.38961038961038963,351,0.4188034188034188,-5.80426547733399,-7.2019624924249594,20,0.4117647058823529
SPXW,"d65ret,d80_front,d80_zero",0.0,1,score_desc,d80,22,3,15,False,False,False,False,False,-14.244429441270457,-14.046464720934903,-14.244429441270457,109,0.46788990825688076,1.4073820425697527,6.363305035811724,0.05837894528267636,-2.3999999999999986,0.1834862385321101,102,0.47058823529411764,-2.3999999999999986,0.4943966741892289,0,0.5,137,0.39416058394160586,0.8968158930065986,-2.350104689725786,-0.017154048830115225,-3.708197231684813,0.21897810218978103,128,0.40625,-3.708197231684813,-1.0637823969840698,21,0.3333333333333333,383,0.42297650130548303,0.980724209552414,-1.031501008925411,-0.0026932141225206557,-6.270112766114484,0.3785900783289817,346,0.42196531791907516,-6.270112766114485,-4.86688916908735,20,0.4117647058823529
SPXW,"d65ret,d80_front,d80_zero",0.0,1,score_desc,d80,22,4,15,False,False,False,False,False,-14.244429441270457,-14.046464720934903,-14.244429441270457,109,0.46788990825688076,1.4073820425697527,6.363305035811724,0.05837894528267636,-2.3999999999999986,0.1834862385321101,102,0.47058823529411764,-2.3999999999999986,0.4943966741892289,0,0.5,137,0.39416058394160586,0.8968158930065986,-2.350104689725786,-0.017154048830115225,-3.708197231684813,0.21897810218978103,128,0.40625,-3.708197231684813,-1.0637823969840698,21,0.3333333333333333,383,0.42297650130548303,0.980724209552414,-1.031501008925411,-0.0026932141225206557,-6.270112766114484,0.3785900783289817,346,0.42196531791907516,-6.270112766114485,-4.86688916908735,20,0.4117647058823529
SPXW,"d50ret,d65ret,d80",0.0,1,score_desc,d80_front,22,2,0,False,False,False,False,False,-14.250239237846003,16.59447444315285,-14.250239237846003,114,0.45614035087719296,1.3421305095837521,5.677618515139195,0.04980367118543154,-1.9057380639761257,0.22807017543859648,102,0.47058823529411764,-1.9057380639761257,0.5285157696100503,0,0.8333333333333334,139,0.4316546762589928,1.1210959184587626,2.698727756173079,0.019415307598367477,-3.638365252546904,0.2158273381294964,128,0.4140625,-3.638365252546904,1.0015295354769067,22,0.3333333333333333,389,0.4138817480719794,1.0693313262673454,4.04028512057557,0.010386337070888355,-5.699597620764604,0.35989717223650386,344,0.4011627906976744,-5.699597620764603,0.864581773741393,20,0.5294117647058824
SPXW,"d50ret,d65ret,d80",0.0,1,score_desc,d80_front,22,3,0,False,False,False,False,False,-14.250239237846003,15.709483912692383,-14.250239237846003,114,0.45614035087719296,1.3421305095837521,5.677618515139195,0.04980367118543154,-1.9057380639761257,0.22807017543859648,102,0.47058823529411764,-1.9057380639761257,0.5285157696100503,0,0.8333333333333334,139,0.4244604316546763,1.1004987909189126,2.2463657128282164,0.01616090440883609,-3.6383652525469046,0.2158273381294964,128,0.4140625,-3.6383652525469046,1.177723200477971,22,0.3333333333333333,389,0.4138817480719794,1.0631743203170108,3.7028054619504114,0.009518780107841674,-5.742510168306897,0.35989717223650386,344,0.39825581395348836,-5.742510168306898,0.943381150282792,20,0.5294117647058824
SPXW,"d50ret,d65ret,d80",0.0,1,score_desc,d80_front,22,4,0,False,False,False,False,False,-14.250239237846003,15.709483912692383,-14.250239237846003,114,0.45614035087719296,1.3421305095837521,5.677618515139195,0.04980367118543154,-1.9057380639761257,0.22807017543859648,102,0.47058823529411764,-1.9057380639761257,0.5285157696100503,0,0.8333333333333334,139,0.4244604316546763,1.1004987909189126,2.2463657128282164,0.01616090440883609,-3.6383652525469046,0.2158273381294964,128,0.4140625,-3.6383652525469046,1.177723200477971,22,0.3333333333333333,389,0.4138817480719794,1.0631743203170108,3.7028054619504114,0.009518780107841674,-5.742510168306897,0.35989717223650386,344,0.39825581395348836,-5.742510168306898,0.943381150282792,20,0.5294117647058824
SPXW,"d50ret,d65ret,d80",-999999.0,1,score_desc,d80_front,22,2,0,False,False,False,False,False,-14.250239237846003,16.59447444315285,-14.250239237846003,114,0.45614035087719296,1.3421305095837521,5.677618515139195,0.04980367118543154,-1.9057380639761257,0.22807017543859648,102,0.47058823529411764,-1.9057380639761257,0.5285157696100503,0,0.8333333333333334,139,0.4316546762589928,1.1210959184587626,2.698727756173079,0.019415307598367477,-3.638365252546904,0.2158273381294964,128,0.4140625,-3.638365252546904,1.0015295354769067,22,0.3333333333333333,391,0.4143222506393862,1.060295252733488,3.524208221561513,0.009013320259748115,-5.466641226225386,0.3657289002557545,349,0.41260744985673353,-5.466641226225386,0.7878469789051574,21,0.5294117647058824
SPXW,"d50ret,d65ret,d80",-999999.0,1,score_desc,d80_front,22,3,0,False,False,False,False,False,-14.250239237846003,15.709483912692383,-14.250239237846003,114,0.45614035087719296,1.3421305095837521,5.677618515139195,0.04980367118543154,-1.9057380639761257,0.22807017543859648,102,0.47058823529411764,-1.9057380639761257,0.5285157696100503,0,0.8333333333333334,139,0.4244604316546763,1.1004987909189126,2.2463657128282164,0.01616090440883609,-3.6383652525469046,0.2158273381294964,128,0.4140625,-3.6383652525469046,1.177723200477971,22,0.3333333333333333,391,0.4143222506393862,1.054208360439588,3.186728562936355,0.008150200928225972,-5.50955377376768,0.3657289002557545,349,0.40974212034383956,-5.50955377376768,0.8712812357735185,21,0.5294117647058824
SPXW,"d50ret,d65ret,d80",-999999.0,1,score_desc,d80_front,22,4,0,False,False,False,False,False,-14.250239237846003,15.709483912692383,-14.250239237846003,114,0.45614035087719296,1.3421305095837521,5.677618515139195,0.04980367118543154,-1.9057380639761257,0.22807017543859648,102,0.47058823529411764,-1.9057380639761257,0.5285157696100503,0,0.8333333333333334,139,0.4244604316546763,1.1004987909189126,2.2463657128282164,0.01616090440883609,-3.6383652525469046,0.2158273381294964,128,0.4140625,-3.6383652525469046,1.177723200477971,22,0.3333333333333333,391,0.4143222506393862,1.054208360439588,3.186728562936355,0.008150200928225972,-5.50955377376768,0.3657289002557545,349,0.40974212034383956,-5.50955377376768,0.8712812357735185,21,0.5294117647058824
SPXW,"d50ret,d65ret,d80",-999999.0,1,score_desc,d80_front,22,2,30,False,False,False,False,False,-14.250239237846003,16.59447444315285,-14.250239237846003,114,0.45614035087719296,1.3421305095837521,5.677618515139195,0.04980367118543154,-1.9057380639761257,0.22807017543859648,102,0.47058823529411764,-1.9057380639761257,0.5285157696100503,0,0.8333333333333334,139,0.4316546762589928,1.1210959184587626,2.698727756173079,0.019415307598367477,-3.638365252546904,0.2158273381294964,128,0.4140625,-3.638365252546904,1.0015295354769067,22,0.3333333333333333,391,0.4117647058823529,1.0480410198620833,2.7768621361470798,0.00710194919730711,-5.993590393221403,0.37084398976982097,349,0.41260744985673353,-5.993590393221403,0.9851820586016288,21,0.5882352941176471
SPXW,"d50ret,d65ret,d80",0.0,1,score_desc,d80_front,22,2,15,False,False,False,False,False,-14.250239237846003,16.59447444315285,-14.250239237846003,114,0.45614035087719296,1.3421305095837521,5.677618515139195,0.04980367118543154,-1.9057380639761257,0.22807017543859648,102,0.47058823529411764,-1.9057380639761257,0.5285157696100503,0,0.8333333333333334,139,0.4316546762589928,1.1210959184587626,2.698727756173079,0.019415307598367477,-3.638365252546904,0.2158273381294964,128,0.4140625,-3.638365252546904,1.0015295354769067,22,0.3333333333333333,389,0.4087403598971722,1.0442965521986407,2.5757069606196517,0.006621354654549233,-5.8052875809425295,0.36246786632390743,344,0.4011627906976744,-5.704959701174691,1.3393908593754031,20,0.5294117647058824
SPXW,"d50ret,d65ret,d80",-999999.0,1,score_desc,d80_front,22,3,30,False,False,False,False,False,-14.250239237846003,16.453656337487793,-14.250239237846003,114,0.45614035087719296,1.3421305095837521,5.677618515139195,0.04980367118543154,-1.9057380639761257,0.22807017543859648,102,0.47058823529411764,-1.9057380639761257,0.5285157696100503,0,0.8333333333333334,139,0.4316546762589928,1.1164724393817118,2.595689507864394,0.018674025236434487,-3.638365252546904,0.2158273381294964,128,0.4140625,-3.638365252546904,1.0412861583905064,22,0.3333333333333333,391,0.4117647058823529,1.041957491983751,2.4393824775219217,0.006238829865784966,-6.036502940763697,0.37084398976982097,349,0.40974212034383956,-6.036502940763696,1.1214783991239488,21,0.5882352941176471
SPXW,"d50ret,d65ret,d80",-999999.0,1,score_desc,d80_front,22,4,30,False,False,False,False,False,-14.250239237846003,16.453656337487793,-14.250239237846003,114,0.45614035087719296,1.3421305095837521,5.677618515139195,0.04980367118543154,-1.9057380639761257,0.22807017543859648,102,0.47058823529411764,-1.9057380639761257,0.5285157696100503,0,0.8333333333333334,139,0.4316546762589928,1.1164724393817118,2.595689507864394,0.018674025236434487,-3.638365252546904,0.2158273381294964,128,0.4140625,-3.638365252546904,1.0412861583905064,22,0.3333333333333333,391,0.4117647058823529,1.041957491983751,2.4393824775219217,0.006238829865784966,-6.036502940763697,0.37084398976982097,349,0.40974212034383956,-6.036502940763696,1.1214783991239488,21,0.5882352941176471
SPXW,"d50ret,d65ret,d80",-999999.0,1,score_desc,d80_front,22,2,15,False,False,False,False,False,-14.250239237846003,16.59447444315285,-14.250239237846003,114,0.45614035087719296,1.3421305095837521,5.677618515139195,0.04980367118543154,-1.9057380639761257,0.22807017543859648,102,0.47058823529411764,-1.9057380639761257,0.5285157696100503,0,0.8333333333333334,139,0.4316546762589928,1.1210959184587626,2.698727756173079,0.019415307598367477,-3.638365252546904,0.2158273381294964,128,0.4140625,-3.638365252546904,1.0015295354769067,22,0.3333333333333333,391,0.4092071611253197,1.0409853109261136,2.3968471694394307,0.006130043911609797,-5.57233118640331,0.36828644501278773,349,0.40974212034383956,-5.472003306635473,1.1400491918521578,21,0.5294117647058824
SPXW,"d50ret,d65ret,d80",0.0,1,score_desc,d80_front,22,2,30,False,False,False,False,False,-14.250239237846003,16.59447444315285,-14.250239237846003,114,0.45614035087719296,1.3421305095837521,5.677618515139195,0.04980367118543154,-1.9057380639761257,0.22807017543859648,102,0.47058823529411764,-1.9057380639761257,0.5285157696100503,0,0.8333333333333334,139,0.4316546762589928,1.1210959184587626,2.698727756173079,0.019415307598367477,-3.638365252546904,0.2158273381294964,128,0.4140625,-3.638365252546904,1.0015295354769067,22,0.3333333333333333,389,0.4087403598971722,1.0399950358918089,2.3104393928363294,0.005939432886468713,-6.226546787760623,0.36503856041131105,345,0.4028985507246377,-6.226546787760621,1.28595689549864,20,0.5882352941176471
SPXW,"d50ret,d65ret,d80",0.0,1,score_desc,d80_front,22,3,15,False,False,False,False,False,-14.250239237846003,16.453656337487793,-14.250239237846003,114,0.45614035087719296,1.3421305095837521,5.677618515139195,0.04980367118543154,-1.9057380639761257,0.22807017543859648,102,0.47058823529411764,-1.9057380639761257,0.5285157696100503,0,0.8333333333333334,139,0.4316546762589928,1.1164724393817118,2.595689507864394,0.018674025236434487,-3.638365252546904,0.2158273381294964,128,0.4140625,-3.638365252546904,1.0412861583905064,22,0.3333333333333333,389,0.4087403598971722,1.0382705179422722,2.238227301994493,0.005753797691502553,-5.848200128484822,0.36246786632390743,344,0.39825581395348836,-5.747872248716986,1.5413440611725908,20,0.5294117647058824
SPXW,"d50ret,d65ret,d80",0.0,1,score_desc,d80_front,22,4,15,False,False,False,False,False,-14.250239237846003,16.453656337487793,-14.250239237846003,114,0.45614035087719296,1.3421305095837521,5.677618515139195,0.04980367118543154,-1.9057380639761257,0.22807017543859648,102,0.47058823529411764,-1.9057380639761257,0.5285157696100503,0,0.8333333333333334,139,0.4316546762589928,1.1164724393817118,2.595689507864394,0.018674025236434487,-3.638365252546904,0.2158273381294964,128,0.4140625,-3.638365252546904,1.0412861583905064,22,0.3333333333333333,389,0.4087403598971722,1.0382705179422722,2.238227301994493,0.005753797691502553,-5.848200128484822,0.36246786632390743,344,0.39825581395348836,-5.747872248716986,1.5413440611725908,20,0.5294117647058824
SPXW,"d50ret,d65ret,d80",-999999.0,1,score_desc,d80_front,22,3,15,False,False,False,False,False,-14.250239237846003,16.453656337487793,-14.250239237846003,114,0.45614035087719296,1.3421305095837521,5.677618515139195,0.04980367118543154,-1.9057380639761257,0.22807017543859648,102,0.47058823529411764,-1.9057380639761257,0.5285157696100503,0,0.8333333333333334,139,0.4316546762589928,1.1164724393817118,2.595689507864394,0.018674025236434487,-3.638365252546904,0.2158273381294964,128,0.4140625,-3.638365252546904,1.0412861583905064,22,0.3333333333333333,391,0.4092071611253197,1.035012468274332,2.0593675108142726,0.005266924580087653,-5.615243733945603,0.36828644501278773,349,0.4068767908309456,-5.514915854177767,1.3268752003531983,21,0.5294117647058824
SPXW,"d50ret,d65ret,d80",-999999.0,1,score_desc,d80_front,22,4,15,False,False,False,False,False,-14.250239237846003,16.453656337487793,-14.250239237846003,114,0.45614035087719296,1.3421305095837521,5.677618515139195,0.04980367118543154,-1.9057380639761257,0.22807017543859648,102,0.47058823529411764,-1.9057380639761257,0.5285157696100503,0,0.8333333333333334,139,0.4316546762589928,1.1164724393817118,2.595689507864394,0.018674025236434487,-3.638365252546904,0.2158273381294964,128,0.4140625,-3.638365252546904,1.0412861583905064,22,0.3333333333333333,391,0.4092071611253197,1.035012468274332,2.0593675108142726,0.005266924580087653,-5.615243733945603,0.36828644501278773,349,0.4068767908309456,-5.514915854177767,1.3268752003531983,21,0.5294117647058824
SPXW,"d50ret,d65ret,d80",0.0,1,score_desc,d80_front,22,3,30,False,False,False,False,False,-14.250239237846003,16.453656337487793,-14.250239237846003,114,0.45614035087719296,1.3421305095837521,5.677618515139195,0.04980367118543154,-1.9057380639761257,0.22807017543859648,102,0.47058823529411764,-1.9057380639761257,0.5285157696100503,0,0.8333333333333334,139,0.4316546762589928,1.1164724393817118,2.595689507864394,0.018674025236434487,-3.638365252546904,0.2158273381294964,128,0.4140625,-3.638365252546904,1.0412861583905064,22,0.3333333333333333,389,0.4087403598971722,1.0339547064511903,1.9729597342111713,0.005071875923422034,-6.269459335302916,0.36503856041131105,345,0.4,-6.2694593353029155,1.5059230136987485,20,0.5882352941176471
SPXW,"d50ret,d65ret,d80",0.0,1,score_desc,d80_front,22,4,30,False,False,False,False,False,-14.250239237846003,16.453656337487793,-14.250239237846003,114,0.45614035087719296,1.3421305095837521,5.677618515139195,0.04980367118543154,-1.9057380639761257,0.22807017543859648,102,0.47058823529411764,-1.9057380639761257,0.5285157696100503,0,0.8333333333333334,139,0.4316546762589928,1.1164724393817118,2.595689507864394,0.018674025236434487,-3.638365252546904,0.2158273381294964,128,0.4140625,-3.638365252546904,1.0412861583905064,22,0.3333333333333333,389,0.4087403598971722,1.0339547064511903,1.9729597342111713,0.005071875923422034,-6.269459335302916,0.36503856041131105,345,0.4,-6.2694593353029155,1.5059230136987485,20,0.5882352941176471
SPXW,"d65ret,d80,d80_front",0.0,1,score_desc,d80_zero,22,2,30,False,False,False,False,False,-14.252443758428406,16.466734112907304,-14.252443758428406,105,0.45714285714285713,1.3787553906295893,5.778041773150612,0.055028969268101066,-2.3999999999999986,0.20952380952380953,102,0.47058823529411764,-2.3999999999999986,0.432672538232069,0,0.6666666666666666,135,0.42962962962962964,1.1237430935018589,2.7470684092948656,0.020348654883665673,-2.4225310215837164,0.17777777777777778,128,0.4296875,-2.4225310215837164,1.09207327704302,20,0.5,374,0.44919786096256686,1.2048323563942966,11.148557514321345,0.029808977311019638,-4.6281085100052275,0.36363636363636365,348,0.45689655172413796,-4.446324164771423,0.44848851464209977,19,0.7058823529411765
SPXW,"d65ret,d80,d80_front",0.0,1,score_desc,d80_zero,22,3,30,False,False,False,False,False,-14.252443758428406,15.072715575128218,-14.252443758428406,105,0.45714285714285713,1.3787553906295893,5.778041773150612,0.055028969268101066,-2.3999999999999986,0.20952380952380953,102,0.47058823529411764,-2.3999999999999986,0.432672538232069,0,0.6666666666666666,135,0.4222222222222222,1.0865372523052275,1.9470684092948654,0.014422728957739743,-2.4225310215837172,0.17777777777777778,128,0.4296875,-2.4225310215837172,1.2839815941060746,20,0.5,374,0.44919786096256686,1.2048323563942966,11.148557514321345,0.029808977311019638,-4.6281085100052275,0.36363636363636365,348,0.45689655172413796,-4.446324164771423,0.44848851464209977,19,0.7058823529411765
SPXW,"d65ret,d80,d80_front",0.0,1,score_desc,d80_zero,22,4,30,False,False,False,False,False,-14.252443758428406,15.072715575128218,-14.252443758428406,105,0.45714285714285713,1.3787553906295893,5.778041773150612,0.055028969268101066,-2.3999999999999986,0.20952380952380953,102,0.47058823529411764,-2.3999999999999986,0.432672538232069,0,0.6666666666666666,135,0.4222222222222222,1.0865372523052275,1.9470684092948654,0.014422728957739743,-2.4225310215837172,0.17777777777777778,128,0.4296875,-2.4225310215837172,1.2839815941060746,20,0.5,374,0.44919786096256686,1.2048323563942966,11.148557514321345,0.029808977311019638,-4.6281085100052275,0.36363636363636365,348,0.45689655172413796,-4.446324164771423,0.44848851464209977,19,0.7058823529411765
SPXW,"d65ret,d80,d80_front",0.0,1,score_desc,d80_zero,22,2,15,False,False,False,False,False,-14.252443758428406,16.555623001796196,-14.252443758428406,105,0.45714285714285713,1.3787553906295893,5.778041773150612,0.055028969268101066,-2.3999999999999986,0.20952380952380953,102,0.47058823529411764,-2.3999999999999986,0.432672538232069,0,0.6666666666666666,135,0.42962962962962964,1.123743093501859,2.7470684092948656,0.020348654883665673,-2.4225310215837164,0.18518518518518517,128,0.4296875,-2.4225310215837164,0.9923197834103463,20,0.5,375,0.44266666666666665,1.1771503184894552,9.749488835185531,0.025998636893828083,-4.770011412307667,0.3626666666666667,348,0.4540229885057471,-4.77001141230766,0.4794340858750017,19,0.7058823529411765
SPXW,"d65ret,d80,d80_front",0.0,1,score_desc,d80_zero,22,3,15,False,False,False,False,False,-14.252443758428406,16.555623001796196,-14.252443758428406,105,0.45714285714285713,1.3787553906295893,5.778041773150612,0.055028969268101066,-2.3999999999999986,0.20952380952380953,102,0.47058823529411764,-2.3999999999999986,0.432672538232069,0,0.6666666666666666,135,0.42962962962962964,1.123743093501859,2.7470684092948656,0.020348654883665673,-2.4225310215837164,0.18518518518518517,128,0.4296875,-2.4225310215837164,0.9923197834103463,20,0.5,375,0.44266666666666665,1.1771503184894552,9.749488835185531,0.025998636893828083,-4.770011412307667,0.3626666666666667,348,0.4540229885057471,-4.77001141230766,0.4794340858750017,19,0.7058823529411765
SPXW,"d65ret,d80,d80_front",0.0,1,score_desc,d80_zero,22,4,15,False,False,False,False,False,-14.252443758428406,16.555623001796196,-14.252443758428406,105,0.45714285714285713,1.3787553906295893,5.778041773150612,0.055028969268101066,-2.3999999999999986,0.20952380952380953,102,0.47058823529411764,-2.3999999999999986,0.432672538232069,0,0.6666666666666666,135,0.42962962962962964,1.123743093501859,2.7470684092948656,0.020348654883665673,-2.4225310215837164,0.18518518518518517,128,0.4296875,-2.4225310215837164,0.9923197834103463,20,0.5,375,0.44266666666666665,1.1771503184894552,9.749488835185531,0.025998636893828083,-4.770011412307667,0.3626666666666667,348,0.4540229885057471,-4.77001141230766,0.4794340858750017,19,0.7058823529411765
SPXW,"d65ret,d80,d80_front",-999999.0,1,score_desc,d80_zero,22,2,30,False,False,False,False,False,-14.252443758428406,16.466734112907304,-14.252443758428406,105,0.45714285714285713,1.3787553906295893,5.778041773150612,0.055028969268101066,-2.3999999999999986,0.20952380952380953,102,0.47058823529411764,-2.3999999999999986,0.432672538232069,0,0.6666666666666666,135,0.42962962962962964,1.1237430935018589,2.7470684092948656,0.020348654883665673,-2.4225310215837164,0.17777777777777778,128,0.4296875,-2.4225310215837164,1.09207327704302,20,0.5,376,0.44148936170212766,1.1726823342319719,9.530335888080694,0.025346638000214614,-4.6281085100052195,0.35638297872340424,350,0.44857142857142857,-4.446324164771415,0.5246404805368245,19,0.6470588235294118
SPXW,"d65ret,d80,d80_front",-999999.0,1,score_desc,d80_zero,22,3,30,False,False,False,False,False,-14.252443758428406,15.072715575128218,-14.252443758428406,105,0.45714285714285713,1.3787553906295893,5.778041773150612,0.055028969268101066,-2.3999999999999986,0.20952380952380953,102,0.47058823529411764,-2.3999999999999986,0.432672538232069,0,0.6666666666666666,135,0.4222222222222222,1.0865372523052275,1.9470684092948654,0.014422728957739743,-2.4225310215837172,0.17777777777777778,128,0.4296875,-2.4225310215837172,1.2839815941060746,20,0.5,376,0.44148936170212766,1.1726823342319719,9.530335888080694,0.025346638000214614,-4.6281085100052195,0.35638297872340424,350,0.44857142857142857,-4.446324164771415,0.5246404805368245,19,0.6470588235294118
SPXW,"d65ret,d80,d80_front",-999999.0,1,score_desc,d80_zero,22,4,30,False,False,False,False,False,-14.252443758428406,15.072715575128218,-14.252443758428406,105,0.45714285714285713,1.3787553906295893,5.778041773150612,0.055028969268101066,-2.3999999999999986,0.20952380952380953,102,0.47058823529411764,-2.3999999999999986,0.432672538232069,0,0.6666666666666666,135,0.4222222222222222,1.0865372523052275,1.9470684092948654,0.014422728957739743,-2.4225310215837172,0.17777777777777778,128,0.4296875,-2.4225310215837172,1.2839815941060746,20,0.5,376,0.44148936170212766,1.1726823342319719,9.530335888080694,0.025346638000214614,-4.6281085100052195,0.35638297872340424,350,0.44857142857142857,-4.446324164771415,0.5246404805368245,19,0.6470588235294118
SPXW,"d65ret,d80,d80_front",0.0,1,score_desc,d80_zero,22,2,0,False,False,False,False,False,-14.252443758428406,16.555623001796196,-14.252443758428406,105,0.45714285714285713,1.3787553906295893,5.778041773150612,0.055028969268101066,-2.3999999999999986,0.20952380952380953,102,0.47058823529411764,-2.3999999999999986,0.432672538232069,0,0.6666666666666666,135,0.42962962962962964,1.123743093501859,2.7470684092948656,0.020348654883665673,-2.4225310215837164,0.18518518518518517,128,0.4296875,-2.4225310215837164,0.9923197834103463,20,0.5,375,0.44,1.1664010558449005,9.207822204575994,0.024554192545535983,-4.628108510005215,0.35733333333333334,347,0.4495677233429395,-4.446324164771412,0.5076376545501458,19,0.6470588235294118
SPXW,"d65ret,d80,d80_front",0.0,1,score_desc,d80_zero,22,3,0,False,False,False,False,False,-14.252443758428406,16.555623001796196,-14.252443758428406,105,0.45714285714285713,1.3787553906295893,5.778041773150612,0.055028969268101066,-2.3999999999999986,0.20952380952380953,102,0.47058823529411764,-2.3999999999999986,0.432672538232069,0,0.6666666666666666,135,0.42962962962962964,1.123743093501859,2.7470684092948656,0.020348654883665673,-2.4225310215837164,0.18518518518518517,128,0.4296875,-2.4225310215837164,0.9923197834103463,20,0.5,375,0.44,1.1664010558449005,9.207822204575994,0.024554192545535983,-4.628108510005215,0.35733333333333334,347,0.4495677233429395,-4.446324164771412,0.5076376545501458,19,0.6470588235294118
SPXW,"d65ret,d80,d80_front",0.0,1,score_desc,d80_zero,22,4,0,False,False,False,False,False,-14.252443758428406,16.555623001796196,-14.252443758428406,105,0.45714285714285713,1.3787553906295893,5.778041773150612,0.055028969268101066,-2.3999999999999986,0.20952380952380953,102,0.47058823529411764,-2.3999999999999986,0.432672538232069,0,0.6666666666666666,135,0.42962962962962964,1.123743093501859,2.7470684092948656,0.020348654883665673,-2.4225310215837164,0.18518518518518517,128,0.4296875,-2.4225310215837164,0.9923197834103463,20,0.5,375,0.44,1.1664010558449005,9.207822204575994,0.024554192545535983,-4.628108510005215,0.35733333333333334,347,0.4495677233429395,-4.446324164771412,0.5076376545501458,19,0.6470588235294118
SPXW,"d65ret,d80,d80_front",-999999.0,1,score_desc,d80_zero,22,2,15,False,False,False,False,False,-14.252443758428406,16.555623001796196,-14.252443758428406,105,0.45714285714285713,1.3787553906295893,5.778041773150612,0.055028969268101066,-2.3999999999999986,0.20952380952380953,102,0.47058823529411764,-2.3999999999999986,0.432672538232069,0,0.6666666666666666,135,0.42962962962962964,1.123743093501859,2.7470684092948656,0.020348654883665673,-2.4225310215837164,0.18518518518518517,128,0.4296875,-2.4225310215837164,0.9923197834103463,20,0.5,376,0.43617021276595747,1.1519218701730938,8.43126720894488,0.022423583002512976,-4.770011412307652,0.35638297872340424,350,0.44571428571428573,-4.7700114123076505,0.554393207048014,19,0.6470588235294118
SPXW,"d65ret,d80,d80_front",-999999.0,1,score_desc,d80_zero,22,3,15,False,False,False,False,False,-14.252443758428406,16.555623001796196,-14.252443758428406,105,0.45714285714285713,1.3787553906295893,5.778041773150612,0.055028969268101066,-2.3999999999999986,0.20952380952380953,102,0.47058823529411764,-2.3999999999999986,0.432672538232069,0,0.6666666666666666,135,0.42962962962962964,1.123743093501859,2.7470684092948656,0.020348654883665673,-2.4225310215837164,0.18518518518518517,128,0.4296875,-2.4225310215837164,0.9923197834103463,20,0.5,376,0.43617021276595747,1.1519218701730938,8.43126720894488,0.022423583002512976,-4.770011412307652,0.35638297872340424,350,0.44571428571428573,-4.7700114123076505,0.554393207048014,19,0.6470588235294118
SPXW,"d65ret,d80,d80_front",-999999.0,1,score_desc,d80_zero,22,4,15,False,False,False,False,False,-14.252443758428406,16.555623001796196,-14.252443758428406,105,0.45714285714285713,1.3787553906295893,5.778041773150612,0.055028969268101066,-2.3999999999999986,0.20952380952380953,102,0.47058823529411764,-2.3999999999999986,0.432672538232069,0,0.6666666666666666,135,0.42962962962962964,1.123743093501859,2.7470684092948656,0.020348654883665673,-2.4225310215837164,0.18518518518518517,128,0.4296875,-2.4225310215837164,0.9923197834103463,20,0.5,376,0.43617021276595747,1.1519218701730938,8.43126720894488,0.022423583002512976,-4.770011412307652,0.35638297872340424,350,0.44571428571428573,-4.7700114123076505,0.554393207048014,19,0.6470588235294118
SPXW,"d65ret,d80,d80_front",-999999.0,1,score_desc,d80_zero,22,2,0,False,False,False,False,False,-14.252443758428406,16.555623001796196,-14.252443758428406,105,0.45714285714285713,1.3787553906295893,5.778041773150612,0.055028969268101066,-2.3999999999999986,0.20952380952380953,102,0.47058823529411764,-2.3999999999999986,0.432672538232069,0,0.6666666666666666,135,0.42962962962962964,1.123743093501859,2.7470684092948656,0.020348654883665673,-2.4225310215837164,0.18518518518518517,128,0.4296875,-2.4225310215837164,0.9923197834103463,20,0.5,376,0.43617021276595747,1.1519218701730936,8.43126720894488,0.022423583002512976,-4.6281085100052115,0.3537234042553192,350,0.44571428571428573,-4.446324164771412,0.554393207048014,19,0.6470588235294118
SPXW,"d65ret,d80,d80_front",-999999.0,1,score_desc,d80_zero,22,3,0,False,False,False,False,False,-14.252443758428406,16.555623001796196,-14.252443758428406,105,0.45714285714285713,1.3787553906295893,5.778041773150612,0.055028969268101066,-2.3999999999999986,0.20952380952380953,102,0.47058823529411764,-2.3999999999999986,0.432672538232069,0,0.6666666666666666,135,0.42962962962962964,1.123743093501859,2.7470684092948656,0.020348654883665673,-2.4225310215837164,0.18518518518518517,128,0.4296875,-2.4225310215837164,0.9923197834103463,20,0.5,376,0.43617021276595747,1.1519218701730936,8.43126720894488,0.022423583002512976,-4.6281085100052115,0.3537234042553192,350,0.44571428571428573,-4.446324164771412,0.554393207048014,19,0.6470588235294118
SPXW,"d65ret,d80,d80_front",-999999.0,1,score_desc,d80_zero,22,4,0,False,False,False,False,False,-14.252443758428406,16.555623001796196,-14.252443758428406,105,0.45714285714285713,1.3787553906295893,5.778041773150612,0.055028969268101066,-2.3999999999999986,0.20952380952380953,102,0.47058823529411764,-2.3999999999999986,0.432672538232069,0,0.6666666666666666,135,0.42962962962962964,1.123743093501859,2.7470684092948656,0.020348654883665673,-2.4225310215837164,0.18518518518518517,128,0.4296875,-2.4225310215837164,0.9923197834103463,20,0.5,376,0.43617021276595747,1.1519218701730936,8.43126720894488,0.022423583002512976,-4.6281085100052115,0.3537234042553192,350,0.44571428571428573,-4.446324164771412,0.554393207048014,19,0.6470588235294118
SPXW,"d50ret,d65ret,d80",-999999.0,1,score_desc,d80,21,1,0,False,False,False,False,False,-14.253352907961265,-13.094331040459737,-14.253352907961265,102,0.49019607843137253,1.3665287295640955,5.189733336453382,0.05087973859268022,-2.3999999999999986,0.19607843137254902,102,0.49019607843137253,-2.3999999999999986,0.4817203193157662,0,0.5,128,0.3828125,0.9118205642626565,-2.013540870518446,-0.01573078805092536,-4.389878822312065,0.2265625,128,0.3828125,-4.389878822312065,-1.2415938690910706,20,0.6666666666666666,349,0.4355300859598854,1.1325435284200454,6.377377347190931,0.01827328752776771,-2.9727624316975225,0.4154727793696275,349,0.4355300859598854,-2.9727624316975225,0.39201067521920824,19,0.5294117647058824
SPXW,"d50ret,d65ret,d80",-999999.0,1,score_desc,d80,21,1,15,False,False,False,False,False,-14.253352907961265,-13.094331040459737,-14.253352907961265,102,0.49019607843137253,1.3665287295640955,5.189733336453382,0.05087973859268022,-2.3999999999999986,0.19607843137254902,102,0.49019607843137253,-2.3999999999999986,0.4817203193157662,0,0.5,128,0.3828125,0.9118205642626565,-2.013540870518446,-0.01573078805092536,-4.389878822312065,0.2265625,128,0.3828125,-4.389878822312065,-1.2415938690910706,20,0.6666666666666666,349,0.4355300859598854,1.1325435284200454,6.377377347190931,0.01827328752776771,-2.9727624316975225,0.4154727793696275,349,0.4355300859598854,-2.9727624316975225,0.39201067521920824,19,0.5294117647058824
SPXW,"d50ret,d65ret,d80",-999999.0,1,score_desc,d80,21,1,30,False,False,False,False,False,-14.253352907961265,-13.094331040459737,-14.253352907961265,102,0.49019607843137253,1.3665287295640955,5.189733336453382,0.05087973859268022,-2.3999999999999986,0.19607843137254902,102,0.49019607843137253,-2.3999999999999986,0.4817203193157662,0,0.5,128,0.3828125,0.9118205642626565,-2.013540870518446,-0.01573078805092536,-4.389878822312065,0.2265625,128,0.3828125,-4.389878822312065,-1.2415938690910706,20,0.6666666666666666,349,0.4355300859598854,1.1325435284200454,6.377377347190931,0.01827328752776771,-2.9727624316975225,0.4154727793696275,349,0.4355300859598854,-2.9727624316975225,0.39201067521920824,19,0.5294117647058824
SPXW,"d50ret,d65ret,d80",-999999.0,1,score_desc,d80,22,1,0,False,False,False,False,False,-14.253352907961265,12.462906972694203,-14.253352907961265,102,0.49019607843137253,1.3665287295640955,5.189733336453382,0.05087973859268022,-2.3999999999999986,0.19607843137254902,102,0.49019607843137253,-2.3999999999999986,0.4817203193157662,0,0.5,128,0.40625,1.0001505134378663,0.003301449881731422,2.5792577201026734e-05,-3.158266879381668,0.21875,128,0.40625,-3.158266879381668,757.2430567047993,20,0.6666666666666666,349,0.4355300859598854,1.1325435284200454,6.377377347190931,0.01827328752776771,-2.9727624316975225,0.4183381088825215,349,0.4355300859598854,-2.9727624316975225,0.39201067521920824,19,0.5294117647058824
SPXW,"d50ret,d65ret,d80",-999999.0,1,score_desc,d80,22,1,15,False,False,False,False,False,-14.253352907961265,12.462906972694203,-14.253352907961265,102,0.49019607843137253,1.3665287295640955,5.189733336453382,0.05087973859268022,-2.3999999999999986,0.19607843137254902,102,0.49019607843137253,-2.3999999999999986,0.4817203193157662,0,0.5,128,0.40625,1.0001505134378663,0.003301449881731422,2.5792577201026734e-05,-3.158266879381668,0.21875,128,0.40625,-3.158266879381668,757.2430567047993,20,0.6666666666666666,349,0.4355300859598854,1.1325435284200454,6.377377347190931,0.01827328752776771,-2.9727624316975225,0.4183381088825215,349,0.4355300859598854,-2.9727624316975225,0.39201067521920824,19,0.5294117647058824
SPXW,"d50ret,d65ret,d80",-999999.0,1,score_desc,d80,22,1,30,False,False,False,False,False,-14.253352907961265,12.462906972694203,-14.253352907961265,102,0.49019607843137253,1.3665287295640955,5.189733336453382,0.05087973859268022,-2.3999999999999986,0.19607843137254902,102,0.49019607843137253,-2.3999999999999986,0.4817203193157662,0,0.5,128,0.40625,1.0001505134378663,0.003301449881731422,2.5792577201026734e-05,-3.158266879381668,0.21875,128,0.40625,-3.158266879381668,757.2430567047993,20,0.6666666666666666,349,0.4355300859598854,1.1325435284200454,6.377377347190931,0.01827328752776771,-2.9727624316975225,0.4183381088825215,349,0.4355300859598854,-2.9727624316975225,0.39201067521920824,19,0.5294117647058824
SPXW,"d50ret,d65ret,d80",0.0,1,score_desc,d80,21,1,0,False,False,False,False,False,-14.253352907961265,-13.094331040459737,-14.253352907961265,102,0.49019607843137253,1.3665287295640955,5.189733336453382,0.05087973859268022,-2.3999999999999986,0.19607843137254902,102,0.49019607843137253,-2.3999999999999986,0.4817203193157662,0,0.5,128,0.3828125,0.9118205642626565,-2.013540870518446,-0.01573078805092536,-4.389878822312065,0.2265625,128,0.3828125,-4.389878822312065,-1.2415938690910706,20,0.6666666666666666,341,0.4252199413489736,1.113237996908316,5.4188648335823455,0.015891099218716554,-3.1118180971196576,0.41055718475073316,341,0.4252199413489736,-3.1118180971196576,0.4613512380871254,17,0.5882352941176471
SPXW,"d50ret,d65ret,d80",0.0,1,score_desc,d80,21,1,15,False,False,False,False,False,-14.253352907961265,-13.094331040459737,-14.253352907961265,102,0.49019607843137253,1.3665287295640955,5.189733336453382,0.05087973859268022,-2.3999999999999986,0.19607843137254902,102,0.49019607843137253,-2.3999999999999986,0.4817203193157662,0,0.5,128,0.3828125,0.9118205642626565,-2.013540870518446,-0.01573078805092536,-4.389878822312065,0.2265625,128,0.3828125,-4.389878822312065,-1.2415938690910706,20,0.6666666666666666,341,0.4252199413489736,1.113237996908316,5.4188648335823455,0.015891099218716554,-3.1118180971196576,0.41055718475073316,341,0.4252199413489736,-3.1118180971196576,0.4613512380871254,17,0.5882352941176471
SPXW,"d50ret,d65ret,d80",0.0,1,score_desc,d80,21,1,30,False,False,False,False,False,-14.253352907961265,-13.094331040459737,-14.253352907961265,102,0.49019607843137253,1.3665287295640955,5.189733336453382,0.05087973859268022,-2.3999999999999986,0.19607843137254902,102,0.49019607843137253,-2.3999999999999986,0.4817203193157662,0,0.5,128,0.3828125,0.9118205642626565,-2.013540870518446,-0.01573078805092536,-4.389878822312065,0.2265625,128,0.3828125,-4.389878822312065,-1.2415938690910706,20,0.6666666666666666,341,0.4252199413489736,1.113237996908316,5.4188648335823455,0.015891099218716554,-3.1118180971196576,0.41055718475073316,341,0.4252199413489736,-3.1118180971196576,0.4613512380871254,17,0.5882352941176471
SPXW,"d50ret,d65ret,d80",0.0,1,score_desc,d80,22,1,0,False,False,False,False,False,-14.253352907961265,12.462906972694203,-14.253352907961265,102,0.49019607843137253,1.3665287295640955,5.189733336453382,0.05087973859268022,-2.3999999999999986,0.19607843137254902,102,0.49019607843137253,-2.3999999999999986,0.4817203193157662,0,0.5,128,0.40625,1.0001505134378663,0.003301449881731422,2.5792577201026734e-05,-3.158266879381668,0.21875,128,0.40625,-3.158266879381668,757.2430567047993,20,0.6666666666666666,341,0.4252199413489736,1.113237996908316,5.4188648335823455,0.015891099218716554,-3.1118180971196576,0.41348973607038125,341,0.4252199413489736,-3.1118180971196576,0.4613512380871254,17,0.5882352941176471
SPXW,"d50ret,d65ret,d80",0.0,1,score_desc,d80,22,1,15,False,False,False,False,False,-14.253352907961265,12.462906972694203,-14.253352907961265,102,0.49019607843137253,1.3665287295640955,5.189733336453382,0.05087973859268022,-2.3999999999999986,0.19607843137254902,102,0.49019607843137253,-2.3999999999999986,0.4817203193157662,0,0.5,128,0.40625,1.0001505134378663,0.003301449881731422,2.5792577201026734e-05,-3.158266879381668,0.21875,128,0.40625,-3.158266879381668,757.2430567047993,20,0.6666666666666666,341,0.4252199413489736,1.113237996908316,5.4188648335823455,0.015891099218716554,-3.1118180971196576,0.41348973607038125,341,0.4252199413489736,-3.1118180971196576,0.4613512380871254,17,0.5882352941176471
SPXW,"d50ret,d65ret,d80",0.0,1,score_desc,d80,22,1,30,False,False,False,False,False,-14.253352907961265,12.462906972694203,-14.253352907961265,102,0.49019607843137253,1.3665287295640955,5.189733336453382,0.05087973859268022,-2.3999999999999986,0.19607843137254902,102,0.49019607843137253,-2.3999999999999986,0.4817203193157662,0,0.5,128,0.40625,1.0001505134378663,0.003301449881731422,2.5792577201026734e-05,-3.158266879381668,0.21875,128,0.40625,-3.158266879381668,757.2430567047993,20,0.6666666666666666,341,0.4252199413489736,1.113237996908316,5.4188648335823455,0.015891099218716554,-3.1118180971196576,0.41348973607038125,341,0.4252199413489736,-3.1118180971196576,0.4613512380871254,17,0.5882352941176471
SPXW,"d65ret,d80,d80_front",0.0,1,score_desc,d80,21,2,30,False,False,False,False,False,-14.292309462389461,16.766185183129846,-14.292309462389461,108,0.46296296296296297,1.3936936850419632,6.1240386197075,0.056704061293587966,-2.3999999999999986,0.2037037037037037,102,0.4803921568627451,-2.3999999999999986,0.43206730245657204,0,0.5,135,0.42962962962962964,1.1305379047103437,2.8609983033045587,0.021192580024478214,-1.9774802861251228,0.17777777777777778,128,0.4296875,-1.9774802861251228,0.893786388638697,21,0.5,376,0.43617021276595747,1.1182092006546345,6.463215007515181,0.017189401615731865,-3.03303986345695,0.35106382978723405,348,0.4425287356321839,-3.0330398634569518,0.5671017477353696,19,0.6470588235294118
SPXW,"d65ret,d80,d80_front",-999999.0,1,score_desc,d80,21,2,30,False,False,False,False,False,-14.292309462389461,16.766185183129846,-14.292309462389461,108,0.46296296296296297,1.3936936850419632,6.1240386197075,0.056704061293587966,-2.3999999999999986,0.2037037037037037,102,0.4803921568627451,-2.3999999999999986,0.43206730245657204,0,0.5,135,0.42962962962962964,1.1305379047103437,2.8609983033045587,0.021192580024478214,-1.9774802861251228,0.17777777777777778,128,0.4296875,-1.9774802861251228,0.893786388638697,21,0.5,378,0.4365079365079365,1.1168434607191244,6.402656562806856,0.016938244875150412,-3.03303986345695,0.3492063492063492,350,0.44285714285714284,-3.0330398634569518,0.5724655837458351,20,0.6470588235294118
SPXW,"d65ret,d80,d80_front",0.0,1,score_desc,d80,21,3,30,False,False,False,False,False,-14.292309462389461,16.766185183129846,-14.292309462389461,108,0.46296296296296297,1.3936936850419632,6.1240386197075,0.056704061293587966,-2.3999999999999986,0.2037037037037037,102,0.4803921568627451,-2.3999999999999986,0.43206730245657204,0,0.5,135,0.42962962962962964,1.1305379047103437,2.8609983033045587,0.021192580024478214,-1.9774802861251228,0.17777777777777778,128,0.4296875,-1.9774802861251228,0.893786388638697,21,0.5,376,0.43617021276595747,1.113765513954293,6.245069141077289,0.016609226439035344,-3.0330398634569504,0.35106382978723405,348,0.4425287356321839,-3.0330398634569518,0.5869111204298142,19,0.6470588235294118
SPXW,"d65ret,d80,d80_front",0.0,1,score_desc,d80,21,4,30,False,False,False,False,False,-14.292309462389461,16.766185183129846,-14.292309462389461,108,0.46296296296296297,1.3936936850419632,6.1240386197075,0.056704061293587966,-2.3999999999999986,0.2037037037037037,102,0.4803921568627451,-2.3999999999999986,0.43206730245657204,0,0.5,135,0.42962962962962964,1.1305379047103437,2.8609983033045587,0.021192580024478214,-1.9774802861251228,0.17777777777777778,128,0.4296875,-1.9774802861251228,0.893786388638697,21,0.5,376,0.43617021276595747,1.113765513954293,6.245069141077289,0.016609226439035344,-3.0330398634569504,0.35106382978723405,348,0.4425287356321839,-3.0330398634569518,0.5869111204298142,19,0.6470588235294118
SPXW,"d65ret,d80,d80_front",-999999.0,1,score_desc,d80,21,3,30,False,False,False,False,False,-14.292309462389461,16.766185183129846,-14.292309462389461,108,0.46296296296296297,1.3936936850419632,6.1240386197075,0.056704061293587966,-2.3999999999999986,0.2037037037037037,102,0.4803921568627451,-2.3999999999999986,0.43206730245657204,0,0.5,135,0.42962962962962964,1.1305379047103437,2.8609983033045587,0.021192580024478214,-1.9774802861251228,0.17777777777777778,128,0.4296875,-1.9774802861251228,0.893786388638697,21,0.5,378,0.4365079365079365,1.112414946858074,6.184510696368964,0.0163611394083835,-3.0330398634569504,0.3492063492063492,350,0.44285714285714284,-3.0330398634569518,0.5926581271665181,20,0.6470588235294118
SPXW,"d65ret,d80,d80_front",-999999.0,1,score_desc,d80,21,4,30,False,False,False,False,False,-14.292309462389461,16.766185183129846,-14.292309462389461,108,0.46296296296296297,1.3936936850419632,6.1240386197075,0.056704061293587966,-2.3999999999999986,0.2037037037037037,102,0.4803921568627451,-2.3999999999999986,0.43206730245657204,0,0.5,135,0.42962962962962964,1.1305379047103437,2.8609983033045587,0.021192580024478214,-1.9774802861251228,0.17777777777777778,128,0.4296875,-1.9774802861251228,0.893786388638697,21,0.5,378,0.4365079365079365,1.112414946858074,6.184510696368964,0.0163611394083835,-3.0330398634569504,0.3492063492063492,350,0.44285714285714284,-3.0330398634569518,0.5926581271665181,20,0.6470588235294118
SPXW,"d65ret,d80,d80_front",0.0,1,score_desc,d80,21,2,15,False,False,False,False,False,-14.292309462389461,16.766185183129846,-14.292309462389461,108,0.46296296296296297,1.3936936850419632,6.1240386197075,0.056704061293587966,-2.3999999999999986,0.2037037037037037,102,0.4803921568627451,-2.3999999999999986,0.43206730245657204,0,0.5,135,0.42962962962962964,1.1305379047103437,2.8609983033045587,0.021192580024478214,-1.9774802861251228,0.17777777777777778,128,0.4296875,-1.9774802861251228,0.893786388638697,21,0.5,376,0.42819148936170215,1.0781771288354405,4.344777900600165,0.011555260373936609,-3.6793167758631746,0.35106382978723405,348,0.4367816091954023,-3.6793167758631746,0.8436105620600362,19,0.6470588235294118
SPXW,"d65ret,d80,d80_front",-999999.0,1,score_desc,d80,21,2,15,False,False,False,False,False,-14.292309462389461,16.766185183129846,-14.292309462389461,108,0.46296296296296297,1.3936936850419632,6.1240386197075,0.056704061293587966,-2.3999999999999986,0.2037037037037037,102,0.4803921568627451,-2.3999999999999986,0.43206730245657204,0,0.5,135,0.42962962962962964,1.1305379047103437,2.8609983033045587,0.021192580024478214,-1.9774802861251228,0.17777777777777778,128,0.4296875,-1.9774802861251228,0.893786388638697,21,0.5,378,0.42857142857142855,1.0769202836277074,4.284219455891839,0.011333913904475764,-3.6793167758631746,0.3492063492063492,350,0.43714285714285717,-3.6793167758631746,0.8555351947974218,20,0.6470588235294118
SPXW,"d65ret,d80,d80_front",0.0,1,score_desc,d80,21,3,15,False,False,False,False,False,-14.292309462389461,16.766185183129846,-14.292309462389461,108,0.46296296296296297,1.3936936850419632,6.1240386197075,0.056704061293587966,-2.3999999999999986,0.2037037037037037,102,0.4803921568627451,-2.3999999999999986,0.43206730245657204,0,0.5,135,0.42962962962962964,1.1305379047103437,2.8609983033045587,0.021192580024478214,-1.9774802861251228,0.17777777777777778,128,0.4296875,-1.9774802861251228,0.893786388638697,21,0.5,376,0.42819148936170215,1.0739616404868881,4.126632034162273,0.010975085197240088,-3.6793167758631746,0.35106382978723405,348,0.4367816091954023,-3.6793167758631746,0.8882062893924594,19,0.6470588235294118
SPXW,"d65ret,d80,d80_front",0.0,1,score_desc,d80,21,4,15,False,False,False,False,False,-14.292309462389461,16.766185183129846,-14.292309462389461,108,0.46296296296296297,1.3936936850419632,6.1240386197075,0.056704061293587966,-2.3999999999999986,0.2037037037037037,102,0.4803921568627451,-2.3999999999999986,0.43206730245657204,0,0.5,135,0.42962962962962964,1.1305379047103437,2.8609983033045587,0.021192580024478214,-1.9774802861251228,0.17777777777777778,128,0.4296875,-1.9774802861251228,0.893786388638697,21,0.5,376,0.42819148936170215,1.0739616404868881,4.126632034162273,0.010975085197240088,-3.6793167758631746,0.35106382978723405,348,0.4367816091954023,-3.6793167758631746,0.8882062893924594,19,0.6470588235294118
SPXW,"d65ret,d80,d80_front",-999999.0,1,score_desc,d80,21,3,15,False,False,False,False,False,-14.292309462389461,16.766185183129846,-14.292309462389461,108,0.46296296296296297,1.3936936850419632,6.1240386197075,0.056704061293587966,-2.3999999999999986,0.2037037037037037,102,0.4803921568627451,-2.3999999999999986,0.43206730245657204,0,0.5,135,0.42962962962962964,1.1305379047103437,2.8609983033045587,0.021192580024478214,-1.9774802861251228,0.17777777777777778,128,0.4296875,-1.9774802861251228,0.893786388638697,21,0.5,378,0.42857142857142855,1.0727188060484338,4.066073589453947,0.010756808437708855,-3.6793167758631746,0.3492063492063492,350,0.43714285714285717,-3.6793167758631746,0.9014348722703663,20,0.6470588235294118
SPXW,"d65ret,d80,d80_front",-999999.0,1,score_desc,d80,21,4,15,False,False,False,False,False,-14.292309462389461,16.766185183129846,-14.292309462389461,108,0.46296296296296297,1.3936936850419632,6.1240386197075,0.056704061293587966,-2.3999999999999986,0.2037037037037037,102,0.4803921568627451,-2.3999999999999986,0.43206730245657204,0,0.5,135,0.42962962962962964,1.1305379047103437,2.8609983033045587,0.021192580024478214,-1.9774802861251228,0.17777777777777778,128,0.4296875,-1.9774802861251228,0.893786388638697,21,0.5,378,0.42857142857142855,1.0727188060484338,4.066073589453947,0.010756808437708855,-3.6793167758631746,0.3492063492063492,350,0.43714285714285717,-3.6793167758631746,0.9014348722703663,20,0.6470588235294118
SPXW,"d65ret,d80,d80_front",0.0,1,score_desc,d80,21,2,0,False,False,False,False,False,-14.292309462389461,16.766185183129846,-14.292309462389461,108,0.46296296296296297,1.3936936850419632,6.1240386197075,0.056704061293587966,-2.3999999999999986,0.2037037037037037,102,0.4803921568627451,-2.3999999999999986,0.43206730245657204,0,0.5,135,0.42962962962962964,1.1305379047103437,2.8609983033045587,0.021192580024478214,-1.9774802861251228,0.17777777777777778,128,0.4296875,-1.9774802861251228,0.893786388638697,21,0.5,378,0.42592592592592593,1.0671264390471822,3.7848688528486805,0.010012880563091747,-3.821619971608828,0.3492063492063492,347,0.42939481268011526,-3.821619971608829,1.035715250239465,19,0.6470588235294118
SPXW,"d65ret,d80,d80_front",-999999.0,1,score_desc,d80,21,2,0,False,False,False,False,False,-14.292309462389461,16.766185183129846,-14.292309462389461,108,0.46296296296296297,1.3936936850419632,6.1240386197075,0.056704061293587966,-2.3999999999999986,0.2037037037037037,102,0.4803921568627451,-2.3999999999999986,0.43206730245657204,0,0.5,135,0.42962962962962964,1.1305379047103437,2.8609983033045587,0.021192580024478214,-1.9774802861251228,0.17777777777777778,128,0.4296875,-1.9774802861251228,0.893786388638697,21,0.5,380,0.4236842105263158,1.063395755934495,3.584804637398089,0.009433696414205498,-3.919656461836917,0.35,350,0.42857142857142855,-3.919656461836917,1.09351744029682,20,0.6470588235294118
SPXW,"d65ret,d80,d80_front",0.0,1,score_desc,d80,21,3,0,False,False,False,False,False,-14.292309462389461,16.766185183129846,-14.292309462389461,108,0.46296296296296297,1.3936936850419632,6.1240386197075,0.056704061293587966,-2.3999999999999986,0.2037037037037037,102,0.4803921568627451,-2.3999999999999986,0.43206730245657204,0,0.5,135,0.42962962962962964,1.1305379047103437,2.8609983033045587,0.021192580024478214,-1.9774802861251228,0.17777777777777778,128,0.4296875,-1.9774802861251228,0.893786388638697,21,0.5,378,0.42592592592592593,1.063013723876944,3.5667229864107886,0.009435775096324837,-3.821619971608829,0.3492063492063492,347,0.42939481268011526,-3.821619971608829,1.099061072583181,19,0.6470588235294118
SPXW,"d65ret,d80,d80_front",0.0,1,score_desc,d80,21,4,0,False,False,False,False,False,-14.292309462389461,16.766185183129846,-14.292309462389461,108,0.46296296296296297,1.3936936850419632,6.1240386197075,0.056704061293587966,-2.3999999999999986,0.2037037037037037,102,0.4803921568627451,-2.3999999999999986,0.43206730245657204,0,0.5,135,0.42962962962962964,1.1305379047103437,2.8609983033045587,0.021192580024478214,-1.9774802861251228,0.17777777777777778,128,0.4296875,-1.9774802861251228,0.893786388638697,21,0.5,378,0.42592592592592593,1.063013723876944,3.5667229864107886,0.009435775096324837,-3.821619971608829,0.3492063492063492,347,0.42939481268011526,-3.821619971608829,1.099061072583181,19,0.6470588235294118
SPXW,"d65ret,d80,d80_front",-999999.0,1,score_desc,d80,21,3,0,False,False,False,False,False,-14.292309462389461,16.766185183129846,-14.292309462389461,108,0.46296296296296297,1.3936936850419632,6.1240386197075,0.056704061293587966,-2.3999999999999986,0.2037037037037037,102,0.4803921568627451,-2.3999999999999986,0.43206730245657204,0,0.5,135,0.42962962962962964,1.1305379047103437,2.8609983033045587,0.021192580024478214,-1.9774802861251228,0.17777777777777778,128,0.4296875,-1.9774802861251228,0.893786388638697,21,0.5,380,0.4236842105263158,1.0593091346045256,3.366658770960197,0.008859628344632099,-3.919656461836917,0.35,350,0.42857142857142855,-3.919656461836917,1.1643729459204148,20,0.6470588235294118
SPXW,"d65ret,d80,d80_front",-999999.0,1,score_desc,d80,21,4,0,False,False,False,False,False,-14.292309462389461,16.766185183129846,-14.292309462389461,108,0.46296296296296297,1.3936936850419632,6.1240386197075,0.056704061293587966,-2.3999999999999986,0.2037037037037037,102,0.4803921568627451,-2.3999999999999986,0.43206730245657204,0,0.5,135,0.42962962962962964,1.1305379047103437,2.8609983033045587,0.021192580024478214,-1.9774802861251228,0.17777777777777778,128,0.4296875,-1.9774802861251228,0.893786388638697,21,0.5,380,0.4236842105263158,1.0593091346045256,3.366658770960197,0.008859628344632099,-3.919656461836917,0.35,350,0.42857142857142855,-3.919656461836917,1.1643729459204148,20,0.6470588235294118
SPXW,"d65ret,d80_front,d80_zero",0.0,1,score_desc,d80,21,2,0,False,False,False,False,False,-14.294696062036873,-13.135485114200904,-14.294696062036873,107,0.4672897196261682,1.4023046654155182,6.163305035811724,0.05760098164310022,-2.3999999999999986,0.18691588785046728,102,0.4803921568627451,-2.3999999999999986,0.4293146016921753,0,0.5,135,0.4,0.908723440465135,-2.0241343608008995,-0.01499358785778444,-3.382226902759927,0.22962962962962963,128,0.3984375,-3.382226902759927,-1.2350958752613697,21,0.3333333333333333,376,0.425531914893617,1.0146062117802572,0.7598830283606377,0.0020209655009591427,-4.825516598937168,0.38563829787234044,343,0.41690962099125367,-4.825516598937169,6.579960090419362,20,0.5294117647058824
SPXW,"d65ret,d80_front,d80_zero",0.0,1,score_desc,d80,21,3,0,False,False,False,False,False,-14.294696062036873,-13.135485114200904,-14.294696062036873,107,0.4672897196261682,1.4023046654155182,6.163305035811724,0.05760098164310022,-2.3999999999999986,0.18691588785046728,102,0.4803921568627451,-2.3999999999999986,0.4293146016921753,0,0.5,135,0.4,0.908723440465135,-2.0241343608008995,-0.01499358785778444,-3.382226902759927,0.22962962962962963,128,0.3984375,-3.382226902759927,-1.2350958752613697,21,0.3333333333333333,376,0.425531914893617,1.0146062117802572,0.7598830283606377,0.0020209655009591427,-4.825516598937168,0.38563829787234044,343,0.41690962099125367,-4.825516598937169,6.579960090419362,20,0.5294117647058824
SPXW,"d65ret,d80_front,d80_zero",0.0,1,score_desc,d80,21,4,0,False,False,False,False,False,-14.294696062036873,-13.135485114200904,-14.294696062036873,107,0.4672897196261682,1.4023046654155182,6.163305035811724,0.05760098164310022,-2.3999999999999986,0.18691588785046728,102,0.4803921568627451,-2.3999999999999986,0.4293146016921753,0,0.5,135,0.4,0.908723440465135,-2.0241343608008995,-0.01499358785778444,-3.382226902759927,0.22962962962962963,128,0.3984375,-3.382226902759927,-1.2350958752613697,21,0.3333333333333333,376,0.425531914893617,1.0146062117802572,0.7598830283606377,0.0020209655009591427,-4.825516598937168,0.38563829787234044,343,0.41690962099125367,-4.825516598937169,6.579960090419362,20,0.5294117647058824
SPXW,"d65ret,d80_front,d80_zero",-999999.0,1,score_desc,d80,21,2,0,False,False,False,False,False,-14.294696062036873,-13.135485114200904,-14.294696062036873,107,0.4672897196261682,1.4023046654155182,6.163305035811724,0.05760098164310022,-2.3999999999999986,0.18691588785046728,102,0.4803921568627451,-2.3999999999999986,0.4293146016921753,0,0.5,135,0.4,0.908723440465135,-2.0241343608008995,-0.01499358785778444,-3.382226902759927,0.22962962962962963,128,0.3984375,-3.382226902759927,-1.2350958752613697,21,0.3333333333333333,380,0.41842105263157897,0.9983849233076324,-0.08603871833136623,-0.0002264176798193848,-6.070436620339546,0.39210526315789473,351,0.41025641025641024,-6.070436620339547,-58.11337147937503,20,0.5294117647058824
SPXW,"d65ret,d80_front,d80_zero",-999999.0,1,score_desc,d80,21,3,0,False,False,False,False,False,-14.294696062036873,-13.135485114200904,-14.294696062036873,107,0.4672897196261682,1.4023046654155182,6.163305035811724,0.05760098164310022,-2.3999999999999986,0.18691588785046728,102,0.4803921568627451,-2.3999999999999986,0.4293146016921753,0,0.5,135,0.4,0.908723440465135,-2.0241343608008995,-0.01499358785778444,-3.382226902759927,0.22962962962962963,128,0.3984375,-3.382226902759927,-1.2350958752613697,21,0.3333333333333333,380,0.41842105263157897,0.9983849233076324,-0.08603871833136623,-0.0002264176798193848,-6.070436620339546,0.39210526315789473,351,0.41025641025641024,-6.070436620339547,-58.11337147937503,20,0.5294117647058824
SPXW,"d65ret,d80_front,d80_zero",-999999.0,1,score_desc,d80,21,4,0,False,False,False,False,False,-14.294696062036873,-13.135485114200904,-14.294696062036873,107,0.4672897196261682,1.4023046654155182,6.163305035811724,0.05760098164310022,-2.3999999999999986,0.18691588785046728,102,0.4803921568627451,-2.3999999999999986,0.4293146016921753,0,0.5,135,0.4,0.908723440465135,-2.0241343608008995,-0.01499358785778444,-3.382226902759927,0.22962962962962963,128,0.3984375,-3.382226902759927,-1.2350958752613697,21,0.3333333333333333,380,0.41842105263157897,0.9983849233076324,-0.08603871833136623,-0.0002264176798193848,-6.070436620339546,0.39210526315789473,351,0.41025641025641024,-6.070436620339547,-58.11337147937503,20,0.5294117647058824
SPXW,"d65ret,d80",0.0,1,score_desc,d80_front,21,2,0,False,False,False,False,False,-14.296170618910867,17.34873475923194,-14.296170618910867,110,0.45454545454545453,1.374023218096613,5.982460605823589,0.05438600550748717,-2.3999999999999986,0.23636363636363636,102,0.47058823529411764,-2.3999999999999986,0.5015847352442304,0,0.6666666666666666,137,0.43795620437956206,1.1275285686895447,2.7172713020420307,0.019834097095197303,-2.412810195787073,0.18248175182481752,128,0.4296875,-2.412810195787073,0.9200406297748954,21,0.6666666666666666,379,0.42480211081794195,1.0783400253671616,4.327606701088701,0.011418487337964911,-3.4564013973651173,0.37467018469656993,341,0.41348973607038125,-3.456401397365119,0.8776237352236517,20,0.5882352941176471
SPXW,"d65ret,d80",0.0,1,score_desc,d80_front,21,3,0,False,False,False,False,False,-14.296170618910867,17.34873475923194,-14.296170618910867,110,0.45454545454545453,1.374023218096613,5.982460605823589,0.05438600550748717,-2.3999999999999986,0.23636363636363636,102,0.47058823529411764,-2.3999999999999986,0.5015847352442304,0,0.6666666666666666,137,0.43795620437956206,1.1275285686895447,2.7172713020420307,0.019834097095197303,-2.412810195787073,0.18248175182481752,128,0.4296875,-2.412810195787073,0.9200406297748954,21,0.6666666666666666,379,0.42480211081794195,1.0717922445306196,3.990127042463543,0.010528039689877422,-3.4564013973651173,0.37467018469656993,341,0.41055718475073316,-3.4564013973651173,0.9518519879616271,20,0.5882352941176471
SPXW,"d65ret,d80",0.0,1,score_desc,d80_front,21,4,0,False,False,False,False,False,-14.296170618910867,17.34873475923194,-14.296170618910867,110,0.45454545454545453,1.374023218096613,5.982460605823589,0.05438600550748717,-2.3999999999999986,0.23636363636363636,102,0.47058823529411764,-2.3999999999999986,0.5015847352442304,0,0.6666666666666666,137,0.43795620437956206,1.1275285686895447,2.7172713020420307,0.019834097095197303,-2.412810195787073,0.18248175182481752,128,0.4296875,-2.412810195787073,0.9200406297748954,21,0.6666666666666666,379,0.42480211081794195,1.0717922445306196,3.990127042463543,0.010528039689877422,-3.4564013973651173,0.37467018469656993,341,0.41055718475073316,-3.4564013973651173,0.9518519879616271,20,0.5882352941176471
SPXW,"d65ret,d80",0.0,1,score_desc,d80_front,21,2,30,False,False,False,False,False,-14.296170618910867,17.34873475923194,-14.296170618910867,110,0.45454545454545453,1.374023218096613,5.982460605823589,0.05438600550748717,-2.3999999999999986,0.23636363636363636,102,0.47058823529411764,-2.3999999999999986,0.5015847352442304,0,0.6666666666666666,137,0.43795620437956206,1.1275285686895447,2.7172713020420307,0.019834097095197303,-2.412810195787073,0.18248175182481752,128,0.4296875,-2.412810195787073,0.9200406297748954,21,0.6666666666666666,377,0.4217506631299735,1.0587821291456267,3.187304012444076,0.008454387300912669,-3.808134086918935,0.376657824933687,343,0.41690962099125367,-3.808134086918935,1.0659220288985116,20,0.6470588235294118
SPXW,"d65ret,d80",0.0,1,score_desc,d80_front,21,2,15,False,False,False,False,False,-14.296170618910867,17.34873475923194,-14.296170618910867,110,0.45454545454545453,1.374023218096613,5.982460605823589,0.05438600550748717,-2.3999999999999986,0.23636363636363636,102,0.47058823529411764,-2.3999999999999986,0.5015847352442304,0,0.6666666666666666,137,0.43795620437956206,1.1275285686895447,2.7172713020420307,0.019834097095197303,-2.412810195787073,0.18248175182481752,128,0.4296875,-2.412810195787073,0.9200406297748954,21,0.6666666666666666,379,0.41952506596306066,1.0546618321893872,3.004836383511268,0.007928328188684084,-3.5915601730949103,0.37467018469656993,342,0.4152046783625731,-3.591560173094911,1.2598953526985928,20,0.5882352941176471
SPXW,"d65ret,d80",0.0,1,score_desc,d80_front,21,3,30,False,False,False,False,False,-14.296170618910867,17.34873475923194,-14.296170618910867,110,0.45454545454545453,1.374023218096613,5.982460605823589,0.05438600550748717,-2.3999999999999986,0.23636363636363636,102,0.47058823529411764,-2.3999999999999986,0.5015847352442304,0,0.6666666666666666,137,0.43795620437956206,1.1275285686895447,2.7172713020420307,0.019834097095197303,-2.412810195787073,0.18248175182481752,128,0.4296875,-2.412810195787073,0.9200406297748954,21,0.6666666666666666,377,0.4217506631299735,1.0522330331559533,2.849824353818918,0.0075592157926231245,-3.808134086918936,0.376657824933687,343,0.4139941690962099,-3.808134086918936,1.192149809200709,20,0.6470588235294118
SPXW,"d65ret,d80",0.0,1,score_desc,d80_front,21,4,30,False,False,False,False,False,-14.296170618910867,17.34873475923194,-14.296170618910867,110,0.45454545454545453,1.374023218096613,5.982460605823589,0.05438600550748717,-2.3999999999999986,0.23636363636363636,102,0.47058823529411764,-2.3999999999999986,0.5015847352442304,0,0.6666666666666666,137,0.43795620437956206,1.1275285686895447,2.7172713020420307,0.019834097095197303,-2.412810195787073,0.18248175182481752,128,0.4296875,-2.412810195787073,0.9200406297748954,21,0.6666666666666666,377,0.4217506631299735,1.0522330331559533,2.849824353818918,0.0075592157926231245,-3.808134086918936,0.376657824933687,343,0.4139941690962099,-3.808134086918936,1.192149809200709,20,0.6470588235294118
SPXW,"d65ret,d80",0.0,1,score_desc,d80_front,21,3,15,False,False,False,False,False,-14.296170618910867,17.34873475923194,-14.296170618910867,110,0.45454545454545453,1.374023218096613,5.982460605823589,0.05438600550748717,-2.3999999999999986,0.23636363636363636,102,0.47058823529411764,-2.3999999999999986,0.5015847352442304,0,0.6666666666666666,137,0.43795620437956206,1.1275285686895447,2.7172713020420307,0.019834097095197303,-2.412810195787073,0.18248175182481752,128,0.4296875,-2.412810195787073,0.9200406297748954,21,0.6666666666666666,379,0.41952506596306066,1.048226571849541,2.66735672488611,0.007037880540596597,-3.5915601730949103,0.37467018469656993,342,0.41228070175438597,-3.5915601730949107,1.4192999983409182,20,0.5882352941176471
SPXW,"d65ret,d80",0.0,1,score_desc,d80_front,21,4,15,False,False,False,False,False,-14.296170618910867,17.34873475923194,-14.296170618910867,110,0.45454545454545453,1.374023218096613,5.982460605823589,0.05438600550748717,-2.3999999999999986,0.23636363636363636,102,0.47058823529411764,-2.3999999999999986,0.5015847352442304,0,0.6666666666666666,137,0.43795620437956206,1.1275285686895447,2.7172713020420307,0.019834097095197303,-2.412810195787073,0.18248175182481752,128,0.4296875,-2.412810195787073,0.9200406297748954,21,0.6666666666666666,379,0.41952506596306066,1.048226571849541,2.66735672488611,0.007037880540596597,-3.5915601730949103,0.37467018469656993,342,0.41228070175438597,-3.5915601730949107,1.4192999983409182,20,0.5882352941176471
SPXW,"d65ret,d80",-999999.0,1,score_desc,d80_front,21,2,0,False,False,False,False,False,-14.296170618910867,17.34873475923194,-14.296170618910867,110,0.45454545454545453,1.374023218096613,5.982460605823589,0.05438600550748717,-2.3999999999999986,0.23636363636363636,102,0.47058823529411764,-2.3999999999999986,0.5015847352442304,0,0.6666666666666666,137,0.43795620437956206,1.1275285686895447,2.7172713020420307,0.019834097095197303,-2.412810195787073,0.18248175182481752,128,0.4296875,-2.412810195787073,0.9200406297748954,21,0.6666666666666666,382,0.418848167539267,1.0370161706993215,2.0866772337392767,0.005462505847485017,-3.4564013973651213,0.3769633507853403,346,0.41040462427745666,-3.4564013973651218,1.6117828547948816,21,0.5294117647058824
SPXW,"d65ret,d80",-999999.0,1,score_desc,d80_front,21,3,0,False,False,False,False,False,-14.296170618910867,17.34873475923194,-14.296170618910867,110,0.45454545454545453,1.374023218096613,5.982460605823589,0.05438600550748717,-2.3999999999999986,0.23636363636363636,102,0.47058823529411764,-2.3999999999999986,0.5015847352442304,0,0.6666666666666666,137,0.43795620437956206,1.1275285686895447,2.7172713020420307,0.019834097095197303,-2.412810195787073,0.18248175182481752,128,0.4296875,-2.412810195787073,0.9200406297748954,21,0.6666666666666666,382,0.418848167539267,1.0308448640891554,1.7491975751141182,0.004579051243754236,-3.4564013973651226,0.3769633507853403,346,0.407514450867052,-3.4564013973651226,1.9227505438385697,21,0.5294117647058824
SPXW,"d65ret,d80",-999999.0,1,score_desc,d80_front,21,4,0,False,False,False,False,False,-14.296170618910867,17.34873475923194,-14.296170618910867,110,0.45454545454545453,1.374023218096613,5.982460605823589,0.05438600550748717,-2.3999999999999986,0.23636363636363636,102,0.47058823529411764,-2.3999999999999986,0.5015847352442304,0,0.6666666666666666,137,0.43795620437956206,1.1275285686895447,2.7172713020420307,0.019834097095197303,-2.412810195787073,0.18248175182481752,128,0.4296875,-2.412810195787073,0.9200406297748954,21,0.6666666666666666,382,0.418848167539267,1.0308448640891554,1.7491975751141182,0.004579051243754236,-3.4564013973651226,0.3769633507853403,346,0.407514450867052,-3.4564013973651226,1.9227505438385697,21,0.5294117647058824
SPXW,"d65ret,d80",-999999.0,1,score_desc,d80_front,21,2,30,False,False,False,False,False,-14.296170618910867,17.34873475923194,-14.296170618910867,110,0.45454545454545453,1.374023218096613,5.982460605823589,0.05438600550748717,-2.3999999999999986,0.23636363636363636,102,0.47058823529411764,-2.3999999999999986,0.5015847352442304,0,0.6666666666666666,137,0.43795620437956206,1.1275285686895447,2.7172713020420307,0.019834097095197303,-2.412810195787073,0.18248175182481752,128,0.4296875,-2.412810195787073,0.9200406297748954,21,0.6666666666666666,380,0.41578947368421054,1.0248145136777131,1.3735590470712487,0.0036146290712401282,-3.808134086918937,0.37894736842105264,347,0.41210374639769454,-3.808134086918937,2.4465933804007722,21,0.5882352941176471
SPXW,"d65ret,d80",-999999.0,1,score_desc,d80_front,21,3,30,False,False,False,False,False,-14.296170618910867,17.34873475923194,-14.296170618910867,110,0.45454545454545453,1.374023218096613,5.982460605823589,0.05438600550748717,-2.3999999999999986,0.23636363636363636,102,0.47058823529411764,-2.3999999999999986,0.5015847352442304,0,0.6666666666666666,137,0.43795620437956206,1.1275285686895447,2.7172713020420307,0.019834097095197303,-2.412810195787073,0.18248175182481752,128,0.4296875,-2.412810195787073,0.9200406297748954,21,0.6666666666666666,380,0.41578947368421054,1.0186042289730053,1.03607938844609,0.0027265247064370787,-3.8081340869189377,0.37894736842105264,347,0.4092219020172911,-3.8081340869189377,3.2435163845834656,21,0.5882352941176471
SPXW,"d65ret,d80",-999999.0,1,score_desc,d80_front,21,4,30,False,False,False,False,False,-14.296170618910867,17.34873475923194,-14.296170618910867,110,0.45454545454545453,1.374023218096613,5.982460605823589,0.05438600550748717,-2.3999999999999986,0.23636363636363636,102,0.47058823529411764,-2.3999999999999986,0.5015847352442304,0,0.6666666666666666,137,0.43795620437956206,1.1275285686895447,2.7172713020420307,0.019834097095197303,-2.412810195787073,0.18248175182481752,128,0.4296875,-2.412810195787073,0.9200406297748954,21,0.6666666666666666,380,0.41578947368421054,1.0186042289730053,1.03607938844609,0.0027265247064370787,-3.8081340869189377,0.37894736842105264,347,0.4092219020172911,-3.8081340869189377,3.2435163845834656,21,0.5882352941176471
SPXW,"d65ret,d80",-999999.0,1,score_desc,d80_front,21,2,15,False,False,False,False,False,-14.296170618910867,17.34873475923194,-14.296170618910867,110,0.45454545454545453,1.374023218096613,5.982460605823589,0.05438600550748717,-2.3999999999999986,0.23636363636363636,102,0.47058823529411764,-2.3999999999999986,0.5015847352442304,0,0.6666666666666666,137,0.43795620437956206,1.1275285686895447,2.7172713020420307,0.019834097095197303,-2.412810195787073,0.18248175182481752,128,0.4296875,-2.412810195787073,0.9200406297748954,21,0.6666666666666666,382,0.41361256544502617,1.0136163689496278,0.7639069161618433,0.001999756325031003,-3.5915601730949143,0.3769633507853403,347,0.41210374639769454,-3.5915601730949147,4.297794555043589,21,0.5294117647058824
SPXW,"d65ret,d80",-999999.0,1,score_desc,d80_front,21,3,15,False,False,False,False,False,-14.296170618910867,17.34873475923194,-14.296170618910867,110,0.45454545454545453,1.374023218096613,5.982460605823589,0.05438600550748717,-2.3999999999999986,0.23636363636363636,102,0.47058823529411764,-2.3999999999999986,0.5015847352442304,0,0.6666666666666666,137,0.43795620437956206,1.1275285686895447,2.7172713020420307,0.019834097095197303,-2.412810195787073,0.18248175182481752,128,0.4296875,-2.412810195787073,0.9200406297748954,21,0.6666666666666666,382,0.41361256544502617,1.007555464568625,0.4264272575366852,0.001116301721300223,-3.591560173094915,0.3769633507853403,347,0.4092219020172911,-3.5915601730949156,7.6991208390520525,21,0.5294117647058824
SPXW,"d65ret,d80",-999999.0,1,score_desc,d80_front,21,4,15,False,False,False,False,False,-14.296170618910867,17.34873475923194,-14.296170618910867,110,0.45454545454545453,1.374023218096613,5.982460605823589,0.05438600550748717,-2.3999999999999986,0.23636363636363636,102,0.47058823529411764,-2.3999999999999986,0.5015847352442304,0,0.6666666666666666,137,0.43795620437956206,1.1275285686895447,2.7172713020420307,0.019834097095197303,-2.412810195787073,0.18248175182481752,128,0.4296875,-2.412810195787073,0.9200406297748954,21,0.6666666666666666,382,0.41361256544502617,1.007555464568625,0.4264272575366852,0.001116301721300223,-3.591560173094915,0.3769633507853403,347,0.4092219020172911,-3.5915601730949156,7.6991208390520525,21,0.5294117647058824
SPXW,d80,-999999.0,1,score_desc,d80,22,2,0,False,False,False,False,False,-13.479837898917935,-14.296852654857735,-14.296852654857735,69,0.5072463768115942,1.4530375570397653,4.522786484689255,0.06554763021288776,-2.2,0.18840579710144928,61,0.5737704918032787,-2.2,0.5527565823553942,0,0.5,116,0.4827586206896552,1.4295312270626226,7.414947413321343,0.06392196045966675,-2.2774802861251215,0.06896551724137931,103,0.49514563106796117,-1.977480286125122,0.5394508925058308,0,0.8333333333333334,315,0.44761904761904764,1.254184967228979,10.591207428688875,0.03362288072599643,-2.890461119954401,0.41904761904761906,275,0.44363636363636366,-2.890461119954401,0.47208970588719446,0,0.6470588235294118
SPXW,d80,-999999.0,1,score_desc,d80,22,2,15,False,False,False,False,False,-13.479837898917935,-14.296852654857735,-14.296852654857735,69,0.5072463768115942,1.4530375570397653,4.522786484689255,0.06554763021288776,-2.2,0.18840579710144928,61,0.5737704918032787,-2.2,0.5527565823553942,0,0.5,116,0.4827586206896552,1.4295312270626226,7.414947413321343,0.06392196045966675,-2.2774802861251215,0.06896551724137931,103,0.49514563106796117,-1.977480286125122,0.5394508925058308,0,0.8333333333333334,315,0.44761904761904764,1.254184967228979,10.591207428688875,0.03362288072599643,-2.890461119954401,0.41904761904761906,275,0.44363636363636366,-2.890461119954401,0.47208970588719446,0,0.6470588235294118
SPXW,d80,-999999.0,1,score_desc,d80,22,2,30,False,False,False,False,False,-13.479837898917935,-14.296852654857735,-14.296852654857735,69,0.5072463768115942,1.4530375570397653,4.522786484689255,0.06554763021288776,-2.2,0.18840579710144928,61,0.5737704918032787,-2.2,0.5527565823553942,0,0.5,116,0.4827586206896552,1.4295312270626226,7.414947413321343,0.06392196045966675,-2.2774802861251215,0.06896551724137931,103,0.49514563106796117,-1.977480286125122,0.5394508925058308,0,0.8333333333333334,315,0.44761904761904764,1.254184967228979,10.591207428688875,0.03362288072599643,-2.890461119954401,0.41904761904761906,275,0.44363636363636366,-2.890461119954401,0.47208970588719446,0,0.6470588235294118
SPXW,d80,0.0,1,score_desc,d80,22,2,0,False,False,False,False,False,-13.479837898917935,-14.296852654857735,-14.296852654857735,69,0.5072463768115942,1.4530375570397653,4.522786484689255,0.06554763021288776,-2.2,0.18840579710144928,61,0.5737704918032787,-2.2,0.5527565823553942,0,0.5,116,0.4827586206896552,1.4295312270626226,7.414947413321343,0.06392196045966675,-2.2774802861251215,0.06896551724137931,103,0.49514563106796117,-1.977480286125122,0.5394508925058308,0,0.8333333333333334,313,0.44089456869009586,1.2021157931180149,8.520682510926848,0.027222627830437215,-3.8286769200143067,0.4217252396166134,269,0.4423791821561338,-3.8286769200143063,0.5868074527583963,0,0.5882352941176471
SPXW,d80,0.0,1,score_desc,d80,22,2,15,False,False,False,False,False,-13.479837898917935,-14.296852654857735,-14.296852654857735,69,0.5072463768115942,1.4530375570397653,4.522786484689255,0.06554763021288776,-2.2,0.18840579710144928,61,0.5737704918032787,-2.2,0.5527565823553942,0,0.5,116,0.4827586206896552,1.4295312270626226,7.414947413321343,0.06392196045966675,-2.2774802861251215,0.06896551724137931,103,0.49514563106796117,-1.977480286125122,0.5394508925058308,0,0.8333333333333334,313,0.44089456869009586,1.2021157931180149,8.520682510926848,0.027222627830437215,-3.8286769200143067,0.4217252396166134,269,0.4423791821561338,-3.8286769200143063,0.5868074527583963,0,0.5882352941176471
SPXW,d80,0.0,1,score_desc,d80,22,2,30,False,False,False,False,False,-13.479837898917935,-14.296852654857735,-14.296852654857735,69,0.5072463768115942,1.4530375570397653,4.522786484689255,0.06554763021288776,-2.2,0.18840579710144928,61,0.5737704918032787,-2.2,0.5527565823553942,0,0.5,116,0.4827586206896552,1.4295312270626226,7.414947413321343,0.06392196045966675,-2.2774802861251215,0.06896551724137931,103,0.49514563106796117,-1.977480286125122,0.5394508925058308,0,0.8333333333333334,313,0.44089456869009586,1.2021157931180149,8.520682510926848,0.027222627830437215,-3.8286769200143067,0.4217252396166134,269,0.4423791821561338,-3.8286769200143063,0.5868074527583963,0,0.5882352941176471
SPXW,"d50ret,d65ret,d80_front",0.0,1,score_desc,d80,21,1,0,False,False,False,False,False,-13.882748522512827,-14.2991454719224,-14.2991454719224,102,0.5,1.3885979051103028,5.277635300670799,0.05174152255559607,-2.3999999999999986,0.19607843137254902,102,0.5,-2.3999999999999986,0.4736969982905497,0,0.5,128,0.3828125,0.8944776449434939,-2.36401186704437,-0.018468842711284142,-4.809734567401831,0.234375,128,0.3828125,-4.809734567401831,-1.0575243021625143,20,0.5,347,0.42363112391930835,1.0939809720772866,4.4334808224278905,0.012776601793740319,-3.599122960820768,0.41210374639769454,347,0.42363112391930835,-3.599122960820768,0.5638910147875489,19,0.5882352941176471
SPXW,"d50ret,d65ret,d80_front",0.0,1,score_desc,d80,21,1,15,False,False,False,False,False,-13.882748522512827,-14.2991454719224,-14.2991454719224,102,0.5,1.3885979051103028,5.277635300670799,0.05174152255559607,-2.3999999999999986,0.19607843137254902,102,0.5,-2.3999999999999986,0.4736969982905497,0,0.5,128,0.3828125,0.8944776449434939,-2.36401186704437,-0.018468842711284142,-4.809734567401831,0.234375,128,0.3828125,-4.809734567401831,-1.0575243021625143,20,0.5,347,0.42363112391930835,1.0939809720772866,4.4334808224278905,0.012776601793740319,-3.599122960820768,0.41210374639769454,347,0.42363112391930835,-3.599122960820768,0.5638910147875489,19,0.5882352941176471
SPXW,"d50ret,d65ret,d80_front",0.0,1,score_desc,d80,21,1,30,False,False,False,False,False,-13.882748522512827,-14.2991454719224,-14.2991454719224,102,0.5,1.3885979051103028,5.277635300670799,0.05174152255559607,-2.3999999999999986,0.19607843137254902,102,0.5,-2.3999999999999986,0.4736969982905497,0,0.5,128,0.3828125,0.8944776449434939,-2.36401186704437,-0.018468842711284142,-4.809734567401831,0.234375,128,0.3828125,-4.809734567401831,-1.0575243021625143,20,0.5,347,0.42363112391930835,1.0939809720772866,4.4334808224278905,0.012776601793740319,-3.599122960820768,0.41210374639769454,347,0.42363112391930835,-3.599122960820768,0.5638910147875489,19,0.5882352941176471
SPXW,"d50ret,d65ret,d80_front",-999999.0,1,score_desc,d80,21,1,0,False,False,False,False,False,-13.882748522512827,-14.2991454719224,-14.2991454719224,102,0.5,1.3885979051103028,5.277635300670799,0.05174152255559607,-2.3999999999999986,0.19607843137254902,102,0.5,-2.3999999999999986,0.4736969982905497,0,0.5,128,0.3828125,0.8944776449434939,-2.36401186704437,-0.018468842711284142,-4.809734567401831,0.234375,128,0.3828125,-4.809734567401831,-1.0575243021625143,20,0.5,351,0.4188034188034188,1.0678664783809158,3.250108538929583,0.00925956848697887,-3.5940459950749877,0.41595441595441596,351,0.4188034188034188,-3.5940459950749877,0.7692050804012133,19,0.5294117647058824
SPXW,"d50ret,d65ret,d80_front",-999999.0,1,score_desc,d80,21,1,15,False,False,False,False,False,-13.882748522512827,-14.2991454719224,-14.2991454719224,102,0.5,1.3885979051103028,5.277635300670799,0.05174152255559607,-2.3999999999999986,0.19607843137254902,102,0.5,-2.3999999999999986,0.4736969982905497,0,0.5,128,0.3828125,0.8944776449434939,-2.36401186704437,-0.018468842711284142,-4.809734567401831,0.234375,128,0.3828125,-4.809734567401831,-1.0575243021625143,20,0.5,351,0.4188034188034188,1.0678664783809158,3.250108538929583,0.00925956848697887,-3.5940459950749877,0.41595441595441596,351,0.4188034188034188,-3.5940459950749877,0.7692050804012133,19,0.5294117647058824
SPXW,"d50ret,d65ret,d80_front",-999999.0,1,score_desc,d80,21,1,30,False,False,False,False,False,-13.882748522512827,-14.2991454719224,-14.2991454719224,102,0.5,1.3885979051103028,5.277635300670799,0.05174152255559607,-2.3999999999999986,0.19607843137254902,102,0.5,-2.3999999999999986,0.4736969982905497,0,0.5,128,0.3828125,0.8944776449434939,-2.36401186704437,-0.018468842711284142,-4.809734567401831,0.234375,128,0.3828125,-4.809734567401831,-1.0575243021625143,20,0.5,351,0.4188034188034188,1.0678664783809158,3.250108538929583,0.00925956848697887,-3.5940459950749877,0.41595441595441596,351,0.4188034188034188,-3.5940459950749877,0.7692050804012133,19,0.5294117647058824
SPXW,"d50ret,d65ret,d80",0.0,1,score_desc,d65ret,22,2,30,False,False,False,False,False,-14.321909662131336,17.009040663429698,-14.321909662131336,114,0.45614035087719296,1.3316351784166598,5.739079640396233,0.050342803863124855,-2.6999999999999984,0.20175438596491227,102,0.47058823529411764,-2.6999999999999984,0.6098538823828477,0,0.8333333333333334,134,0.4253731343283582,1.137627172729617,3.0865066831937984,0.023033631964132825,-2.5384111342918954,0.21641791044776118,128,0.4375,-2.5384111342918954,0.8123441119541589,20,0.5,377,0.40318302387267907,1.0436276876693373,2.616259913042577,0.0069396814669564376,-5.811396995364142,0.3793103448275862,341,0.39882697947214074,-5.81139699536414,1.91112510460983,17,0.47058823529411764
SPXW,"d50ret,d65ret,d80",-999999.0,1,score_desc,d65ret,22,2,30,False,False,False,False,False,-14.321909662131336,17.009040663429698,-14.321909662131336,114,0.45614035087719296,1.3316351784166598,5.739079640396233,0.050342803863124855,-2.6999999999999984,0.20175438596491227,102,0.47058823529411764,-2.6999999999999984,0.6098538823828477,0,0.8333333333333334,134,0.4253731343283582,1.137627172729617,3.0865066831937984,0.023033631964132825,-2.5384111342918954,0.21641791044776118,128,0.4375,-2.5384111342918954,0.8123441119541589,20,0.5,382,0.4083769633507853,1.0397877265128004,2.4009135823179077,0.006285114089837455,-5.709451430349647,0.3769633507853403,349,0.40974212034383956,-5.709451430349645,1.7906450447568643,19,0.47058823529411764
SPXW,"d50ret,d65ret,d80",-999999.0,1,score_desc,d65ret,22,2,0,False,False,False,False,False,-14.321909662131336,17.009040663429698,-14.321909662131336,114,0.45614035087719296,1.3316351784166598,5.739079640396233,0.050342803863124855,-2.6999999999999984,0.20175438596491227,102,0.47058823529411764,-2.6999999999999984,0.6098538823828477,0,0.8333333333333334,134,0.4253731343283582,1.137627172729617,3.0865066831937984,0.023033631964132825,-2.5384111342918954,0.21641791044776118,128,0.4375,-2.5384111342918954,0.8123441119541589,20,0.5,387,0.4082687338501292,1.0379162402518922,2.322107346107633,0.006000277380123083,-4.118104829960498,0.3643410852713178,349,0.41260744985673353,-4.118104829960498,1.6639694406469696,19,0.5882352941176471
SPXW,"d50ret,d65ret,d80",0.0,1,score_desc,d65ret,22,2,0,False,False,False,False,False,-14.321909662131336,17.009040663429698,-14.321909662131336,114,0.45614035087719296,1.3316351784166598,5.739079640396233,0.050342803863124855,-2.6999999999999984,0.20175438596491227,102,0.47058823529411764,-2.6999999999999984,0.6098538823828477,0,0.8333333333333334,134,0.4253731343283582,1.137627172729617,3.0865066831937984,0.023033631964132825,-2.5384111342918954,0.21641791044776118,128,0.4375,-2.5384111342918954,0.8123441119541589,20,0.5,385,0.4,1.0265097884284682,1.6374536768323023,0.0042531264333306555,-4.668986565187759,0.36883116883116884,341,0.40175953079178883,-4.668986565187758,3.053521495443238,17,0.5294117647058824
SPXW,"d50ret,d65ret,d80",-999999.0,1,score_desc,d65ret,22,2,15,False,False,False,False,False,-14.321909662131336,17.009040663429698,-14.321909662131336,114,0.45614035087719296,1.3316351784166598,5.739079640396233,0.050342803863124855,-2.6999999999999984,0.20175438596491227,102,0.47058823529411764,-2.6999999999999984,0.6098538823828477,0,0.8333333333333334,134,0.4253731343283582,1.137627172729617,3.0865066831937984,0.023033631964132825,-2.5384111342918954,0.21641791044776118,128,0.4375,-2.5384111342918954,0.8123441119541589,20,0.5,383,0.4046997389033943,1.0190491488646958,1.1609136204648816,0.003031106058655043,-5.5931808406485475,0.370757180156658,349,0.40974212034383956,-5.593180840648547,3.2725811310109796,19,0.5294117647058824
SPXW,"d50ret,d65ret,d80",0.0,1,score_desc,d65ret,22,2,15,False,False,False,False,False,-14.321909662131336,17.009040663429698,-14.321909662131336,114,0.45614035087719296,1.3316351784166598,5.739079640396233,0.050342803863124855,-2.6999999999999984,0.20175438596491227,102,0.47058823529411764,-2.6999999999999984,0.6098538823828477,0,0.8333333333333334,134,0.4253731343283582,1.137627172729617,3.0865066831937984,0.023033631964132825,-2.5384111342918954,0.21641791044776118,128,0.4375,-2.5384111342918954,0.8123441119541589,20,0.5,380,0.3973684210526316,1.0126906467690462,0.7762599511895506,0.0020427893452356597,-5.844062575875807,0.3763157894736842,341,0.39882697947214074,-5.844062575875807,6.44114125988071,17,0.5294117647058824
SPXW,"d50ret,d65ret,d80",-999999.0,1,score_desc,d65ret,22,3,0,False,False,False,False,False,-14.3534062552217,17.009040663429698,-14.3534062552217,114,0.45614035087719296,1.3286651831096308,5.70039648722558,0.05000347795811912,-2.6999999999999984,0.20175438596491227,102,0.46078431372549017,-2.6999999999999984,0.6139923789237111,0,0.8333333333333334,134,0.4253731343283582,1.137627172729617,3.0865066831937984,0.023033631964132825,-2.5384111342918954,0.21641791044776118,128,0.4375,-2.5384111342918954,0.8123441119541589,20,0.5,387,0.4108527131782946,1.0512298907630155,3.122107346107633,0.008067460842655381,-4.118104829960497,0.3643410852713178,349,0.41260744985673353,-4.118104829960496,1.2417633028394313,19,0.5882352941176471
SPXW,"d50ret,d65ret,d80",-999999.0,1,score_desc,d65ret,22,4,0,False,False,False,False,False,-14.3534062552217,17.009040663429698,-14.3534062552217,114,0.45614035087719296,1.3286651831096308,5.70039648722558,0.05000347795811912,-2.6999999999999984,0.20175438596491227,102,0.46078431372549017,-2.6999999999999984,0.6139923789237111,0,0.8333333333333334,134,0.4253731343283582,1.137627172729617,3.0865066831937984,0.023033631964132825,-2.5384111342918954,0.21641791044776118,128,0.4375,-2.5384111342918954,0.8123441119541589,20,0.5,387,0.4108527131782946,1.0512298907630155,3.122107346107633,0.008067460842655381,-4.118104829960497,0.3643410852713178,349,0.41260744985673353,-4.118104829960496,1.2417633028394313,19,0.5882352941176471
SPXW,"d50ret,d65ret,d80",0.0,1,score_desc,d65ret,22,3,30,False,False,False,False,False,-14.3534062552217,17.009040663429698,-14.3534062552217,114,0.45614035087719296,1.3286651831096308,5.70039648722558,0.05000347795811912,-2.6999999999999984,0.20175438596491227,102,0.46078431372549017,-2.6999999999999984,0.6139923789237111,0,0.8333333333333334,134,0.4253731343283582,1.137627172729617,3.0865066831937984,0.023033631964132825,-2.5384111342918954,0.21641791044776118,128,0.4375,-2.5384111342918954,0.8123441119541589,20,0.5,377,0.40318302387267907,1.0436276876693373,2.616259913042577,0.0069396814669564376,-5.811396995364142,0.3793103448275862,341,0.39882697947214074,-5.81139699536414,1.91112510460983,17,0.47058823529411764
SPXW,"d50ret,d65ret,d80",0.0,1,score_desc,d65ret,22,4,30,False,False,False,False,False,-14.3534062552217,17.009040663429698,-14.3534062552217,114,0.45614035087719296,1.3286651831096308,5.70039648722558,0.05000347795811912,-2.6999999999999984,0.20175438596491227,102,0.46078431372549017,-2.6999999999999984,0.6139923789237111,0,0.8333333333333334,134,0.4253731343283582,1.137627172729617,3.0865066831937984,0.023033631964132825,-2.5384111342918954,0.21641791044776118,128,0.4375,-2.5384111342918954,0.8123441119541589,20,0.5,377,0.40318302387267907,1.0436276876693373,2.616259913042577,0.0069396814669564376,-5.811396995364142,0.3793103448275862,341,0.39882697947214074,-5.81139699536414,1.91112510460983,17,0.47058823529411764
SPXW,"d50ret,d65ret,d80",-999999.0,1,score_desc,d65ret,22,3,30,False,False,False,False,False,-14.3534062552217,17.009040663429698,-14.3534062552217,114,0.45614035087719296,1.3286651831096308,5.70039648722558,0.05000347795811912,-2.6999999999999984,0.20175438596491227,102,0.46078431372549017,-2.6999999999999984,0.6139923789237111,0,0.8333333333333334,134,0.4253731343283582,1.137627172729617,3.0865066831937984,0.023033631964132825,-2.5384111342918954,0.21641791044776118,128,0.4375,-2.5384111342918954,0.8123441119541589,20,0.5,382,0.4083769633507853,1.0397877265128004,2.4009135823179077,0.006285114089837455,-5.709451430349647,0.3769633507853403,349,0.40974212034383956,-5.709451430349645,1.7906450447568643,19,0.47058823529411764
SPXW,"d50ret,d65ret,d80",-999999.0,1,score_desc,d65ret,22,4,30,False,False,False,False,False,-14.3534062552217,17.009040663429698,-14.3534062552217,114,0.45614035087719296,1.3286651831096308,5.70039648722558,0.05000347795811912,-2.6999999999999984,0.20175438596491227,102,0.46078431372549017,-2.6999999999999984,0.6139923789237111,0,0.8333333333333334,134,0.4253731343283582,1.137627172729617,3.0865066831937984,0.023033631964132825,-2.5384111342918954,0.21641791044776118,128,0.4375,-2.5384111342918954,0.8123441119541589,20,0.5,382,0.4083769633507853,1.0397877265128004,2.4009135823179077,0.006285114089837455,-5.709451430349647,0.3769633507853403,349,0.40974212034383956,-5.709451430349645,1.7906450447568643,19,0.47058823529411764
SPXW,"d50ret,d65ret,d80",0.0,1,score_desc,d65ret,22,3,0,False,False,False,False,False,-14.3534062552217,17.009040663429698,-14.3534062552217,114,0.45614035087719296,1.3286651831096308,5.70039648722558,0.05000347795811912,-2.6999999999999984,0.20175438596491227,102,0.46078431372549017,-2.6999999999999984,0.6139923789237111,0,0.8333333333333334,134,0.4253731343283582,1.137627172729617,3.0865066831937984,0.023033631964132825,-2.5384111342918954,0.21641791044776118,128,0.4375,-2.5384111342918954,0.8123441119541589,20,0.5,385,0.4025974025974026,1.0315897246142351,1.9417536953863477,0.005043516091912592,-4.668986565187757,0.36883116883116884,341,0.40175953079178883,-4.6689865651877565,2.447368402237769,17,0.5294117647058824
SPXW,"d50ret,d65ret,d80",0.0,1,score_desc,d65ret,22,4,0,False,False,False,False,False,-14.3534062552217,17.009040663429698,-14.3534062552217,114,0.45614035087719296,1.3286651831096308,5.70039648722558,0.05000347795811912,-2.6999999999999984,0.20175438596491227,102,0.46078431372549017,-2.6999999999999984,0.6139923789237111,0,0.8333333333333334,134,0.4253731343283582,1.137627172729617,3.0865066831937984,0.023033631964132825,-2.5384111342918954,0.21641791044776118,128,0.4375,-2.5384111342918954,0.8123441119541589,20,0.5,385,0.4025974025974026,1.0315897246142351,1.9417536953863477,0.005043516091912592,-4.668986565187757,0.36883116883116884,341,0.40175953079178883,-4.6689865651877565,2.447368402237769,17,0.5294117647058824
SPXW,"d50ret,d65ret,d80",-999999.0,1,score_desc,d65ret,22,3,15,False,False,False,False,False,-14.3534062552217,17.009040663429698,-14.3534062552217,114,0.45614035087719296,1.3286651831096308,5.70039648722558,0.05000347795811912,-2.6999999999999984,0.20175438596491227,102,0.46078431372549017,-2.6999999999999984,0.6139923789237111,0,0.8333333333333334,134,0.4253731343283582,1.137627172729617,3.0865066831937984,0.023033631964132825,-2.5384111342918954,0.21641791044776118,128,0.4375,-2.5384111342918954,0.8123441119541589,20,0.5,383,0.4046997389033943,1.0190491488646958,1.1609136204648816,0.003031106058655043,-5.5931808406485475,0.370757180156658,349,0.40974212034383956,-5.593180840648547,3.2725811310109796,19,0.5294117647058824
SPXW,"d50ret,d65ret,d80",-999999.0,1,score_desc,d65ret,22,4,15,False,False,False,False,False,-14.3534062552217,17.009040663429698,-14.3534062552217,114,0.45614035087719296,1.3286651831096308,5.70039648722558,0.05000347795811912,-2.6999999999999984,0.20175438596491227,102,0.46078431372549017,-2.6999999999999984,0.6139923789237111,0,0.8333333333333334,134,0.4253731343283582,1.137627172729617,3.0865066831937984,0.023033631964132825,-2.5384111342918954,0.21641791044776118,128,0.4375,-2.5384111342918954,0.8123441119541589,20,0.5,383,0.4046997389033943,1.0190491488646958,1.1609136204648816,0.003031106058655043,-5.5931808406485475,0.370757180156658,349,0.40974212034383956,-5.593180840648547,3.2725811310109796,19,0.5294117647058824
SPXW,"d50ret,d65ret,d80",0.0,1,score_desc,d65ret,22,3,15,False,False,False,False,False,-14.3534062552217,17.009040663429698,-14.3534062552217,114,0.45614035087719296,1.3286651831096308,5.70039648722558,0.05000347795811912,-2.6999999999999984,0.20175438596491227,102,0.46078431372549017,-2.6999999999999984,0.6139923789237111,0,0.8333333333333334,134,0.4253731343283582,1.137627172729617,3.0865066831937984,0.023033631964132825,-2.5384111342918954,0.21641791044776118,128,0.4375,-2.5384111342918954,0.8123441119541589,20,0.5,380,0.3973684210526316,1.0126906467690462,0.7762599511895506,0.0020427893452356597,-5.844062575875807,0.3763157894736842,341,0.39882697947214074,-5.844062575875807,6.44114125988071,17,0.5294117647058824
SPXW,"d50ret,d65ret,d80",0.0,1,score_desc,d65ret,22,4,15,False,False,False,False,False,-14.3534062552217,17.009040663429698,-14.3534062552217,114,0.45614035087719296,1.3286651831096308,5.70039648722558,0.05000347795811912,-2.6999999999999984,0.20175438596491227,102,0.46078431372549017,-2.6999999999999984,0.6139923789237111,0,0.8333333333333334,134,0.4253731343283582,1.137627172729617,3.0865066831937984,0.023033631964132825,-2.5384111342918954,0.21641791044776118,128,0.4375,-2.5384111342918954,0.8123441119541589,20,0.5,380,0.3973684210526316,1.0126906467690462,0.7762599511895506,0.0020427893452356597,-5.844062575875807,0.3763157894736842,341,0.39882697947214074,-5.844062575875807,6.44114125988071,17,0.5294117647058824
SPXW,"d65ret,d80,d80_front",-999999.0,1,score_desc,d80_front,21,2,0,False,False,False,False,False,-14.383095970174981,17.019708373829953,-14.383095970174981,110,0.45454545454545453,1.3701532067461988,5.702634303519565,0.051842130031996045,-2.3999999999999986,0.22727272727272727,102,0.47058823529411764,-2.3999999999999986,0.5261973255463843,0,0.6666666666666666,137,0.4306569343065693,1.136288419154155,2.913894094438109,0.021269299959402254,-2.4128101957870722,0.18248175182481752,128,0.4296875,-2.4128101957870722,0.8579584291590664,21,0.5,383,0.43342036553524804,1.1021218344317742,5.509706795231368,0.014385657428802528,-4.233762493807417,0.35509138381201044,350,0.4228571428571429,-4.2337624938074185,0.6901737861118168,21,0.5882352941176471
SPXW,"d65ret,d80,d80_front",0.0,1,score_desc,d80_front,21,2,0,False,False,False,False,False,-14.383095970174981,17.019708373829953,-14.383095970174981,110,0.45454545454545453,1.3701532067461988,5.702634303519565,0.051842130031996045,-2.3999999999999986,0.22727272727272727,102,0.47058823529411764,-2.3999999999999986,0.5261973255463843,0,0.6666666666666666,137,0.4306569343065693,1.136288419154155,2.913894094438109,0.021269299959402254,-2.4128101957870722,0.18248175182481752,128,0.4296875,-2.4128101957870722,0.8579584291590664,21,0.5,382,0.43455497382198954,1.0995382101896118,5.384023682044919,0.014094302832578322,-4.233762493807416,0.35602094240837695,347,0.42363112391930835,-4.233762493807418,0.7062850061213962,20,0.5882352941176471
SPXW,"d65ret,d80,d80_front",-999999.0,1,score_desc,d80_front,21,3,0,False,False,False,False,False,-14.383095970174981,17.019708373829953,-14.383095970174981,110,0.45454545454545453,1.3701532067461988,5.702634303519565,0.051842130031996045,-2.3999999999999986,0.22727272727272727,102,0.47058823529411764,-2.3999999999999986,0.5261973255463843,0,0.6666666666666666,137,0.4306569343065693,1.136288419154155,2.913894094438109,0.021269299959402254,-2.4128101957870722,0.18248175182481752,128,0.4296875,-2.4128101957870722,0.8579584291590664,21,0.5,383,0.43342036553524804,1.0961371771823574,5.215139684148505,0.013616552700126645,-4.233762493807416,0.35509138381201044,350,0.4228571428571429,-4.233762493807418,0.729156921872882,21,0.5882352941176471
SPXW,"d65ret,d80,d80_front",-999999.0,1,score_desc,d80_front,21,4,0,False,False,False,False,False,-14.383095970174981,17.019708373829953,-14.383095970174981,110,0.45454545454545453,1.3701532067461988,5.702634303519565,0.051842130031996045,-2.3999999999999986,0.22727272727272727,102,0.47058823529411764,-2.3999999999999986,0.5261973255463843,0,0.6666666666666666,137,0.4306569343065693,1.136288419154155,2.913894094438109,0.021269299959402254,-2.4128101957870722,0.18248175182481752,128,0.4296875,-2.4128101957870722,0.8579584291590664,21,0.5,383,0.43342036553524804,1.0961371771823574,5.215139684148505,0.013616552700126645,-4.233762493807416,0.35509138381201044,350,0.4228571428571429,-4.233762493807418,0.729156921872882,21,0.5882352941176471
SPXW,"d65ret,d80,d80_front",0.0,1,score_desc,d80_front,21,3,0,False,False,False,False,False,-14.383095970174981,17.019708373829953,-14.383095970174981,110,0.45454545454545453,1.3701532067461988,5.702634303519565,0.051842130031996045,-2.3999999999999986,0.22727272727272727,102,0.47058823529411764,-2.3999999999999986,0.5261973255463843,0,0.6666666666666666,137,0.4306569343065693,1.136288419154155,2.913894094438109,0.021269299959402254,-2.4128101957870722,0.18248175182481752,128,0.4296875,-2.4128101957870722,0.8579584291590664,21,0.5,382,0.43455497382198954,1.093582702992412,5.089456570962056,0.013323184740738365,-4.233762493807418,0.35602094240837695,347,0.42363112391930835,-4.233762493807419,0.7471633063787054,20,0.5882352941176471
SPXW,"d65ret,d80,d80_front",0.0,1,score_desc,d80_front,21,4,0,False,False,False,False,False,-14.383095970174981,17.019708373829953,-14.383095970174981,110,0.45454545454545453,1.3701532067461988,5.702634303519565,0.051842130031996045,-2.3999999999999986,0.22727272727272727,102,0.47058823529411764,-2.3999999999999986,0.5261973255463843,0,0.6666666666666666,137,0.4306569343065693,1.136288419154155,2.913894094438109,0.021269299959402254,-2.4128101957870722,0.18248175182481752,128,0.4296875,-2.4128101957870722,0.8579584291590664,21,0.5,382,0.43455497382198954,1.093582702992412,5.089456570962056,0.013323184740738365,-4.233762493807418,0.35602094240837695,347,0.42363112391930835,-4.233762493807419,0.7471633063787054,20,0.5882352941176471
SPXW,"d65ret,d80,d80_front",0.0,1,score_desc,d80_front,21,2,15,False,False,False,False,False,-14.383095970174981,17.019708373829953,-14.383095970174981,110,0.45454545454545453,1.3701532067461988,5.702634303519565,0.051842130031996045,-2.3999999999999986,0.22727272727272727,102,0.47058823529411764,-2.3999999999999986,0.5261973255463843,0,0.6666666666666666,137,0.4306569343065693,1.136288419154155,2.913894094438109,0.021269299959402254,-2.4128101957870722,0.18248175182481752,128,0.4296875,-2.4128101957870722,0.8579584291590664,21,0.5,382,0.4319371727748691,1.0900913280369058,4.8334328731156315,0.012652965636428355,-4.482698535063344,0.35602094240837695,348,0.4224137931034483,-4.482698535063346,0.7867400456478556,20,0.5882352941176471
SPXW,"d65ret,d80,d80_front",-999999.0,1,score_desc,d80_front,21,2,15,False,False,False,False,False,-14.383095970174981,17.019708373829953,-14.383095970174981,110,0.45454545454545453,1.3701532067461988,5.702634303519565,0.051842130031996045,-2.3999999999999986,0.22727272727272727,102,0.47058823529411764,-2.3999999999999986,0.5261973255463843,0,0.6666666666666666,137,0.4306569343065693,1.136288419154155,2.913894094438109,0.021269299959402254,-2.4128101957870722,0.18248175182481752,128,0.4296875,-2.4128101957870722,0.8579584291590664,21,0.5,383,0.4308093994778068,1.0891891567616228,4.788008061747678,0.01250132653197827,-4.482698535063345,0.35509138381201044,350,0.42,-4.482698535063345,0.7942040093062886,21,0.5882352941176471
SPXW,"d65ret,d80,d80_front",0.0,1,score_desc,d80_front,21,2,30,False,False,False,False,False,-14.383095970174981,17.019708373829953,-14.383095970174981,110,0.45454545454545453,1.3701532067461988,5.702634303519565,0.051842130031996045,-2.3999999999999986,0.22727272727272727,102,0.47058823529411764,-2.3999999999999986,0.5261973255463843,0,0.6666666666666666,137,0.4306569343065693,1.136288419154155,2.913894094438109,0.021269299959402254,-2.4128101957870722,0.18248175182481752,128,0.4296875,-2.4128101957870722,0.8579584291590664,21,0.5,380,0.4342105263157895,1.0864457321214933,4.561829928555452,0.012004815601461718,-4.181424361537601,0.35789473684210527,348,0.42528735632183906,-4.181424361537603,0.7484481923172596,20,0.5882352941176471
SPXW,"d65ret,d80,d80_front",0.0,1,score_desc,d80_front,21,3,15,False,False,False,False,False,-14.383095970174981,17.019708373829953,-14.383095970174981,110,0.45454545454545453,1.3701532067461988,5.702634303519565,0.051842130031996045,-2.3999999999999986,0.22727272727272727,102,0.47058823529411764,-2.3999999999999986,0.5261973255463843,0,0.6666666666666666,137,0.4306569343065693,1.136288419154155,2.913894094438109,0.021269299959402254,-2.4128101957870722,0.18248175182481752,128,0.4296875,-2.4128101957870722,0.8579584291590664,21,0.5,382,0.4319371727748691,1.0841388682811262,4.538865762032767,0.011881847544588396,-4.482698535063346,0.35602094240837695,348,0.4224137931034483,-4.4826985350633475,0.8377985599485517,20,0.5882352941176471
SPXW,"d65ret,d80,d80_front",0.0,1,score_desc,d80_front,21,4,15,False,False,False,False,False,-14.383095970174981,17.019708373829953,-14.383095970174981,110,0.45454545454545453,1.3701532067461988,5.702634303519565,0.051842130031996045,-2.3999999999999986,0.22727272727272727,102,0.47058823529411764,-2.3999999999999986,0.5261973255463843,0,0.6666666666666666,137,0.4306569343065693,1.136288419154155,2.913894094438109,0.021269299959402254,-2.4128101957870722,0.18248175182481752,128,0.4296875,-2.4128101957870722,0.8579584291590664,21,0.5,382,0.4319371727748691,1.0841388682811262,4.538865762032767,0.011881847544588396,-4.482698535063346,0.35602094240837695,348,0.4224137931034483,-4.4826985350633475,0.8377985599485517,20,0.5882352941176471
SPXW,"d65ret,d80,d80_front",-999999.0,1,score_desc,d80_front,21,3,15,False,False,False,False,False,-14.383095970174981,17.019708373829953,-14.383095970174981,110,0.45454545454545453,1.3701532067461988,5.702634303519565,0.051842130031996045,-2.3999999999999986,0.22727272727272727,102,0.47058823529411764,-2.3999999999999986,0.5261973255463843,0,0.6666666666666666,137,0.4306569343065693,1.136288419154155,2.913894094438109,0.021269299959402254,-2.4128101957870722,0.18248175182481752,128,0.4296875,-2.4128101957870722,0.8579584291590664,21,0.5,383,0.4308093994778068,1.0832453011050582,4.493440950664814,0.011732221803302387,-4.482698535063347,0.35509138381201044,350,0.42,-4.482698535063347,0.8462679805925183,21,0.5882352941176471
SPXW,"d65ret,d80,d80_front",-999999.0,1,score_desc,d80_front,21,4,15,False,False,False,False,False,-14.383095970174981,17.019708373829953,-14.383095970174981,110,0.45454545454545453,1.3701532067461988,5.702634303519565,0.051842130031996045,-2.3999999999999986,0.22727272727272727,102,0.47058823529411764,-2.3999999999999986,0.5261973255463843,0,0.6666666666666666,137,0.4306569343065693,1.136288419154155,2.913894094438109,0.021269299959402254,-2.4128101957870722,0.18248175182481752,128,0.4296875,-2.4128101957870722,0.8579584291590664,21,0.5,383,0.4308093994778068,1.0832453011050582,4.493440950664814,0.011732221803302387,-4.482698535063347,0.35509138381201044,350,0.42,-4.482698535063347,0.8462679805925183,21,0.5882352941176471
SPXW,"d65ret,d80,d80_front",0.0,1,score_desc,d80_front,21,3,30,False,False,False,False,False,-14.383095970174981,17.019708373829953,-14.383095970174981,110,0.45454545454545453,1.3701532067461988,5.702634303519565,0.051842130031996045,-2.3999999999999986,0.22727272727272727,102,0.47058823529411764,-2.3999999999999986,0.5261973255463843,0,0.6666666666666666,137,0.4306569343065693,1.136288419154155,2.913894094438109,0.021269299959402254,-2.4128101957870722,0.18248175182481752,128,0.4296875,-2.4128101957870722,0.8579584291590664,21,0.5,380,0.4342105263157895,1.0804148717220796,4.267262817472588,0.011229638993348915,-4.181424361537601,0.35789473684210527,348,0.42528735632183906,-4.181424361537603,0.8001132130193747,20,0.5882352941176471
SPXW,"d65ret,d80,d80_front",0.0,1,score_desc,d80_front,21,4,30,False,False,False,False,False,-14.383095970174981,17.019708373829953,-14.383095970174981,110,0.45454545454545453,1.3701532067461988,5.702634303519565,0.051842130031996045,-2.3999999999999986,0.22727272727272727,102,0.47058823529411764,-2.3999999999999986,0.5261973255463843,0,0.6666666666666666,137,0.4306569343065693,1.136288419154155,2.913894094438109,0.021269299959402254,-2.4128101957870722,0.18248175182481752,128,0.4296875,-2.4128101957870722,0.8579584291590664,21,0.5,380,0.4342105263157895,1.0804148717220796,4.267262817472588,0.011229638993348915,-4.181424361537601,0.35789473684210527,348,0.42528735632183906,-4.181424361537603,0.8001132130193747,20,0.5882352941176471
SPXW,"d65ret,d80,d80_front",-999999.0,1,score_desc,d80_front,21,2,30,False,False,False,False,False,-14.383095970174981,17.019708373829953,-14.383095970174981,110,0.45454545454545453,1.3701532067461988,5.702634303519565,0.051842130031996045,-2.3999999999999986,0.22727272727272727,102,0.47058823529411764,-2.3999999999999986,0.5261973255463843,0,0.6666666666666666,137,0.4306569343065693,1.136288419154155,2.913894094438109,0.021269299959402254,-2.4128101957870722,0.18248175182481752,128,0.4296875,-2.4128101957870722,0.8579584291590664,21,0.5,382,0.4319371727748691,1.0793984076034033,4.216405117187498,0.011037709730857324,-4.181424361537601,0.35602094240837695,350,0.4228571428571429,-4.181424361537603,0.8097640688671691,21,0.5882352941176471
SPXW,"d65ret,d80,d80_front",-999999.0,1,score_desc,d80_front,21,3,30,False,False,False,False,False,-14.383095970174981,17.019708373829953,-14.383095970174981,110,0.45454545454545453,1.3701532067461988,5.702634303519565,0.051842130031996045,-2.3999999999999986,0.22727272727272727,102,0.47058823529411764,-2.3999999999999986,0.5261973255463843,0,0.6666666666666666,137,0.4306569343065693,1.136288419154155,2.913894094438109,0.021269299959402254,-2.4128101957870722,0.18248175182481752,128,0.4296875,-2.4128101957870722,0.8579584291590664,21,0.5,382,0.4319371727748691,1.07344407433059,3.9218380061046334,0.010266591639017365,-4.181424361537601,0.35602094240837695,350,0.4228571428571429,-4.181424361537603,0.870585005900677,21,0.5882352941176471
SPXW,"d65ret,d80,d80_front",-999999.0,1,score_desc,d80_front,21,4,30,False,False,False,False,False,-14.383095970174981,17.019708373829953,-14.383095970174981,110,0.45454545454545453,1.3701532067461988,5.702634303519565,0.051842130031996045,-2.3999999999999986,0.22727272727272727,102,0.47058823529411764,-2.3999999999999986,0.5261973255463843,0,0.6666666666666666,137,0.4306569343065693,1.136288419154155,2.913894094438109,0.021269299959402254,-2.4128101957870722,0.18248175182481752,128,0.4296875,-2.4128101957870722,0.8579584291590664,21,0.5,382,0.4319371727748691,1.07344407433059,3.9218380061046334,0.010266591639017365,-4.181424361537601,0.35602094240837695,350,0.4228571428571429,-4.181424361537603,0.870585005900677,21,0.5882352941176471
SPXW,"d65ret,d80_zero",-999999.0,1,score_desc,d65win,22,2,30,False,False,False,False,False,-14.390205984068144,12.908729001535054,-14.390205984068144,115,0.45217391304347826,1.3759029170489983,6.1722736875544255,0.053671945109168916,-2.7479842857761785,0.19130434782608696,103,0.4563106796116505,-2.7479842857761785,0.5677148827552374,0,0.6666666666666666,137,0.41605839416058393,1.0075987028233744,0.16530269173151968,0.0012065889907410196,-2.92772996208995,0.24087591240875914,123,0.4146341463414634,-2.6685863714567652,20.059696849424533,22,0.5,387,0.4082687338501292,0.9937806408615285,-0.35313970481721624,-0.0009125056972021092,-3.9671992632370454,0.4418604651162791,345,0.4028985507246377,-3.9671992632370454,-10.089242779533016,21,0.47058823529411764
SPXW,"d65ret,d80_zero",0.0,1,score_desc,d65win,22,2,30,False,False,False,False,False,-14.390205984068144,12.908729001535054,-14.390205984068144,115,0.45217391304347826,1.3759029170489983,6.1722736875544255,0.053671945109168916,-2.7479842857761785,0.19130434782608696,103,0.4563106796116505,-2.7479842857761785,0.5677148827552374,0,0.6666666666666666,137,0.41605839416058393,1.0075987028233744,0.16530269173151968,0.0012065889907410196,-2.92772996208995,0.24087591240875914,123,0.4146341463414634,-2.6685863714567652,20.059696849424533,22,0.5,379,0.39841688654353563,0.9567445683069046,-2.412560466691361,-0.006365594898921797,-5.68705067906899,0.41952506596306066,328,0.3902439024390244,-5.6827506605149445,-1.6730141973795085,20,0.4117647058823529
SPXW,"d65ret,d80_zero",-999999.0,1,score_desc,d65win,22,3,30,False,False,False,False,False,-14.44234181222601,12.908729001535054,-14.44234181222601,115,0.45217391304347826,1.370887690383878,6.112203613369922,0.05314959663799932,-2.747984285776179,0.19130434782608696,103,0.4563106796116505,-2.7479842857761785,0.5732943230487768,0,0.6666666666666666,137,0.41605839416058393,1.0075987028233744,0.16530269173151968,0.0012065889907410196,-2.92772996208995,0.24087591240875914,123,0.4146341463414634,-2.6685863714567652,20.059696849424533,22,0.5,387,0.40568475452196384,0.9764341766221335,-1.3479867081246555,-0.0034831697884358023,-3.967199263237045,0.43669250645994834,345,0.4,-3.9671992632370445,-2.4457208635410344,21,0.47058823529411764
SPXW,"d65ret,d80_zero",-999999.0,1,score_desc,d65win,22,4,30,False,False,False,False,False,-14.44234181222601,12.908729001535054,-14.44234181222601,115,0.45217391304347826,1.370887690383878,6.112203613369922,0.05314959663799932,-2.747984285776179,0.19130434782608696,103,0.4563106796116505,-2.7479842857761785,0.5732943230487768,0,0.6666666666666666,137,0.41605839416058393,1.0075987028233744,0.16530269173151968,0.0012065889907410196,-2.92772996208995,0.24087591240875914,123,0.4146341463414634,-2.6685863714567652,20.059696849424533,22,0.5,387,0.40568475452196384,0.9764341766221335,-1.3479867081246555,-0.0034831697884358023,-3.967199263237045,0.43669250645994834,345,0.4,-3.9671992632370445,-2.4457208635410344,21,0.47058823529411764
SPXW,"d65ret,d80_zero",0.0,1,score_desc,d65win,22,3,30,False,False,False,False,False,-14.44234181222601,12.908729001535054,-14.44234181222601,115,0.45217391304347826,1.370887690383878,6.112203613369922,0.05314959663799932,-2.747984285776179,0.19130434782608696,103,0.4563106796116505,-2.7479842857761785,0.5732943230487768,0,0.6666666666666666,137,0.41605839416058393,1.0075987028233744,0.16530269173151968,0.0012065889907410196,-2.92772996208995,0.24087591240875914,123,0.4146341463414634,-2.6685863714567652,20.059696849424533,22,0.5,380,0.39473684210526316,0.9380146506356973,-3.488275290812461,-0.009179671817927528,-6.008588811355359,0.41578947368421054,328,0.3871951219512195,-6.00858881135536,-1.1161776157263004,20,0.4117647058823529
SPXW,"d65ret,d80_zero",0.0,1,score_desc,d65win,22,4,30,False,False,False,False,False,-14.44234181222601,12.908729001535054,-14.44234181222601,115,0.45217391304347826,1.370887690383878,6.112203613369922,0.05314959663799932,-2.747984285776179,0.19130434782608696,103,0.4563106796116505,-2.7479842857761785,0.5732943230487768,0,0.6666666666666666,137,0.41605839416058393,1.0075987028233744,0.16530269173151968,0.0012065889907410196,-2.92772996208995,0.24087591240875914,123,0.4146341463414634,-2.6685863714567652,20.059696849424533,22,0.5,380,0.39473684210526316,0.9380146506356973,-3.488275290812461,-0.009179671817927528,-6.008588811355359,0.41578947368421054,328,0.3871951219512195,-6.00858881135536,-1.1161776157263004,20,0.4117647058823529
SPXW,"d80,d80_front",0.0,1,score_desc,d50ret,22,3,0,False,False,False,False,False,-14.459269868825867,24.534164325024612,-14.459269868825867,92,0.4782608695652174,1.3546215955047263,3.808641908145391,0.04139828161027599,-1.7160693747459808,0.20652173913043478,89,0.4943820224719101,-1.4160693747459807,0.6564019564699295,0,0.6666666666666666,139,0.4892086330935252,1.4159285223229616,7.765095600310106,0.05586399712453314,-1.9774802861251217,0.11510791366906475,124,0.46774193548387094,-1.9774802861251217,0.5685751040703455,22,0.8333333333333334,387,0.4599483204134367,1.2455081737599978,11.642660067107963,0.030084392938263472,-4.1527473869665075,0.4005167958656331,339,0.471976401179941,-4.152747386966506,0.2988514118185306,19,0.7058823529411765
SPXW,"d80,d80_front",0.0,1,score_desc,d50ret,22,4,0,False,False,False,False,False,-14.459269868825867,24.534164325024612,-14.459269868825867,92,0.4782608695652174,1.3546215955047263,3.808641908145391,0.04139828161027599,-1.7160693747459808,0.20652173913043478,89,0.4943820224719101,-1.4160693747459807,0.6564019564699295,0,0.6666666666666666,139,0.4892086330935252,1.4159285223229616,7.765095600310106,0.05586399712453314,-1.9774802861251217,0.11510791366906475,124,0.46774193548387094,-1.9774802861251217,0.5685751040703455,22,0.8333333333333334,387,0.4599483204134367,1.2455081737599978,11.642660067107963,0.030084392938263472,-4.1527473869665075,0.4005167958656331,339,0.471976401179941,-4.152747386966506,0.2988514118185306,19,0.7058823529411765
SPXW,"d80,d80_front",0.0,1,score_desc,d50ret,22,2,0,False,False,False,False,False,-14.459269868825867,23.956368111487674,-14.459269868825867,92,0.4782608695652174,1.3546215955047263,3.808641908145391,0.04139828161027599,-1.7160693747459808,0.20652173913043478,89,0.4943820224719101,-1.4160693747459807,0.6564019564699295,0,0.6666666666666666,139,0.48201438848920863,1.3831212338517713,7.2675427621205175,0.05228448030302531,-2.2774802861251215,0.1079136690647482,124,0.46774193548387094,-2.277480286125122,0.6084584544120134,22,0.8333333333333334,387,0.4573643410852713,1.2444780005203293,11.596682684083945,0.029965588330966266,-4.15274738696651,0.4005167958656331,339,0.471976401179941,-4.152747386966507,0.3000362684023283,19,0.7058823529411765
SPXW,"d80,d80_front",0.0,1,score_desc,d50ret,22,3,15,False,False,False,False,False,-14.459269868825867,24.53906154600256,-14.459269868825867,92,0.4782608695652174,1.3546215955047263,3.808641908145391,0.04139828161027599,-1.7160693747459808,0.20652173913043478,89,0.4943820224719101,-1.4160693747459807,0.6564019564699295,0,0.6666666666666666,139,0.4892086330935252,1.4237032998982497,7.910245278447311,0.056908239413290006,-1.9774802861251217,0.1079136690647482,124,0.4838709677419355,-1.9774802861251217,0.5566036355189028,22,0.8333333333333334,386,0.46113989637305697,1.2396542540847715,11.300830644404645,0.029276763327473174,-3.4999047278380333,0.40932642487046633,340,0.4676470588235294,-3.4999047278380297,0.30737625908985605,19,0.7058823529411765
SPXW,"d80,d80_front",0.0,1,score_desc,d50ret,22,4,15,False,False,False,False,False,-14.459269868825867,24.53906154600256,-14.459269868825867,92,0.4782608695652174,1.3546215955047263,3.808641908145391,0.04139828161027599,-1.7160693747459808,0.20652173913043478,89,0.4943820224719101,-1.4160693747459807,0.6564019564699295,0,0.6666666666666666,139,0.4892086330935252,1.4237032998982497,7.910245278447311,0.056908239413290006,-1.9774802861251217,0.1079136690647482,124,0.4838709677419355,-1.9774802861251217,0.5566036355189028,22,0.8333333333333334,386,0.46113989637305697,1.2396542540847715,11.300830644404645,0.029276763327473174,-3.4999047278380333,0.40932642487046633,340,0.4676470588235294,-3.4999047278380297,0.30737625908985605,19,0.7058823529411765
SPXW,"d80,d80_front",0.0,1,score_desc,d50ret,22,2,15,False,False,False,False,False,-14.459269868825867,24.047631844487537,-14.459269868825867,92,0.4782608695652174,1.3546215955047263,3.808641908145391,0.04139828161027599,-1.7160693747459808,0.20652173913043478,89,0.4943820224719101,-1.4160693747459807,0.6564019564699295,0,0.6666666666666666,139,0.48201438848920863,1.3908594746305702,7.414331795967867,0.05334051651775444,-2.2774802861251215,0.1079136690647482,124,0.4838709677419355,-2.277480286125122,0.5674088930897904,22,0.8333333333333334,386,0.4585492227979275,1.2386196881400406,11.254853261380626,0.029157650936219238,-3.4999047278380413,0.40932642487046633,340,0.4676470588235294,-3.4999047278380377,0.3086319268154547,19,0.7058823529411765
SPXW,"d80,d80_front",0.0,1,score_desc,d50ret,22,3,30,False,False,False,False,False,-14.459269868825867,24.53906154600256,-14.459269868825867,92,0.4782608695652174,1.3546215955047263,3.808641908145391,0.04139828161027599,-1.7160693747459808,0.20652173913043478,89,0.4943820224719101,-1.4160693747459807,0.6564019564699295,0,0.6666666666666666,139,0.4892086330935252,1.4237032998982497,7.910245278447311,0.056908239413290006,-1.9774802861251217,0.1079136690647482,124,0.4838709677419355,-1.9774802861251217,0.5566036355189028,22,0.8333333333333334,386,0.4585492227979275,1.2333837586835896,11.075162280573721,0.028692130260553683,-3.8111516865263333,0.4067357512953368,341,0.4633431085043988,-3.8111516865263297,0.31363938153556026,19,0.6470588235294118
SPXW,"d80,d80_front",0.0,1,score_desc,d50ret,22,4,30,False,False,False,False,False,-14.459269868825867,24.53906154600256,-14.459269868825867,92,0.4782608695652174,1.3546215955047263,3.808641908145391,0.04139828161027599,-1.7160693747459808,0.20652173913043478,89,0.4943820224719101,-1.4160693747459807,0.6564019564699295,0,0.6666666666666666,139,0.4892086330935252,1.4237032998982497,7.910245278447311,0.056908239413290006,-1.9774802861251217,0.1079136690647482,124,0.4838709677419355,-1.9774802861251217,0.5566036355189028,22,0.8333333333333334,386,0.4585492227979275,1.2333837586835896,11.075162280573721,0.028692130260553683,-3.8111516865263333,0.4067357512953368,341,0.4633431085043988,-3.8111516865263297,0.31363938153556026,19,0.6470588235294118
SPXW,"d80,d80_front",0.0,1,score_desc,d50ret,22,2,30,False,False,False,False,False,-14.459269868825867,24.047631844487537,-14.459269868825867,92,0.4782608695652174,1.3546215955047263,3.808641908145391,0.04139828161027599,-1.7160693747459808,0.20652173913043478,89,0.4943820224719101,-1.4160693747459807,0.6564019564699295,0,0.6666666666666666,139,0.48201438848920863,1.3908594746305702,7.414331795967867,0.05334051651775444,-2.2774802861251215,0.1079136690647482,124,0.4838709677419355,-2.277480286125122,0.5674088930897904,22,0.8333333333333334,386,0.45595854922279794,1.2323572856126572,11.029184897549705,0.028573017869299753,-3.811151686526334,0.4067357512953368,341,0.4633431085043988,-3.811151686526334,0.31494685059245126,19,0.6470588235294118
SPXW,"d50ret,d65ret,d80",-999999.0,1,score_desc,d80,22,3,30,False,False,False,False,False,-14.468786390861624,14.818987577007704,-14.468786390861624,110,0.45454545454545453,1.353874961322339,5.925312017040756,0.053866472882188696,-2.3999999999999986,0.2,102,0.47058823529411764,-2.3999999999999986,0.44655823000496825,0,0.6666666666666666,137,0.41605839416058393,1.0850881572940136,1.9848156363301293,0.014487705374672477,-3.538411134291896,0.19708029197080293,128,0.40625,-3.538411134291896,1.6654516536598656,21,0.3333333333333333,381,0.4068241469816273,1.0216657225095764,1.3070844525433158,0.0034306678544443986,-5.4107196943099165,0.35958005249343833,349,0.4154727793696275,-5.4107196943099165,2.4371046635852482,19,0.47058823529411764
SPXW,"d50ret,d65ret,d80",-999999.0,1,score_desc,d80,22,4,30,False,False,False,False,False,-14.468786390861624,14.818987577007704,-14.468786390861624,110,0.45454545454545453,1.353874961322339,5.925312017040756,0.053866472882188696,-2.3999999999999986,0.2,102,0.47058823529411764,-2.3999999999999986,0.44655823000496825,0,0.6666666666666666,137,0.41605839416058393,1.0850881572940136,1.9848156363301293,0.014487705374672477,-3.538411134291896,0.19708029197080293,128,0.40625,-3.538411134291896,1.6654516536598656,21,0.3333333333333333,381,0.4068241469816273,1.0216657225095764,1.3070844525433158,0.0034306678544443986,-5.4107196943099165,0.35958005249343833,349,0.4154727793696275,-5.4107196943099165,2.4371046635852482,19,0.47058823529411764
SPXW,"d50ret,d65ret,d80",-999999.0,1,score_desc,d80,22,3,15,False,False,False,False,False,-14.468786390861624,14.818987577007704,-14.468786390861624,110,0.45454545454545453,1.353874961322339,5.925312017040756,0.053866472882188696,-2.3999999999999986,0.2,102,0.47058823529411764,-2.3999999999999986,0.44655823000496825,0,0.6666666666666666,137,0.41605839416058393,1.0850881572940136,1.9848156363301293,0.014487705374672477,-3.538411134291896,0.19708029197080293,128,0.40625,-3.538411134291896,1.6654516536598656,21,0.3333333333333333,381,0.4041994750656168,1.013007628249244,0.7886473456282991,0.002069940539706822,-5.4107196943099165,0.35958005249343833,349,0.4154727793696275,-5.4107196943099165,4.0391965212984555,19,0.47058823529411764
SPXW,"d50ret,d65ret,d80",-999999.0,1,score_desc,d80,22,4,15,False,False,False,False,False,-14.468786390861624,14.818987577007704,-14.468786390861624,110,0.45454545454545453,1.353874961322339,5.925312017040756,0.053866472882188696,-2.3999999999999986,0.2,102,0.47058823529411764,-2.3999999999999986,0.44655823000496825,0,0.6666666666666666,137,0.41605839416058393,1.0850881572940136,1.9848156363301293,0.014487705374672477,-3.538411134291896,0.19708029197080293,128,0.40625,-3.538411134291896,1.6654516536598656,21,0.3333333333333333,381,0.4041994750656168,1.013007628249244,0.7886473456282991,0.002069940539706822,-5.4107196943099165,0.35958005249343833,349,0.4154727793696275,-5.4107196943099165,4.0391965212984555,19,0.47058823529411764
SPXW,"d50ret,d65ret,d80",0.0,1,score_desc,d80,22,3,30,False,False,False,False,False,-14.468786390861624,14.818987577007704,-14.468786390861624,110,0.45454545454545453,1.353874961322339,5.925312017040756,0.053866472882188696,-2.3999999999999986,0.2,102,0.47058823529411764,-2.3999999999999986,0.44655823000496825,0,0.6666666666666666,137,0.41605839416058393,1.0850881572940136,1.9848156363301293,0.014487705374672477,-3.538411134291896,0.19708029197080293,128,0.40625,-3.538411134291896,1.6654516536598656,21,0.3333333333333333,377,0.4005305039787798,1.0110587972042946,0.6675977856816544,0.0017708164076436455,-5.4107196943099165,0.35809018567639256,341,0.4046920821114369,-5.4107196943099165,5.520542000045708,19,0.5294117647058824
SPXW,"d50ret,d65ret,d80",0.0,1,score_desc,d80,22,4,30,False,False,False,False,False,-14.468786390861624,14.818987577007704,-14.468786390861624,110,0.45454545454545453,1.353874961322339,5.925312017040756,0.053866472882188696,-2.3999999999999986,0.2,102,0.47058823529411764,-2.3999999999999986,0.44655823000496825,0,0.6666666666666666,137,0.41605839416058393,1.0850881572940136,1.9848156363301293,0.014487705374672477,-3.538411134291896,0.19708029197080293,128,0.40625,-3.538411134291896,1.6654516536598656,21,0.3333333333333333,377,0.4005305039787798,1.0110587972042946,0.6675977856816544,0.0017708164076436455,-5.4107196943099165,0.35809018567639256,341,0.4046920821114369,-5.4107196943099165,5.520542000045708,19,0.5294117647058824
SPXW,"d50ret,d65ret,d80",0.0,1,score_desc,d80,22,3,15,False,False,False,False,False,-14.468786390861624,14.818987577007704,-14.468786390861624,110,0.45454545454545453,1.353874961322339,5.925312017040756,0.053866472882188696,-2.3999999999999986,0.2,102,0.47058823529411764,-2.3999999999999986,0.44655823000496825,0,0.6666666666666666,137,0.41605839416058393,1.0850881572940136,1.9848156363301293,0.014487705374672477,-3.538411134291896,0.19708029197080293,128,0.40625,-3.538411134291896,1.6654516536598656,21,0.3333333333333333,377,0.3978779840848806,1.0024586373129243,0.14916067876663797,0.0003956516678160158,-5.543743424280999,0.35809018567639256,341,0.4046920821114369,-5.543743424280999,24.70826524434806,19,0.5294117647058824
SPXW,"d50ret,d65ret,d80",0.0,1,score_desc,d80,22,4,15,False,False,False,False,False,-14.468786390861624,14.818987577007704,-14.468786390861624,110,0.45454545454545453,1.353874961322339,5.925312017040756,0.053866472882188696,-2.3999999999999986,0.2,102,0.47058823529411764,-2.3999999999999986,0.44655823000496825,0,0.6666666666666666,137,0.41605839416058393,1.0850881572940136,1.9848156363301293,0.014487705374672477,-3.538411134291896,0.19708029197080293,128,0.40625,-3.538411134291896,1.6654516536598656,21,0.3333333333333333,377,0.3978779840848806,1.0024586373129243,0.14916067876663797,0.0003956516678160158,-5.543743424280999,0.35809018567639256,341,0.4046920821114369,-5.543743424280999,24.70826524434806,19,0.5294117647058824
SPXW,"d50ret,d65ret,d80",-999999.0,1,score_desc,d80,22,3,0,False,False,False,False,False,-14.468786390861624,13.487758699469007,-14.468786390861624,110,0.45454545454545453,1.353874961322339,5.925312017040756,0.053866472882188696,-2.3999999999999986,0.2,102,0.47058823529411764,-2.3999999999999986,0.44655823000496825,0,0.6666666666666666,137,0.40875912408759124,1.0501475744128228,1.1848156363301292,0.008648289316278316,-3.5384111342918967,0.19708029197080293,128,0.40625,-3.5384111342918967,2.158244087099068,21,0.3333333333333333,383,0.39947780678851175,1.00145142691689,0.08923252713455021,0.00023298309956801621,-5.938791830291036,0.360313315926893,349,0.4068767908309456,-5.938791830291037,38.55373807923283,19,0.47058823529411764
SPXW,"d50ret,d65ret,d80",-999999.0,1,score_desc,d80,22,4,0,False,False,False,False,False,-14.468786390861624,13.487758699469007,-14.468786390861624,110,0.45454545454545453,1.353874961322339,5.925312017040756,0.053866472882188696,-2.3999999999999986,0.2,102,0.47058823529411764,-2.3999999999999986,0.44655823000496825,0,0.6666666666666666,137,0.40875912408759124,1.0501475744128228,1.1848156363301292,0.008648289316278316,-3.5384111342918967,0.19708029197080293,128,0.40625,-3.5384111342918967,2.158244087099068,21,0.3333333333333333,383,0.39947780678851175,1.00145142691689,0.08923252713455021,0.00023298309956801621,-5.938791830291036,0.360313315926893,349,0.4068767908309456,-5.938791830291037,38.55373807923283,19,0.47058823529411764
SPXW,"d50ret,d65ret,d80",0.0,1,score_desc,d80,22,3,0,False,False,False,False,False,-14.468786390861624,13.487758699469007,-14.468786390861624,110,0.45454545454545453,1.353874961322339,5.925312017040756,0.053866472882188696,-2.3999999999999986,0.2,102,0.47058823529411764,-2.3999999999999986,0.44655823000496825,0,0.6666666666666666,137,0.40875912408759124,1.0501475744128228,1.1848156363301292,0.008648289316278316,-3.5384111342918967,0.19708029197080293,128,0.40625,-3.5384111342918967,2.158244087099068,21,0.3333333333333333,379,0.39577836411609496,0.993318571363935,-0.41074836898484635,-0.0010837687836011778,-6.103652472032483,0.3562005277044855,340,0.39705882352941174,-6.103652472032483,-9.592849970486071,19,0.5294117647058824
SPXW,"d50ret,d65ret,d80",0.0,1,score_desc,d80,22,4,0,False,False,False,False,False,-14.468786390861624,13.487758699469007,-14.468786390861624,110,0.45454545454545453,1.353874961322339,5.925312017040756,0.053866472882188696,-2.3999999999999986,0.2,102,0.47058823529411764,-2.3999999999999986,0.44655823000496825,0,0.6666666666666666,137,0.40875912408759124,1.0501475744128228,1.1848156363301292,0.008648289316278316,-3.5384111342918967,0.19708029197080293,128,0.40625,-3.5384111342918967,2.158244087099068,21,0.3333333333333333,379,0.39577836411609496,0.993318571363935,-0.41074836898484635,-0.0010837687836011778,-6.103652472032483,0.3562005277044855,340,0.39705882352941174,-6.103652472032483,-9.592849970486071,19,0.5294117647058824
SPXW,"d50ret,d65ret,d80_zero",0.0,1,score_desc,d80,22,3,30,False,False,False,False,False,-14.475235266224338,-12.713752443036697,-14.475235266224338,109,0.45871559633027525,1.387566864020665,6.277112410803993,0.05758818725508251,-2.3999999999999986,0.1926605504587156,102,0.47058823529411764,-2.3999999999999986,0.4215309004189046,0,0.5,137,0.3795620437956204,0.9337496521431108,-1.6017863683888154,-0.011691871302108142,-4.432045324651458,0.24087591240875914,128,0.375,-4.432045324651458,-2.028043942958201,21,0.3333333333333333,374,0.4197860962566845,1.0772852352557156,4.416442636745489,0.011808670151725906,-4.33326313737072,0.39572192513368987,335,0.41194029850746267,-4.33326313737072,1.1367069610443716,19,0.5294117647058824
SPXW,"d50ret,d65ret,d80_zero",0.0,1,score_desc,d80,22,4,30,False,False,False,False,False,-14.475235266224338,-12.713752443036697,-14.475235266224338,109,0.45871559633027525,1.387566864020665,6.277112410803993,0.05758818725508251,-2.3999999999999986,0.1926605504587156,102,0.47058823529411764,-2.3999999999999986,0.4215309004189046,0,0.5,137,0.3795620437956204,0.9337496521431108,-1.6017863683888154,-0.011691871302108142,-4.432045324651458,0.24087591240875914,128,0.375,-4.432045324651458,-2.028043942958201,21,0.3333333333333333,374,0.4197860962566845,1.0772852352557156,4.416442636745489,0.011808670151725906,-4.33326313737072,0.39572192513368987,335,0.41194029850746267,-4.33326313737072,1.1367069610443716,19,0.5294117647058824
SPXW,"d50ret,d65ret,d80_zero",0.0,1,score_desc,d80,22,3,15,False,False,False,False,False,-14.475235266224338,-12.713752443036697,-14.475235266224338,109,0.45871559633027525,1.387566864020665,6.277112410803993,0.05758818725508251,-2.3999999999999986,0.1926605504587156,102,0.47058823529411764,-2.3999999999999986,0.4215309004189046,0,0.5,137,0.3795620437956204,0.9337496521431108,-1.6017863683888154,-0.011691871302108142,-4.432045324651458,0.24087591240875914,128,0.375,-4.432045324651458,-2.028043942958201,21,0.3333333333333333,374,0.4197860962566845,1.0743320607167361,4.2636893187019345,0.011400238820058648,-4.33326313737072,0.39572192513368987,333,0.4114114114114114,-4.33326313737072,1.1774312603457093,19,0.5882352941176471
SPXW,"d50ret,d65ret,d80_zero",0.0,1,score_desc,d80,22,4,15,False,False,False,False,False,-14.475235266224338,-12.713752443036697,-14.475235266224338,109,0.45871559633027525,1.387566864020665,6.277112410803993,0.05758818725508251,-2.3999999999999986,0.1926605504587156,102,0.47058823529411764,-2.3999999999999986,0.4215309004189046,0,0.5,137,0.3795620437956204,0.9337496521431108,-1.6017863683888154,-0.011691871302108142,-4.432045324651458,0.24087591240875914,128,0.375,-4.432045324651458,-2.028043942958201,21,0.3333333333333333,374,0.4197860962566845,1.0743320607167361,4.2636893187019345,0.011400238820058648,-4.33326313737072,0.39572192513368987,333,0.4114114114114114,-4.33326313737072,1.1774312603457093,19,0.5882352941176471
SPXW,"d50ret,d65ret,d80_zero",-999999.0,1,score_desc,d80,22,3,30,False,False,False,False,False,-14.475235266224338,-12.713752443036697,-14.475235266224338,109,0.45871559633027525,1.387566864020665,6.277112410803993,0.05758818725508251,-2.3999999999999986,0.1926605504587156,102,0.47058823529411764,-2.3999999999999986,0.4215309004189046,0,0.5,137,0.3795620437956204,0.9337496521431108,-1.6017863683888154,-0.011691871302108142,-4.432045324651458,0.24087591240875914,128,0.375,-4.432045324651458,-2.028043942958201,21,0.3333333333333333,382,0.418848167539267,1.0739737175411759,4.249009707697654,0.011123062062035744,-4.33326313737072,0.418848167539267,349,0.40974212034383956,-4.333263137370719,1.18149908651585,20,0.47058823529411764
SPXW,"d50ret,d65ret,d80_zero",-999999.0,1,score_desc,d80,22,4,30,False,False,False,False,False,-14.475235266224338,-12.713752443036697,-14.475235266224338,109,0.45871559633027525,1.387566864020665,6.277112410803993,0.05758818725508251,-2.3999999999999986,0.1926605504587156,102,0.47058823529411764,-2.3999999999999986,0.4215309004189046,0,0.5,137,0.3795620437956204,0.9337496521431108,-1.6017863683888154,-0.011691871302108142,-4.432045324651458,0.24087591240875914,128,0.375,-4.432045324651458,-2.028043942958201,21,0.3333333333333333,382,0.418848167539267,1.0739737175411759,4.249009707697654,0.011123062062035744,-4.33326313737072,0.418848167539267,349,0.40974212034383956,-4.333263137370719,1.18149908651585,20,0.47058823529411764
SPXW,"d50ret,d65ret,d80_zero",-999999.0,1,score_desc,d80,22,3,0,False,False,False,False,False,-14.475235266224338,-13.33727065778274,-14.475235266224338,109,0.45871559633027525,1.387566864020665,6.277112410803993,0.05758818725508251,-2.3999999999999986,0.1926605504587156,102,0.47058823529411764,-2.3999999999999986,0.4215309004189046,0,0.5,137,0.3795620437956204,0.9224157056255758,-1.8758160394639292,-0.013692087879298752,-4.432045324651458,0.24817518248175183,128,0.375,-4.432045324651458,-1.3327532910500381,21,0.3333333333333333,387,0.4108527131782946,1.056140851773169,3.3141602714774563,0.008563721631724693,-4.380261589901636,0.42377260981912146,349,0.40114613180515757,-4.33326313737072,1.5147731784268073,20,0.4117647058823529
SPXW,"d50ret,d65ret,d80_zero",-999999.0,1,score_desc,d80,22,4,0,False,False,False,False,False,-14.475235266224338,-13.33727065778274,-14.475235266224338,109,0.45871559633027525,1.387566864020665,6.277112410803993,0.05758818725508251,-2.3999999999999986,0.1926605504587156,102,0.47058823529411764,-2.3999999999999986,0.4215309004189046,0,0.5,137,0.3795620437956204,0.9224157056255758,-1.8758160394639292,-0.013692087879298752,-4.432045324651458,0.24817518248175183,128,0.375,-4.432045324651458,-1.3327532910500381,21,0.3333333333333333,387,0.4108527131782946,1.056140851773169,3.3141602714774563,0.008563721631724693,-4.380261589901636,0.42377260981912146,349,0.40114613180515757,-4.33326313737072,1.5147731784268073,20,0.4117647058823529
SPXW,"d50ret,d65ret,d80_zero",-999999.0,1,score_desc,d80,22,3,15,False,False,False,False,False,-14.475235266224338,-12.713752443036697,-14.475235266224338,109,0.45871559633027525,1.387566864020665,6.277112410803993,0.05758818725508251,-2.3999999999999986,0.1926605504587156,102,0.47058823529411764,-2.3999999999999986,0.4215309004189046,0,0.5,137,0.3795620437956204,0.9337496521431108,-1.6017863683888154,-0.011691871302108142,-4.432045324651458,0.24087591240875914,128,0.375,-4.432045324651458,-2.028043942958201,21,0.3333333333333333,384,0.4140625,1.0500902788198585,2.9222393557524833,0.007609998322272092,-4.33326313737072,0.4244791666666667,349,0.40974212034383956,-4.333263137370719,1.717929463361513,20,0.47058823529411764
SPXW,"d50ret,d65ret,d80_zero",-999999.0,1,score_desc,d80,22,4,15,False,False,False,False,False,-14.475235266224338,-12.713752443036697,-14.475235266224338,109,0.45871559633027525,1.387566864020665,6.277112410803993,0.05758818725508251,-2.3999999999999986,0.1926605504587156,102,0.47058823529411764,-2.3999999999999986,0.4215309004189046,0,0.5,137,0.3795620437956204,0.9337496521431108,-1.6017863683888154,-0.011691871302108142,-4.432045324651458,0.24087591240875914,128,0.375,-4.432045324651458,-2.028043942958201,21,0.3333333333333333,384,0.4140625,1.0500902788198585,2.9222393557524833,0.007609998322272092,-4.33326313737072,0.4244791666666667,349,0.40974212034383956,-4.333263137370719,1.717929463361513,20,0.47058823529411764
SPXW,"d50ret,d65ret,d80_zero",0.0,1,score_desc,d80,22,3,0,False,False,False,False,False,-14.475235266224338,-13.33727065778274,-14.475235266224338,109,0.45871559633027525,1.387566864020665,6.277112410803993,0.05758818725508251,-2.3999999999999986,0.1926605504587156,102,0.47058823529411764,-2.3999999999999986,0.4215309004189046,0,0.5,137,0.3795620437956204,0.9224157056255758,-1.8758160394639292,-0.013692087879298752,-4.432045324651458,0.24817518248175183,128,0.375,-4.432045324651458,-1.3327532910500381,21,0.3333333333333333,378,0.41005291005291006,1.0499448962595632,2.9451131285167405,0.007791304572795609,-4.33326313737072,0.3941798941798942,329,0.4012158054711246,-4.33326313737072,1.7045868423974946,19,0.47058823529411764
SPXW,"d50ret,d65ret,d80_zero",0.0,1,score_desc,d80,22,4,0,False,False,False,False,False,-14.475235266224338,-13.33727065778274,-14.475235266224338,109,0.45871559633027525,1.387566864020665,6.277112410803993,0.05758818725508251,-2.3999999999999986,0.1926605504587156,102,0.47058823529411764,-2.3999999999999986,0.4215309004189046,0,0.5,137,0.3795620437956204,0.9224157056255758,-1.8758160394639292,-0.013692087879298752,-4.432045324651458,0.24817518248175183,128,0.375,-4.432045324651458,-1.3327532910500381,21,0.3333333333333333,378,0.41005291005291006,1.0499448962595632,2.9451131285167405,0.007791304572795609,-4.33326313737072,0.3941798941798942,329,0.4012158054711246,-4.33326313737072,1.7045868423974946,19,0.47058823529411764
SPXW,"d80,d80_front",0.0,1,score_desc,d80_zero,22,3,30,False,False,False,False,False,-14.511443781869342,15.893018020973905,-14.511443781869342,92,0.4782608695652174,1.3546215955047263,3.808641908145392,0.041398281610276,-1.3566371440091163,0.1956521739130435,89,0.48314606741573035,-1.3566371440091163,0.7876823477639151,0,0.6666666666666666,130,0.45384615384615384,1.2337775590158093,4.432981791788669,0.03409985993683592,-2.2774802861251224,0.1076923076923077,123,0.4634146341463415,-2.277480286125123,0.5639544932557171,16,0.8333333333333334,358,0.4776536312849162,1.3485443795579168,15.311444803449398,0.042769398892316755,-4.990129486323502,0.4301675977653631,331,0.4773413897280967,-4.9901294863235,0.31092123745110034,12,0.7058823529411765
SPXW,"d80,d80_front",0.0,1,score_desc,d80_zero,22,4,30,False,False,False,False,False,-14.511443781869342,15.893018020973905,-14.511443781869342,92,0.4782608695652174,1.3546215955047263,3.808641908145392,0.041398281610276,-1.3566371440091163,0.1956521739130435,89,0.48314606741573035,-1.3566371440091163,0.7876823477639151,0,0.6666666666666666,130,0.45384615384615384,1.2337775590158093,4.432981791788669,0.03409985993683592,-2.2774802861251224,0.1076923076923077,123,0.4634146341463415,-2.277480286125123,0.5639544932557171,16,0.8333333333333334,358,0.4776536312849162,1.3485443795579168,15.311444803449398,0.042769398892316755,-4.990129486323502,0.4301675977653631,331,0.4773413897280967,-4.9901294863235,0.31092123745110034,12,0.7058823529411765
SPXW,"d80,d80_front",0.0,1,score_desc,d80_zero,22,2,30,False,False,False,False,False,-14.511443781869342,17.40372848022844,-14.511443781869342,92,0.4782608695652174,1.3546215955047263,3.808641908145392,0.041398281610276,-1.3566371440091163,0.1956521739130435,89,0.48314606741573035,-1.3566371440091163,0.7876823477639151,0,0.6666666666666666,130,0.46153846153846156,1.2804025175078477,5.232981791788669,0.040253706090682066,-2.2774802861251215,0.1076923076923077,123,0.4634146341463415,-2.2774802861251224,0.5732869173570313,16,0.8333333333333334,358,0.4748603351955307,1.3386239835392248,14.977232126307733,0.04183584392823389,-4.990129486323502,0.4273743016759777,331,0.4743202416918429,-4.9901294863235,0.3155750440703245,12,0.7058823529411765
SPXW,"d50ret,d65ret,d80",-999999.0,1,score_desc,d50ret,22,1,0,False,False,False,False,False,-14.515313716610546,19.15687715142331,-14.515313716610546,102,0.46078431372549017,1.3509900190995974,5.246575751002597,0.05143701716669213,-2.3999999999999986,0.21568627450980393,102,0.46078431372549017,-2.3999999999999986,0.47650126837914447,0,0.6666666666666666,128,0.4453125,1.176901552786928,3.4642672281492537,0.027064587719916045,-2.382059243261642,0.2421875,128,0.4453125,-2.382059243261642,0.7216533354257423,20,0.6666666666666666,349,0.42406876790830944,1.1070105650169604,5.085715544593404,0.014572250844107173,-4.4352634774807775,0.4269340974212034,349,0.42406876790830944,-4.4352634774807775,0.49157291202763714,19,0.5882352941176471
SPXW,"d50ret,d65ret,d80",-999999.0,1,score_desc,d50ret,22,1,15,False,False,False,False,False,-14.515313716610546,19.15687715142331,-14.515313716610546,102,0.46078431372549017,1.3509900190995974,5.246575751002597,0.05143701716669213,-2.3999999999999986,0.21568627450980393,102,0.46078431372549017,-2.3999999999999986,0.47650126837914447,0,0.6666666666666666,128,0.4453125,1.176901552786928,3.4642672281492537,0.027064587719916045,-2.382059243261642,0.2421875,128,0.4453125,-2.382059243261642,0.7216533354257423,20,0.6666666666666666,349,0.42406876790830944,1.1070105650169604,5.085715544593404,0.014572250844107173,-4.4352634774807775,0.4269340974212034,349,0.42406876790830944,-4.4352634774807775,0.49157291202763714,19,0.5882352941176471
SPXW,"d50ret,d65ret,d80",-999999.0,1,score_desc,d50ret,22,1,30,False,False,False,False,False,-14.515313716610546,19.15687715142331,-14.515313716610546,102,0.46078431372549017,1.3509900190995974,5.246575751002597,0.05143701716669213,-2.3999999999999986,0.21568627450980393,102,0.46078431372549017,-2.3999999999999986,0.47650126837914447,0,0.6666666666666666,128,0.4453125,1.176901552786928,3.4642672281492537,0.027064587719916045,-2.382059243261642,0.2421875,128,0.4453125,-2.382059243261642,0.7216533354257423,20,0.6666666666666666,349,0.42406876790830944,1.1070105650169604,5.085715544593404,0.014572250844107173,-4.4352634774807775,0.4269340974212034,349,0.42406876790830944,-4.4352634774807775,0.49157291202763714,19,0.5882352941176471
SPXW,"d50ret,d65ret,d80",0.0,1,score_desc,d50ret,22,1,0,False,False,False,False,False,-14.515313716610546,19.15687715142331,-14.515313716610546,102,0.46078431372549017,1.3509900190995974,5.246575751002597,0.05143701716669213,-2.3999999999999986,0.21568627450980393,102,0.46078431372549017,-2.3999999999999986,0.47650126837914447,0,0.6666666666666666,128,0.4453125,1.176901552786928,3.4642672281492537,0.027064587719916045,-2.382059243261642,0.2421875,128,0.4453125,-2.382059243261642,0.7216533354257423,20,0.6666666666666666,347,0.42363112391930835,1.1058925793681205,5.000815101199951,0.01441157089682983,-4.4352634774807775,0.42939481268011526,347,0.42363112391930835,-4.4352634774807775,0.4999185031656384,17,0.5882352941176471
SPXW,"d50ret,d65ret,d80",0.0,1,score_desc,d50ret,22,1,15,False,False,False,False,False,-14.515313716610546,19.15687715142331,-14.515313716610546,102,0.46078431372549017,1.3509900190995974,5.246575751002597,0.05143701716669213,-2.3999999999999986,0.21568627450980393,102,0.46078431372549017,-2.3999999999999986,0.47650126837914447,0,0.6666666666666666,128,0.4453125,1.176901552786928,3.4642672281492537,0.027064587719916045,-2.382059243261642,0.2421875,128,0.4453125,-2.382059243261642,0.7216533354257423,20,0.6666666666666666,347,0.42363112391930835,1.1058925793681205,5.000815101199951,0.01441157089682983,-4.4352634774807775,0.42939481268011526,347,0.42363112391930835,-4.4352634774807775,0.4999185031656384,17,0.5882352941176471
SPXW,"d50ret,d65ret,d80",0.0,1,score_desc,d50ret,22,1,30,False,False,False,False,False,-14.515313716610546,19.15687715142331,-14.515313716610546,102,0.46078431372549017,1.3509900190995974,5.246575751002597,0.05143701716669213,-2.3999999999999986,0.21568627450980393,102,0.46078431372549017,-2.3999999999999986,0.47650126837914447,0,0.6666666666666666,128,0.4453125,1.176901552786928,3.4642672281492537,0.027064587719916045,-2.382059243261642,0.2421875,128,0.4453125,-2.382059243261642,0.7216533354257423,20,0.6666666666666666,347,0.42363112391930835,1.1058925793681205,5.000815101199951,0.01441157089682983,-4.4352634774807775,0.42939481268011526,347,0.42363112391930835,-4.4352634774807775,0.4999185031656384,17,0.5882352941176471
SPXW,"d50ret,d65ret,d80",-999999.0,1,score_desc,d50ret,21,1,0,False,False,False,False,False,-14.515313716610546,17.947747574892034,-14.515313716610546,102,0.46078431372549017,1.3509900190995974,5.246575751002597,0.05143701716669213,-2.3999999999999986,0.21568627450980393,102,0.46078431372549017,-2.3999999999999986,0.47650126837914447,0,0.6666666666666666,128,0.4375,1.1455363343992633,2.9023477358893013,0.022674591686635166,-2.382059243261642,0.2109375,128,0.4375,-2.382059243261642,0.8613716299690675,20,0.6666666666666666,349,0.42120343839541546,1.089611779460949,4.285715544593404,0.012279987233791988,-4.4352634774807775,0.42406876790830944,349,0.42120343839541546,-4.4352634774807775,0.5833331619859481,19,0.5882352941176471
SPXW,"d50ret,d65ret,d80",-999999.0,1,score_desc,d50ret,21,1,15,False,False,False,False,False,-14.515313716610546,17.947747574892034,-14.515313716610546,102,0.46078431372549017,1.3509900190995974,5.246575751002597,0.05143701716669213,-2.3999999999999986,0.21568627450980393,102,0.46078431372549017,-2.3999999999999986,0.47650126837914447,0,0.6666666666666666,128,0.4375,1.1455363343992633,2.9023477358893013,0.022674591686635166,-2.382059243261642,0.2109375,128,0.4375,-2.382059243261642,0.8613716299690675,20,0.6666666666666666,349,0.42120343839541546,1.089611779460949,4.285715544593404,0.012279987233791988,-4.4352634774807775,0.42406876790830944,349,0.42120343839541546,-4.4352634774807775,0.5833331619859481,19,0.5882352941176471
SPXW,"d50ret,d65ret,d80",-999999.0,1,score_desc,d50ret,21,1,30,False,False,False,False,False,-14.515313716610546,17.947747574892034,-14.515313716610546,102,0.46078431372549017,1.3509900190995974,5.246575751002597,0.05143701716669213,-2.3999999999999986,0.21568627450980393,102,0.46078431372549017,-2.3999999999999986,0.47650126837914447,0,0.6666666666666666,128,0.4375,1.1455363343992633,2.9023477358893013,0.022674591686635166,-2.382059243261642,0.2109375,128,0.4375,-2.382059243261642,0.8613716299690675,20,0.6666666666666666,349,0.42120343839541546,1.089611779460949,4.285715544593404,0.012279987233791988,-4.4352634774807775,0.42406876790830944,349,0.42120343839541546,-4.4352634774807775,0.5833331619859481,19,0.5882352941176471
SPXW,"d50ret,d65ret,d80",0.0,1,score_desc,d50ret,21,1,0,False,False,False,False,False,-14.515313716610546,17.947747574892034,-14.515313716610546,102,0.46078431372549017,1.3509900190995974,5.246575751002597,0.05143701716669213,-2.3999999999999986,0.21568627450980393,102,0.46078431372549017,-2.3999999999999986,0.47650126837914447,0,0.6666666666666666,128,0.4375,1.1455363343992633,2.9023477358893013,0.022674591686635166,-2.382059243261642,0.2109375,128,0.4375,-2.382059243261642,0.8613716299690675,20,0.6666666666666666,347,0.4207492795389049,1.088391022574804,4.20081510119995,0.01210609539250706,-4.4352634774807775,0.4265129682997118,347,0.4207492795389049,-4.4352634774807775,0.5951225987751478,17,0.5882352941176471
SPXW,"d50ret,d65ret,d80",0.0,1,score_desc,d50ret,21,1,15,False,False,False,False,False,-14.515313716610546,17.947747574892034,-14.515313716610546,102,0.46078431372549017,1.3509900190995974,5.246575751002597,0.05143701716669213,-2.3999999999999986,0.21568627450980393,102,0.46078431372549017,-2.3999999999999986,0.47650126837914447,0,0.6666666666666666,128,0.4375,1.1455363343992633,2.9023477358893013,0.022674591686635166,-2.382059243261642,0.2109375,128,0.4375,-2.382059243261642,0.8613716299690675,20,0.6666666666666666,347,0.4207492795389049,1.088391022574804,4.20081510119995,0.01210609539250706,-4.4352634774807775,0.4265129682997118,347,0.4207492795389049,-4.4352634774807775,0.5951225987751478,17,0.5882352941176471
SPXW,"d50ret,d65ret,d80",0.0,1,score_desc,d50ret,21,1,30,False,False,False,False,False,-14.515313716610546,17.947747574892034,-14.515313716610546,102,0.46078431372549017,1.3509900190995974,5.246575751002597,0.05143701716669213,-2.3999999999999986,0.21568627450980393,102,0.46078431372549017,-2.3999999999999986,0.47650126837914447,0,0.6666666666666666,128,0.4375,1.1455363343992633,2.9023477358893013,0.022674591686635166,-2.382059243261642,0.2109375,128,0.4375,-2.382059243261642,0.8613716299690675,20,0.6666666666666666,347,0.4207492795389049,1.088391022574804,4.20081510119995,0.01210609539250706,-4.4352634774807775,0.4265129682997118,347,0.4207492795389049,-4.4352634774807775,0.5951225987751478,17,0.5882352941176471
SPXW,"d65ret,d80",-999999.0,1,score_desc,d50ret,21,1,0,False,False,False,False,False,-14.515313716610546,17.427054235610175,-14.515313716610546,102,0.46078431372549017,1.3509900190995974,5.246575751002597,0.05143701716669213,-2.3999999999999986,0.21568627450980393,102,0.46078431372549017,-2.3999999999999986,0.47650126837914447,0,0.6666666666666666,128,0.4375,1.1299851962033596,2.6017790049474536,0.02032639847615198,-2.382059243261642,0.1953125,128,0.4375,-2.382059243261642,0.9608809953674335,20,0.6666666666666666,349,0.40974212034383956,0.9682535744457055,-1.5524464133255051,-0.0044482705252879805,-5.156507077864384,0.42406876790830944,349,0.40974212034383956,-5.156507077864384,-1.610361541977307,19,0.5294117647058824
SPXW,"d65ret,d80",-999999.0,1,score_desc,d50ret,21,1,15,False,False,False,False,False,-14.515313716610546,17.427054235610175,-14.515313716610546,102,0.46078431372549017,1.3509900190995974,5.246575751002597,0.05143701716669213,-2.3999999999999986,0.21568627450980393,102,0.46078431372549017,-2.3999999999999986,0.47650126837914447,0,0.6666666666666666,128,0.4375,1.1299851962033596,2.6017790049474536,0.02032639847615198,-2.382059243261642,0.1953125,128,0.4375,-2.382059243261642,0.9608809953674335,20,0.6666666666666666,349,0.40974212034383956,0.9682535744457055,-1.5524464133255051,-0.0044482705252879805,-5.156507077864384,0.42406876790830944,349,0.40974212034383956,-5.156507077864384,-1.610361541977307,19,0.5294117647058824
SPXW,"d65ret,d80",-999999.0,1,score_desc,d50ret,21,1,30,False,False,False,False,False,-14.515313716610546,17.427054235610175,-14.515313716610546,102,0.46078431372549017,1.3509900190995974,5.246575751002597,0.05143701716669213,-2.3999999999999986,0.21568627450980393,102,0.46078431372549017,-2.3999999999999986,0.47650126837914447,0,0.6666666666666666,128,0.4375,1.1299851962033596,2.6017790049474536,0.02032639847615198,-2.382059243261642,0.1953125,128,0.4375,-2.382059243261642,0.9608809953674335,20,0.6666666666666666,349,0.40974212034383956,0.9682535744457055,-1.5524464133255051,-0.0044482705252879805,-5.156507077864384,0.42406876790830944,349,0.40974212034383956,-5.156507077864384,-1.610361541977307,19,0.5294117647058824
SPXW,"d65ret,d80",-999999.0,1,score_desc,d50ret,22,1,0,False,False,False,False,False,-14.515313716610546,18.579163612961914,-14.515313716610546,102,0.46078431372549017,1.3509900190995974,5.246575751002597,0.05143701716669213,-2.3999999999999986,0.21568627450980393,102,0.46078431372549017,-2.3999999999999986,0.47650126837914447,0,0.6666666666666666,128,0.4453125,1.1574508206855267,3.1042947090244484,0.024252302414253503,-2.382059243261642,0.2265625,128,0.4453125,-2.382059243261642,0.8053359085824834,20,0.6666666666666666,349,0.40974212034383956,0.9682535744457055,-1.5524464133255051,-0.0044482705252879805,-5.156507077864384,0.4269340974212034,349,0.40974212034383956,-5.156507077864384,-1.610361541977307,19,0.5294117647058824
SPXW,"d65ret,d80",-999999.0,1,score_desc,d50ret,22,1,15,False,False,False,False,False,-14.515313716610546,18.579163612961914,-14.515313716610546,102,0.46078431372549017,1.3509900190995974,5.246575751002597,0.05143701716669213,-2.3999999999999986,0.21568627450980393,102,0.46078431372549017,-2.3999999999999986,0.47650126837914447,0,0.6666666666666666,128,0.4453125,1.1574508206855267,3.1042947090244484,0.024252302414253503,-2.382059243261642,0.2265625,128,0.4453125,-2.382059243261642,0.8053359085824834,20,0.6666666666666666,349,0.40974212034383956,0.9682535744457055,-1.5524464133255051,-0.0044482705252879805,-5.156507077864384,0.4269340974212034,349,0.40974212034383956,-5.156507077864384,-1.610361541977307,19,0.5294117647058824
SPXW,"d65ret,d80",-999999.0,1,score_desc,d50ret,22,1,30,False,False,False,False,False,-14.515313716610546,18.579163612961914,-14.515313716610546,102,0.46078431372549017,1.3509900190995974,5.246575751002597,0.05143701716669213,-2.3999999999999986,0.21568627450980393,102,0.46078431372549017,-2.3999999999999986,0.47650126837914447,0,0.6666666666666666,128,0.4453125,1.1574508206855267,3.1042947090244484,0.024252302414253503,-2.382059243261642,0.2265625,128,0.4453125,-2.382059243261642,0.8053359085824834,20,0.6666666666666666,349,0.40974212034383956,0.9682535744457055,-1.5524464133255051,-0.0044482705252879805,-5.156507077864384,0.4269340974212034,349,0.40974212034383956,-5.156507077864384,-1.610361541977307,19,0.5294117647058824
SPXW,"d65ret,d80",0.0,1,score_desc,d50ret,21,1,0,False,False,False,False,False,-14.515313716610546,17.427054235610175,-14.515313716610546,102,0.46078431372549017,1.3509900190995974,5.246575751002597,0.05143701716669213,-2.3999999999999986,0.21568627450980393,102,0.46078431372549017,-2.3999999999999986,0.47650126837914447,0,0.6666666666666666,128,0.4375,1.1299851962033596,2.6017790049474536,0.02032639847615198,-2.382059243261642,0.1953125,128,0.4375,-2.382059243261642,0.9608809953674335,20,0.6666666666666666,347,0.4092219020172911,0.9622129671567602,-1.8432576441665636,-0.0053119816834771285,-5.309773671760654,0.4265129682997118,347,0.4092219020172911,-5.309773671760654,-1.356294388856521,17,0.5294117647058824
SPXW,"d65ret,d80",0.0,1,score_desc,d50ret,21,1,15,False,False,False,False,False,-14.515313716610546,17.427054235610175,-14.515313716610546,102,0.46078431372549017,1.3509900190995974,5.246575751002597,0.05143701716669213,-2.3999999999999986,0.21568627450980393,102,0.46078431372549017,-2.3999999999999986,0.47650126837914447,0,0.6666666666666666,128,0.4375,1.1299851962033596,2.6017790049474536,0.02032639847615198,-2.382059243261642,0.1953125,128,0.4375,-2.382059243261642,0.9608809953674335,20,0.6666666666666666,347,0.4092219020172911,0.9622129671567602,-1.8432576441665636,-0.0053119816834771285,-5.309773671760654,0.4265129682997118,347,0.4092219020172911,-5.309773671760654,-1.356294388856521,17,0.5294117647058824
SPXW,"d65ret,d80",0.0,1,score_desc,d50ret,21,1,30,False,False,False,False,False,-14.515313716610546,17.427054235610175,-14.515313716610546,102,0.46078431372549017,1.3509900190995974,5.246575751002597,0.05143701716669213,-2.3999999999999986,0.21568627450980393,102,0.46078431372549017,-2.3999999999999986,0.47650126837914447,0,0.6666666666666666,128,0.4375,1.1299851962033596,2.6017790049474536,0.02032639847615198,-2.382059243261642,0.1953125,128,0.4375,-2.382059243261642,0.9608809953674335,20,0.6666666666666666,347,0.4092219020172911,0.9622129671567602,-1.8432576441665636,-0.0053119816834771285,-5.309773671760654,0.4265129682997118,347,0.4092219020172911,-5.309773671760654,-1.356294388856521,17,0.5294117647058824
SPXW,"d65ret,d80",0.0,1,score_desc,d50ret,22,1,0,False,False,False,False,False,-14.515313716610546,18.579163612961914,-14.515313716610546,102,0.46078431372549017,1.3509900190995974,5.246575751002597,0.05143701716669213,-2.3999999999999986,0.21568627450980393,102,0.46078431372549017,-2.3999999999999986,0.47650126837914447,0,0.6666666666666666,128,0.4453125,1.1574508206855267,3.1042947090244484,0.024252302414253503,-2.382059243261642,0.2265625,128,0.4453125,-2.382059243261642,0.8053359085824834,20,0.6666666666666666,347,0.4092219020172911,0.9622129671567602,-1.8432576441665636,-0.0053119816834771285,-5.309773671760654,0.42939481268011526,347,0.4092219020172911,-5.309773671760654,-1.356294388856521,17,0.5294117647058824
SPXW,"d65ret,d80",0.0,1,score_desc,d50ret,22,1,15,False,False,False,False,False,-14.515313716610546,18.579163612961914,-14.515313716610546,102,0.46078431372549017,1.3509900190995974,5.246575751002597,0.05143701716669213,-2.3999999999999986,0.21568627450980393,102,0.46078431372549017,-2.3999999999999986,0.47650126837914447,0,0.6666666666666666,128,0.4453125,1.1574508206855267,3.1042947090244484,0.024252302414253503,-2.382059243261642,0.2265625,128,0.4453125,-2.382059243261642,0.8053359085824834,20,0.6666666666666666,347,0.4092219020172911,0.9622129671567602,-1.8432576441665636,-0.0053119816834771285,-5.309773671760654,0.42939481268011526,347,0.4092219020172911,-5.309773671760654,-1.356294388856521,17,0.5294117647058824
SPXW,"d65ret,d80",0.0,1,score_desc,d50ret,22,1,30,False,False,False,False,False,-14.515313716610546,18.579163612961914,-14.515313716610546,102,0.46078431372549017,1.3509900190995974,5.246575751002597,0.05143701716669213,-2.3999999999999986,0.21568627450980393,102,0.46078431372549017,-2.3999999999999986,0.47650126837914447,0,0.6666666666666666,128,0.4453125,1.1574508206855267,3.1042947090244484,0.024252302414253503,-2.382059243261642,0.2265625,128,0.4453125,-2.382059243261642,0.8053359085824834,20,0.6666666666666666,347,0.4092219020172911,0.9622129671567602,-1.8432576441665636,-0.0053119816834771285,-5.309773671760654,0.42939481268011526,347,0.4092219020172911,-5.309773671760654,-1.356294388856521,17,0.5294117647058824
SPXW,"d50ret,d65ret,d80_front",0.0,1,score_desc,d65ret,21,2,15,False,False,False,False,False,-14.521809423899182,-11.322098302692746,-14.521809423899182,90,0.4444444444444444,1.4005606557159886,5.201859985197901,0.05779844427997668,-2.3999999999999986,0.2222222222222222,82,0.45121951219512196,-2.3999999999999986,0.6728362566388539,0,0.6666666666666666,133,0.39849624060150374,0.9391530465108644,-1.321618478024461,-0.009936981037777903,-4.457064346197027,0.2706766917293233,128,0.40625,-4.457064346197027,-1.8916200413125042,20,0.5,377,0.4217506631299735,1.04960504416793,2.6181560789257117,0.006944711084683585,-4.477848030136123,0.38461538461538464,342,0.4064327485380117,-4.477848030136121,1.9097409968207901,19,0.4117647058823529
SPXW,"d50ret,d65ret,d80_front",0.0,1,score_desc,d65ret,21,3,15,False,False,False,False,False,-14.521809423899182,-11.322098302692746,-14.521809423899182,90,0.4444444444444444,1.4005606557159886,5.201859985197901,0.05779844427997668,-2.3999999999999986,0.2222222222222222,82,0.43902439024390244,-2.3999999999999986,0.6728362566388539,0,0.6666666666666666,133,0.39849624060150374,0.9391530465108644,-1.321618478024461,-0.009936981037777903,-4.457064346197027,0.2706766917293233,128,0.40625,-4.457064346197027,-1.8916200413125042,20,0.5,377,0.4217506631299735,1.04960504416793,2.6181560789257117,0.006944711084683585,-4.477848030136123,0.38461538461538464,342,0.4064327485380117,-4.477848030136121,1.9097409968207901,19,0.4117647058823529
SPXW,"d50ret,d65ret,d80_front",0.0,1,score_desc,d65ret,21,4,15,False,False,False,False,False,-14.521809423899182,-11.322098302692746,-14.521809423899182,90,0.4444444444444444,1.4005606557159886,5.201859985197901,0.05779844427997668,-2.3999999999999986,0.2222222222222222,82,0.43902439024390244,-2.3999999999999986,0.6728362566388539,0,0.6666666666666666,133,0.39849624060150374,0.9391530465108644,-1.321618478024461,-0.009936981037777903,-4.457064346197027,0.2706766917293233,128,0.40625,-4.457064346197027,-1.8916200413125042,20,0.5,377,0.4217506631299735,1.04960504416793,2.6181560789257117,0.006944711084683585,-4.477848030136123,0.38461538461538464,342,0.4064327485380117,-4.477848030136121,1.9097409968207901,19,0.4117647058823529
SPXW,"d50ret,d65ret,d80_front",0.0,1,score_desc,d65ret,21,2,30,False,False,False,False,False,-14.521809423899182,-11.322098302692746,-14.521809423899182,90,0.4444444444444444,1.4005606557159886,5.201859985197901,0.05779844427997668,-2.3999999999999986,0.2222222222222222,82,0.45121951219512196,-2.3999999999999986,0.6728362566388539,0,0.6666666666666666,133,0.39849624060150374,0.9391530465108644,-1.321618478024461,-0.009936981037777903,-4.457064346197027,0.2706766917293233,128,0.40625,-4.457064346197027,-1.8916200413125042,20,0.5,376,0.42021276595744683,1.0457898001282662,2.416787356397894,0.006427625947866739,-4.542479314346836,0.3882978723404255,342,0.4064327485380117,-4.542479314346836,2.0688621970665473,19,0.35294117647058826
SPXW,"d50ret,d65ret,d80_front",0.0,1,score_desc,d65ret,21,3,30,False,False,False,False,False,-14.521809423899182,-11.322098302692746,-14.521809423899182,90,0.4444444444444444,1.4005606557159886,5.201859985197901,0.05779844427997668,-2.3999999999999986,0.2222222222222222,82,0.43902439024390244,-2.3999999999999986,0.6728362566388539,0,0.6666666666666666,133,0.39849624060150374,0.9391530465108644,-1.321618478024461,-0.009936981037777903,-4.457064346197027,0.2706766917293233,128,0.40625,-4.457064346197027,-1.8916200413125042,20,0.5,376,0.42021276595744683,1.0457898001282662,2.416787356397894,0.006427625947866739,-4.542479314346836,0.3882978723404255,342,0.4064327485380117,-4.542479314346836,2.0688621970665473,19,0.35294117647058826
SPXW,"d50ret,d65ret,d80_front",0.0,1,score_desc,d65ret,21,4,30,False,False,False,False,False,-14.521809423899182,-11.322098302692746,-14.521809423899182,90,0.4444444444444444,1.4005606557159886,5.201859985197901,0.05779844427997668,-2.3999999999999986,0.2222222222222222,82,0.43902439024390244,-2.3999999999999986,0.6728362566388539,0,0.6666666666666666,133,0.39849624060150374,0.9391530465108644,-1.321618478024461,-0.009936981037777903,-4.457064346197027,0.2706766917293233,128,0.40625,-4.457064346197027,-1.8916200413125042,20,0.5,376,0.42021276595744683,1.0457898001282662,2.416787356397894,0.006427625947866739,-4.542479314346836,0.3882978723404255,342,0.4064327485380117,-4.542479314346836,2.0688621970665473,19,0.35294117647058826
SPXW,"d50ret,d65ret,d80_front",0.0,1,score_desc,d65ret,21,2,0,False,False,False,False,False,-14.521809423899182,-11.322098302692746,-14.521809423899182,90,0.4444444444444444,1.4005606557159886,5.201859985197901,0.05779844427997668,-2.3999999999999986,0.2222222222222222,82,0.45121951219512196,-2.3999999999999986,0.6728362566388539,0,0.6666666666666666,133,0.39849624060150374,0.9391530465108644,-1.321618478024461,-0.009936981037777903,-4.457064346197027,0.2706766917293233,128,0.40625,-4.457064346197027,-1.8916200413125042,20,0.5,378,0.42063492063492064,1.0436728419772503,2.31815607892571,0.0061326880394860055,-4.675037303531504,0.3835978835978836,342,0.40350877192982454,-4.675037303531504,2.156886693460745,19,0.4117647058823529
SPXW,"d50ret,d65ret,d80_front",0.0,1,score_desc,d65ret,21,3,0,False,False,False,False,False,-14.521809423899182,-11.322098302692746,-14.521809423899182,90,0.4444444444444444,1.4005606557159886,5.201859985197901,0.05779844427997668,-2.3999999999999986,0.2222222222222222,82,0.43902439024390244,-2.3999999999999986,0.6728362566388539,0,0.6666666666666666,133,0.39849624060150374,0.9391530465108644,-1.321618478024461,-0.009936981037777903,-4.457064346197027,0.2706766917293233,128,0.40625,-4.457064346197027,-1.8916200413125042,20,0.5,378,0.42063492063492064,1.0436728419772503,2.31815607892571,0.0061326880394860055,-4.675037303531504,0.3835978835978836,342,0.40350877192982454,-4.675037303531504,2.156886693460745,19,0.4117647058823529
SPXW,"d50ret,d65ret,d80_front",0.0,1,score_desc,d65ret,21,4,0,False,False,False,False,False,-14.521809423899182,-11.322098302692746,-14.521809423899182,90,0.4444444444444444,1.4005606557159886,5.201859985197901,0.05779844427997668,-2.3999999999999986,0.2222222222222222,82,0.43902439024390244,-2.3999999999999986,0.6728362566388539,0,0.6666666666666666,133,0.39849624060150374,0.9391530465108644,-1.321618478024461,-0.009936981037777903,-4.457064346197027,0.2706766917293233,128,0.40625,-4.457064346197027,-1.8916200413125042,20,0.5,378,0.42063492063492064,1.0436728419772503,2.31815607892571,0.0061326880394860055,-4.675037303531504,0.3835978835978836,342,0.40350877192982454,-4.675037303531504,2.156886693460745,19,0.4117647058823529
SPXW,"d50ret,d65ret,d80_front",-999999.0,1,score_desc,d65ret,21,2,30,False,False,False,False,False,-14.521809423899182,-11.322098302692746,-14.521809423899182,90,0.4444444444444444,1.4005606557159886,5.201859985197901,0.05779844427997668,-2.3999999999999986,0.2222222222222222,82,0.45121951219512196,-2.3999999999999986,0.6728362566388539,0,0.6666666666666666,133,0.39849624060150374,0.9391530465108644,-1.321618478024461,-0.009936981037777903,-4.457064346197027,0.2706766917293233,128,0.40625,-4.457064346197027,-1.8916200413125042,20,0.5,380,0.41842105263157897,1.0338332334407303,1.7961626070726708,0.004726743702822818,-4.866066924311492,0.37894736842105264,350,0.4114285714285714,-4.866066924311492,2.475710908769118,19,0.4117647058823529
SPXW,"d50ret,d65ret,d80_front",-999999.0,1,score_desc,d65ret,21,3,30,False,False,False,False,False,-14.521809423899182,-11.322098302692746,-14.521809423899182,90,0.4444444444444444,1.4005606557159886,5.201859985197901,0.05779844427997668,-2.3999999999999986,0.2222222222222222,82,0.43902439024390244,-2.3999999999999986,0.6728362566388539,0,0.6666666666666666,133,0.39849624060150374,0.9391530465108644,-1.321618478024461,-0.009936981037777903,-4.457064346197027,0.2706766917293233,128,0.40625,-4.457064346197027,-1.8916200413125042,20,0.5,380,0.41842105263157897,1.0338332334407303,1.7961626070726708,0.004726743702822818,-4.866066924311492,0.37894736842105264,350,0.4114285714285714,-4.866066924311492,2.475710908769118,19,0.4117647058823529
SPXW,"d50ret,d65ret,d80_front",-999999.0,1,score_desc,d65ret,21,4,30,False,False,False,False,False,-14.521809423899182,-11.322098302692746,-14.521809423899182,90,0.4444444444444444,1.4005606557159886,5.201859985197901,0.05779844427997668,-2.3999999999999986,0.2222222222222222,82,0.43902439024390244,-2.3999999999999986,0.6728362566388539,0,0.6666666666666666,133,0.39849624060150374,0.9391530465108644,-1.321618478024461,-0.009936981037777903,-4.457064346197027,0.2706766917293233,128,0.40625,-4.457064346197027,-1.8916200413125042,20,0.5,380,0.41842105263157897,1.0338332334407303,1.7961626070726708,0.004726743702822818,-4.866066924311492,0.37894736842105264,350,0.4114285714285714,-4.866066924311492,2.475710908769118,19,0.4117647058823529
SPXW,"d50ret,d65ret,d80_front",-999999.0,1,score_desc,d65ret,21,2,15,False,False,False,False,False,-14.521809423899182,-11.322098302692746,-14.521809423899182,90,0.4444444444444444,1.4005606557159886,5.201859985197901,0.05779844427997668,-2.3999999999999986,0.2222222222222222,82,0.45121951219512196,-2.3999999999999986,0.6728362566388539,0,0.6666666666666666,133,0.39849624060150374,0.9391530465108644,-1.321618478024461,-0.009936981037777903,-4.457064346197027,0.2706766917293233,128,0.40625,-4.457064346197027,-1.8916200413125042,20,0.5,380,0.41842105263157897,1.028208095892696,1.4975313296004873,0.003940871920001282,-4.866066924311493,0.3763157894736842,350,0.4085714285714286,-4.866066924311493,2.969406564228146,19,0.4117647058823529
SPXW,"d50ret,d65ret,d80_front",-999999.0,1,score_desc,d65ret,21,3,15,False,False,False,False,False,-14.521809423899182,-11.322098302692746,-14.521809423899182,90,0.4444444444444444,1.4005606557159886,5.201859985197901,0.05779844427997668,-2.3999999999999986,0.2222222222222222,82,0.43902439024390244,-2.3999999999999986,0.6728362566388539,0,0.6666666666666666,133,0.39849624060150374,0.9391530465108644,-1.321618478024461,-0.009936981037777903,-4.457064346197027,0.2706766917293233,128,0.40625,-4.457064346197027,-1.8916200413125042,20,0.5,380,0.41842105263157897,1.028208095892696,1.4975313296004873,0.003940871920001282,-4.866066924311493,0.3763157894736842,350,0.4085714285714286,-4.866066924311493,2.969406564228146,19,0.4117647058823529
SPXW,"d50ret,d65ret,d80_front",-999999.0,1,score_desc,d65ret,21,4,15,False,False,False,False,False,-14.521809423899182,-11.322098302692746,-14.521809423899182,90,0.4444444444444444,1.4005606557159886,5.201859985197901,0.05779844427997668,-2.3999999999999986,0.2222222222222222,82,0.43902439024390244,-2.3999999999999986,0.6728362566388539,0,0.6666666666666666,133,0.39849624060150374,0.9391530465108644,-1.321618478024461,-0.009936981037777903,-4.457064346197027,0.2706766917293233,128,0.40625,-4.457064346197027,-1.8916200413125042,20,0.5,380,0.41842105263157897,1.028208095892696,1.4975313296004873,0.003940871920001282,-4.866066924311493,0.3763157894736842,350,0.4085714285714286,-4.866066924311493,2.969406564228146,19,0.4117647058823529
SPXW,"d50ret,d65ret,d80_front",-999999.0,1,score_desc,d65ret,21,2,0,False,False,False,False,False,-14.521809423899182,-11.322098302692746,-14.521809423899182,90,0.4444444444444444,1.4005606557159886,5.201859985197901,0.05779844427997668,-2.3999999999999986,0.2222222222222222,82,0.45121951219512196,-2.3999999999999986,0.6728362566388539,0,0.6666666666666666,133,0.39849624060150374,0.9391530465108644,-1.321618478024461,-0.009936981037777903,-4.457064346197027,0.2706766917293233,128,0.40625,-4.457064346197027,-1.8916200413125042,20,0.5,381,0.41732283464566927,1.0224304240254476,1.197531329600488,0.0031431268493451125,-5.063256197706873,0.3753280839895013,350,0.4057142857142857,-5.063256197706871,3.7132885381265925,19,0.4117647058823529
SPXW,"d50ret,d65ret,d80_front",-999999.0,1,score_desc,d65ret,21,3,0,False,False,False,False,False,-14.521809423899182,-11.322098302692746,-14.521809423899182,90,0.4444444444444444,1.4005606557159886,5.201859985197901,0.05779844427997668,-2.3999999999999986,0.2222222222222222,82,0.43902439024390244,-2.3999999999999986,0.6728362566388539,0,0.6666666666666666,133,0.39849624060150374,0.9391530465108644,-1.321618478024461,-0.009936981037777903,-4.457064346197027,0.2706766917293233,128,0.40625,-4.457064346197027,-1.8916200413125042,20,0.5,381,0.41732283464566927,1.0224304240254476,1.197531329600488,0.0031431268493451125,-5.063256197706873,0.3753280839895013,350,0.4057142857142857,-5.063256197706871,3.7132885381265925,19,0.4117647058823529
SPXW,"d50ret,d65ret,d80_front",-999999.0,1,score_desc,d65ret,21,4,0,False,False,False,False,False,-14.521809423899182,-11.322098302692746,-14.521809423899182,90,0.4444444444444444,1.4005606557159886,5.201859985197901,0.05779844427997668,-2.3999999999999986,0.2222222222222222,82,0.43902439024390244,-2.3999999999999986,0.6728362566388539,0,0.6666666666666666,133,0.39849624060150374,0.9391530465108644,-1.321618478024461,-0.009936981037777903,-4.457064346197027,0.2706766917293233,128,0.40625,-4.457064346197027,-1.8916200413125042,20,0.5,381,0.41732283464566927,1.0224304240254476,1.197531329600488,0.0031431268493451125,-5.063256197706873,0.3753280839895013,350,0.4057142857142857,-5.063256197706871,3.7132885381265925,19,0.4117647058823529
SPXW,"d50ret,d65ret,d80",-999999.0,1,score_desc,d50ret,21,2,15,False,False,False,False,False,-14.52858657045385,16.805491515728935,-14.52858657045385,104,0.4519230769230769,1.3584502096875826,5.679315170483867,0.05460879971619103,-2.3999999999999986,0.22115384615384615,102,0.46078431372549017,-2.3999999999999986,0.4401939186247001,0,0.6666666666666666,137,0.4306569343065693,1.1323109150231891,2.9754571171142783,0.02171866508842539,-3.8128585633443044,0.20437956204379562,128,0.421875,-3.812858563344305,1.016280615462316,21,0.3333333333333333,377,0.41114058355437666,1.0530357498753828,3.1109609760646366,0.008251885878155535,-4.4150739725565025,0.3660477453580902,349,0.40974212034383956,-4.4150739725565025,0.9208872929860326,19,0.5294117647058824
SPXW,"d50ret,d65ret,d80",-999999.0,1,score_desc,d50ret,21,2,30,False,False,False,False,False,-14.52858657045385,16.805491515728935,-14.52858657045385,104,0.4519230769230769,1.3584502096875826,5.679315170483867,0.05460879971619103,-2.3999999999999986,0.22115384615384615,102,0.46078431372549017,-2.3999999999999986,0.4401939186247001,0,0.6666666666666666,137,0.4306569343065693,1.1323109150231891,2.9754571171142783,0.02171866508842539,-3.8128585633443044,0.20437956204379562,128,0.421875,-3.812858563344305,1.016280615462316,21,0.3333333333333333,377,0.41114058355437666,1.0530357498753828,3.1109609760646366,0.008251885878155535,-4.4150739725565025,0.3687002652519894,349,0.40974212034383956,-4.4150739725565025,0.9208872929860326,19,0.5294117647058824
SPXW,"d50ret,d65ret,d80",-999999.0,1,score_desc,d50ret,21,2,0,False,False,False,False,False,-14.52858657045385,16.805491515728935,-14.52858657045385,104,0.4519230769230769,1.3584502096875826,5.679315170483867,0.05460879971619103,-2.3999999999999986,0.22115384615384615,102,0.46078431372549017,-2.3999999999999986,0.4401939186247001,0,0.6666666666666666,137,0.4306569343065693,1.1323109150231891,2.9754571171142783,0.02171866508842539,-3.8128585633443044,0.20437956204379562,128,0.421875,-3.812858563344305,1.016280615462316,21,0.3333333333333333,378,0.41005291005291006,1.0505263875474153,2.9878731591752254,0.007904426347024407,-4.592168905930102,0.36243386243386244,349,0.41260744985673353,-4.592168905930102,0.9588239792027057,19,0.47058823529411764
SPXW,"d50ret,d65ret,d80",-999999.0,1,score_desc,d50ret,21,3,15,False,False,False,False,False,-14.52858657045385,16.805491515728935,-14.52858657045385,104,0.4519230769230769,1.3584502096875826,5.679315170483867,0.05460879971619103,-2.3999999999999986,0.22115384615384615,102,0.45098039215686275,-2.3999999999999986,0.4401939186247001,0,0.6666666666666666,137,0.4306569343065693,1.1323109150231891,2.9754571171142783,0.02171866508842539,-3.8128585633443044,0.20437956204379562,128,0.421875,-3.812858563344305,1.016280615462316,21,0.3333333333333333,377,0.41114058355437666,1.0478865992579438,2.8227256819469897,0.007487336026384588,-4.415073972556504,0.363395225464191,349,0.4068767908309456,-4.415073972556503,1.014921304665109,19,0.5294117647058824
SPXW,"d50ret,d65ret,d80",-999999.0,1,score_desc,d50ret,21,3,30,False,False,False,False,False,-14.52858657045385,16.805491515728935,-14.52858657045385,104,0.4519230769230769,1.3584502096875826,5.679315170483867,0.05460879971619103,-2.3999999999999986,0.22115384615384615,102,0.45098039215686275,-2.3999999999999986,0.4401939186247001,0,0.6666666666666666,137,0.4306569343065693,1.1323109150231891,2.9754571171142783,0.02171866508842539,-3.8128585633443044,0.20437956204379562,128,0.421875,-3.812858563344305,1.016280615462316,21,0.3333333333333333,377,0.41114058355437666,1.0478865992579438,2.8227256819469897,0.007487336026384588,-4.415073972556504,0.3660477453580902,349,0.4068767908309456,-4.415073972556503,1.014921304665109,19,0.5294117647058824
SPXW,"d50ret,d65ret,d80",-999999.0,1,score_desc,d50ret,21,4,15,False,False,False,False,False,-14.52858657045385,16.805491515728935,-14.52858657045385,104,0.4519230769230769,1.3584502096875826,5.679315170483867,0.05460879971619103,-2.3999999999999986,0.22115384615384615,102,0.45098039215686275,-2.3999999999999986,0.4401939186247001,0,0.6666666666666666,137,0.4306569343065693,1.1323109150231891,2.9754571171142783,0.02171866508842539,-3.8128585633443044,0.20437956204379562,128,0.421875,-3.812858563344305,1.016280615462316,21,0.3333333333333333,377,0.41114058355437666,1.0478865992579438,2.8227256819469897,0.007487336026384588,-4.415073972556504,0.363395225464191,349,0.4068767908309456,-4.415073972556503,1.014921304665109,19,0.5294117647058824
SPXW,"d50ret,d65ret,d80",-999999.0,1,score_desc,d50ret,21,4,30,False,False,False,False,False,-14.52858657045385,16.805491515728935,-14.52858657045385,104,0.4519230769230769,1.3584502096875826,5.679315170483867,0.05460879971619103,-2.3999999999999986,0.22115384615384615,102,0.45098039215686275,-2.3999999999999986,0.4401939186247001,0,0.6666666666666666,137,0.4306569343065693,1.1323109150231891,2.9754571171142783,0.02171866508842539,-3.8128585633443044,0.20437956204379562,128,0.421875,-3.812858563344305,1.016280615462316,21,0.3333333333333333,377,0.41114058355437666,1.0478865992579438,2.8227256819469897,0.007487336026384588,-4.415073972556504,0.3660477453580902,349,0.4068767908309456,-4.415073972556503,1.014921304665109,19,0.5294117647058824
SPXW,"d50ret,d65ret,d80",-999999.0,1,score_desc,d50ret,21,3,0,False,False,False,False,False,-14.52858657045385,16.805491515728935,-14.52858657045385,104,0.4519230769230769,1.3584502096875826,5.679315170483867,0.05460879971619103,-2.3999999999999986,0.22115384615384615,102,0.45098039215686275,-2.3999999999999986,0.4401939186247001,0,0.6666666666666666,137,0.4306569343065693,1.1323109150231891,2.9754571171142783,0.02171866508842539,-3.8128585633443044,0.20437956204379562,128,0.421875,-3.812858563344305,1.016280615462316,21,0.3333333333333333,378,0.41005291005291006,1.0454307500969047,2.699637865057578,0.007141899113908937,-4.592168905930103,0.35978835978835977,349,0.40974212034383956,-4.592168905930103,1.0611958251564408,19,0.47058823529411764
SPXW,"d50ret,d65ret,d80",-999999.0,1,score_desc,d50ret,21,4,0,False,False,False,False,False,-14.52858657045385,16.805491515728935,-14.52858657045385,104,0.4519230769230769,1.3584502096875826,5.679315170483867,0.05460879971619103,-2.3999999999999986,0.22115384615384615,102,0.45098039215686275,-2.3999999999999986,0.4401939186247001,0,0.6666666666666666,137,0.4306569343065693,1.1323109150231891,2.9754571171142783,0.02171866508842539,-3.8128585633443044,0.20437956204379562,128,0.421875,-3.812858563344305,1.016280615462316,21,0.3333333333333333,378,0.41005291005291006,1.0454307500969047,2.699637865057578,0.007141899113908937,-4.592168905930103,0.35978835978835977,349,0.40974212034383956,-4.592168905930103,1.0611958251564408,19,0.47058823529411764
SPXW,"d50ret,d65ret,d80",0.0,1,score_desc,d50ret,21,2,15,False,False,False,False,False,-14.52858657045385,16.805491515728935,-14.52858657045385,104,0.4519230769230769,1.3584502096875826,5.679315170483867,0.05460879971619103,-2.3999999999999986,0.22115384615384615,102,0.46078431372549017,-2.3999999999999986,0.4401939186247001,0,0.6666666666666666,137,0.4306569343065693,1.1323109150231891,2.9754571171142783,0.02171866508842539,-3.8128585633443044,0.20437956204379562,128,0.421875,-3.812858563344305,1.016280615462316,21,0.3333333333333333,374,0.40106951871657753,1.0340029777016504,2.011153180127945,0.0053774149201281955,-5.090404173776087,0.3689839572192513,342,0.40350877192982454,-5.090404173776087,1.6730920673179577,17,0.5294117647058824
SPXW,"d50ret,d65ret,d80",0.0,1,score_desc,d50ret,21,2,0,False,False,False,False,False,-14.52858657045385,16.805491515728935,-14.52858657045385,104,0.4519230769230769,1.3584502096875826,5.679315170483867,0.05460879971619103,-2.3999999999999986,0.22115384615384615,102,0.46078431372549017,-2.3999999999999986,0.4401939186247001,0,0.6666666666666666,137,0.4306569343065693,1.1323109150231891,2.9754571171142783,0.02171866508842539,-3.8128585633443044,0.20437956204379562,128,0.421875,-3.812858563344305,1.016280615462316,21,0.3333333333333333,375,0.4,1.0316664742386086,1.8880653632385331,0.0050348409686360885,-5.267499107149686,0.36533333333333334,341,0.4046920821114369,-5.267499107149686,1.782165224439978,17,0.5294117647058824
SPXW,"d50ret,d65ret,d80",0.0,1,score_desc,d50ret,21,2,30,False,False,False,False,False,-14.52858657045385,16.805491515728935,-14.52858657045385,104,0.4519230769230769,1.3584502096875826,5.679315170483867,0.05460879971619103,-2.3999999999999986,0.22115384615384615,102,0.46078431372549017,-2.3999999999999986,0.4401939186247001,0,0.6666666666666666,137,0.4306569343065693,1.1323109150231891,2.9754571171142783,0.02171866508842539,-3.8128585633443044,0.20437956204379562,128,0.421875,-3.812858563344305,1.016280615462316,21,0.3333333333333333,372,0.40053763440860213,1.0307776460257905,1.811153180127946,0.0048686913444299625,-5.590404173776088,0.3682795698924731,342,0.40058479532163743,-5.590404173776088,1.857846408991008,17,0.5294117647058824
SPXW,"d50ret,d65ret,d80",0.0,1,score_desc,d50ret,21,3,15,False,False,False,False,False,-14.52858657045385,16.805491515728935,-14.52858657045385,104,0.4519230769230769,1.3584502096875826,5.679315170483867,0.05460879971619103,-2.3999999999999986,0.22115384615384615,102,0.45098039215686275,-2.3999999999999986,0.4401939186247001,0,0.6666666666666666,137,0.4306569343065693,1.1323109150231891,2.9754571171142783,0.02171866508842539,-3.8128585633443044,0.20437956204379562,128,0.421875,-3.812858563344305,1.016280615462316,21,0.3333333333333333,374,0.40106951871657753,1.028988456613279,1.7229178860102976,0.004606732315535555,-5.090404173776089,0.3663101604278075,342,0.40058479532163743,-5.090404173776088,1.952991758432089,17,0.5294117647058824
SPXW,"d50ret,d65ret,d80",0.0,1,score_desc,d50ret,21,4,15,False,False,False,False,False,-14.52858657045385,16.805491515728935,-14.52858657045385,104,0.4519230769230769,1.3584502096875826,5.679315170483867,0.05460879971619103,-2.3999999999999986,0.22115384615384615,102,0.45098039215686275,-2.3999999999999986,0.4401939186247001,0,0.6666666666666666,137,0.4306569343065693,1.1323109150231891,2.9754571171142783,0.02171866508842539,-3.8128585633443044,0.20437956204379562,128,0.421875,-3.812858563344305,1.016280615462316,21,0.3333333333333333,374,0.40106951871657753,1.028988456613279,1.7229178860102976,0.004606732315535555,-5.090404173776089,0.3663101604278075,342,0.40058479532163743,-5.090404173776088,1.952991758432089,17,0.5294117647058824
SPXW,"d50ret,d65ret,d80",0.0,1,score_desc,d50ret,21,3,0,False,False,False,False,False,-14.52858657045385,16.805491515728935,-14.52858657045385,104,0.4519230769230769,1.3584502096875826,5.679315170483867,0.05460879971619103,-2.3999999999999986,0.22115384615384615,102,0.45098039215686275,-2.3999999999999986,0.4401939186247001,0,0.6666666666666666,137,0.4306569343065693,1.1323109150231891,2.9754571171142783,0.02171866508842539,-3.8128585633443044,0.20437956204379562,128,0.421875,-3.812858563344305,1.016280615462316,21,0.3333333333333333,375,0.4,1.0267031262038075,1.5998300691208862,0.0042662135176556966,-5.267499107149686,0.3626666666666667,341,0.40175953079178883,-5.267499107149686,2.1032511494688593,17,0.5294117647058824
SPXW,"d50ret,d65ret,d80",0.0,1,score_desc,d50ret,21,4,0,False,False,False,False,False,-14.52858657045385,16.805491515728935,-14.52858657045385,104,0.4519230769230769,1.3584502096875826,5.679315170483867,0.05460879971619103,-2.3999999999999986,0.22115384615384615,102,0.45098039215686275,-2.3999999999999986,0.4401939186247001,0,0.6666666666666666,137,0.4306569343065693,1.1323109150231891,2.9754571171142783,0.02171866508842539,-3.8128585633443044,0.20437956204379562,128,0.421875,-3.812858563344305,1.016280615462316,21,0.3333333333333333,375,0.4,1.0267031262038075,1.5998300691208862,0.0042662135176556966,-5.267499107149686,0.3626666666666667,341,0.40175953079178883,-5.267499107149686,2.1032511494688593,17,0.5294117647058824
SPXW,"d50ret,d65ret,d80",0.0,1,score_desc,d50ret,21,3,30,False,False,False,False,False,-14.52858657045385,16.805491515728935,-14.52858657045385,104,0.4519230769230769,1.3584502096875826,5.679315170483867,0.05460879971619103,-2.3999999999999986,0.22115384615384615,102,0.45098039215686275,-2.3999999999999986,0.4401939186247001,0,0.6666666666666666,137,0.4306569343065693,1.1323109150231891,2.9754571171142783,0.02171866508842539,-3.8128585633443044,0.20437956204379562,128,0.421875,-3.812858563344305,1.016280615462316,21,0.3333333333333333,372,0.40053763440860213,1.0257534064018465,1.5229178860102985,0.004093865284973921,-5.590404173776088,0.3655913978494624,342,0.39766081871345027,-5.590404173776088,2.2094720028855153,17,0.5294117647058824
SPXW,"d50ret,d65ret,d80",0.0,1,score_desc,d50ret,21,4,30,False,False,False,False,False,-14.52858657045385,16.805491515728935,-14.52858657045385,104,0.4519230769230769,1.3584502096875826,5.679315170483867,0.05460879971619103,-2.3999999999999986,0.22115384615384615,102,0.45098039215686275,-2.3999999999999986,0.4401939186247001,0,0.6666666666666666,137,0.4306569343065693,1.1323109150231891,2.9754571171142783,0.02171866508842539,-3.8128585633443044,0.20437956204379562,128,0.421875,-3.812858563344305,1.016280615462316,21,0.3333333333333333,372,0.40053763440860213,1.0257534064018465,1.5229178860102985,0.004093865284973921,-5.590404173776088,0.3655913978494624,342,0.39766081871345027,-5.590404173776088,2.2094720028855153,17,0.5294117647058824
SPXW,"d65ret,d80_front,d80_zero",0.0,1,score_desc,d65win,22,3,0,False,False,False,False,False,-14.547127229856684,-7.612516269297826,-14.547127229856684,114,0.45614035087719296,1.365906302622634,5.856181921249822,0.05137001685306861,-2.7496936249858646,0.18421052631578946,103,0.4563106796116505,-2.7496936249858646,0.5302954679985304,0,0.6666666666666666,139,0.4244604316546763,0.982162778712609,-0.385547823939451,-0.002773725352082381,-2.654708350933174,0.22302158273381295,128,0.4140625,-2.654708350933174,-7.303690254961447,22,0.6666666666666666,388,0.4252577319587629,0.9694575229704917,-1.6164819439307943,-0.004166190577141222,-7.4556579111265355,0.3917525773195876,342,0.4239766081871345,-7.337625594123879,-2.4112903138929602,20,0.4117647058823529
SPXW,"d65ret,d80_front,d80_zero",0.0,1,score_desc,d65win,22,4,0,False,False,False,False,False,-14.547127229856684,-7.612516269297826,-14.547127229856684,114,0.45614035087719296,1.365906302622634,5.856181921249822,0.05137001685306861,-2.7496936249858646,0.18421052631578946,103,0.4563106796116505,-2.7496936249858646,0.5302954679985304,0,0.6666666666666666,139,0.4244604316546763,0.982162778712609,-0.385547823939451,-0.002773725352082381,-2.654708350933174,0.22302158273381295,128,0.4140625,-2.654708350933174,-7.303690254961447,22,0.6666666666666666,388,0.4252577319587629,0.9694575229704917,-1.6164819439307943,-0.004166190577141222,-7.4556579111265355,0.3917525773195876,342,0.4239766081871345,-7.337625594123879,-2.4112903138929602,20,0.4117647058823529
SPXW,"d65ret,d80_front,d80_zero",-999999.0,1,score_desc,d65win,22,3,0,False,False,False,False,False,-14.547127229856684,-7.612516269297826,-14.547127229856684,114,0.45614035087719296,1.365906302622634,5.856181921249822,0.05137001685306861,-2.7496936249858646,0.18421052631578946,103,0.4563106796116505,-2.7496936249858646,0.5302954679985304,0,0.6666666666666666,139,0.4244604316546763,0.982162778712609,-0.385547823939451,-0.002773725352082381,-2.654708350933174,0.22302158273381295,128,0.4140625,-2.654708350933174,-7.303690254961447,22,0.6666666666666666,392,0.42091836734693877,0.9510871566980738,-2.6378344289234636,-0.006729169461539448,-8.477010396119208,0.39285714285714285,349,0.4183381088825215,-8.358978079116552,-1.3059214734107116,21,0.4117647058823529
SPXW,"d65ret,d80_front,d80_zero",-999999.0,1,score_desc,d65win,22,4,0,False,False,False,False,False,-14.547127229856684,-7.612516269297826,-14.547127229856684,114,0.45614035087719296,1.365906302622634,5.856181921249822,0.05137001685306861,-2.7496936249858646,0.18421052631578946,103,0.4563106796116505,-2.7496936249858646,0.5302954679985304,0,0.6666666666666666,139,0.4244604316546763,0.982162778712609,-0.385547823939451,-0.002773725352082381,-2.654708350933174,0.22302158273381295,128,0.4140625,-2.654708350933174,-7.303690254961447,22,0.6666666666666666,392,0.42091836734693877,0.9510871566980738,-2.6378344289234636,-0.006729169461539448,-8.477010396119208,0.39285714285714285,349,0.4183381088825215,-8.358978079116552,-1.3059214734107116,21,0.4117647058823529
SPXW,"d50ret,d80,d80_front",0.0,1,score_desc,d65ret,21,2,15,False,False,False,False,False,-14.553759850775423,23.67929800384267,-14.553759850775423,108,0.48148148148148145,1.3490412136368382,4.713996645093808,0.04364811708420192,-2.1,0.17592592592592593,100,0.5,-2.1,0.6364026591156602,0,0.6666666666666666,132,0.4696969696969697,1.365660806643935,7.285209268607484,0.055190979307632455,-2.1777454259441864,0.1590909090909091,125,0.488,-2.1777454259441864,0.34316104147792825,20,0.6666666666666666,381,0.45144356955380577,1.1911028292854096,10.178930863711557,0.026716353972996213,-3.711512694203204,0.3359580052493438,344,0.44476744186046513,-3.711512694203204,0.48333818300578224,19,0.7647058823529411
SPXW,"d50ret,d80,d80_front",0.0,1,score_desc,d65ret,21,3,15,False,False,False,False,False,-14.553759850775423,23.67929800384267,-14.553759850775423,108,0.48148148148148145,1.3490412136368382,4.713996645093808,0.04364811708420192,-2.1,0.17592592592592593,100,0.5,-2.1,0.6364026591156602,0,0.6666666666666666,132,0.4696969696969697,1.365660806643935,7.285209268607484,0.055190979307632455,-2.1777454259441864,0.1590909090909091,125,0.488,-2.1777454259441864,0.34316104147792825,20,0.6666666666666666,381,0.45144356955380577,1.1907688836196142,10.16114352975592,0.026669668057102153,-3.711512694203204,0.3359580052493438,344,0.44476744186046513,-3.711512694203204,0.4841842784919308,19,0.7647058823529411
SPXW,"d50ret,d80,d80_front",0.0,1,score_desc,d65ret,21,4,15,False,False,False,False,False,-14.553759850775423,23.67929800384267,-14.553759850775423,108,0.48148148148148145,1.3490412136368382,4.713996645093808,0.04364811708420192,-2.1,0.17592592592592593,100,0.5,-2.1,0.6364026591156602,0,0.6666666666666666,132,0.4696969696969697,1.365660806643935,7.285209268607484,0.055190979307632455,-2.1777454259441864,0.1590909090909091,125,0.488,-2.1777454259441864,0.34316104147792825,20,0.6666666666666666,381,0.45144356955380577,1.1907688836196142,10.16114352975592,0.026669668057102153,-3.711512694203204,0.3359580052493438,344,0.44476744186046513,-3.711512694203204,0.4841842784919308,19,0.7647058823529411
SPXW,"d50ret,d65ret,d80",0.0,1,score_desc,d65ret,21,2,30,False,False,False,False,False,-14.562704717353132,16.17383323950596,-14.562704717353132,110,0.45454545454545453,1.345599356170615,5.786744590652178,0.052606769005928894,-2.3999999999999986,0.20909090909090908,102,0.46078431372549017,-2.3999999999999986,0.6048305649525034,0,0.6666666666666666,133,0.42105263157894735,1.115332198693273,2.5865066831937993,0.01944741867063007,-3.0384111342918954,0.21804511278195488,128,0.4296875,-3.0384111342918954,0.9693791038280405,20,0.5,371,0.40700808625336926,1.0493060155453866,2.9172819875020215,0.00786329376685181,-5.612922652729436,0.3746630727762803,341,0.39589442815249265,-5.612922652729436,1.7139241326071963,17,0.47058823529411764
SPXW,"d50ret,d65ret,d80",0.0,1,score_desc,d65ret,21,3,30,False,False,False,False,False,-14.562704717353132,16.17383323950596,-14.562704717353132,110,0.45454545454545453,1.345599356170615,5.786744590652178,0.052606769005928894,-2.3999999999999986,0.20909090909090908,102,0.45098039215686275,-2.3999999999999986,0.6048305649525034,0,0.6666666666666666,133,0.42105263157894735,1.115332198693273,2.5865066831937993,0.01944741867063007,-3.0384111342918954,0.21804511278195488,128,0.4296875,-3.0384111342918954,0.9693791038280405,20,0.5,371,0.40700808625336926,1.0493060155453866,2.9172819875020215,0.00786329376685181,-5.612922652729436,0.3746630727762803,341,0.39589442815249265,-5.612922652729436,1.7139241326071963,17,0.47058823529411764
SPXW,"d50ret,d65ret,d80",0.0,1,score_desc,d65ret,21,4,30,False,False,False,False,False,-14.562704717353132,16.17383323950596,-14.562704717353132,110,0.45454545454545453,1.345599356170615,5.786744590652178,0.052606769005928894,-2.3999999999999986,0.20909090909090908,102,0.45098039215686275,-2.3999999999999986,0.6048305649525034,0,0.6666666666666666,133,0.42105263157894735,1.115332198693273,2.5865066831937993,0.01944741867063007,-3.0384111342918954,0.21804511278195488,128,0.4296875,-3.0384111342918954,0.9693791038280405,20,0.5,371,0.40700808625336926,1.0493060155453866,2.9172819875020215,0.00786329376685181,-5.612922652729436,0.3746630727762803,341,0.39589442815249265,-5.612922652729436,1.7139241326071963,17,0.47058823529411764
SPXW,"d50ret,d65ret,d80",-999999.0,1,score_desc,d65ret,21,2,30,False,False,False,False,False,-14.562704717353132,16.17383323950596,-14.562704717353132,110,0.45454545454545453,1.345599356170615,5.786744590652178,0.052606769005928894,-2.3999999999999986,0.20909090909090908,102,0.46078431372549017,-2.3999999999999986,0.6048305649525034,0,0.6666666666666666,133,0.42105263157894735,1.115332198693273,2.5865066831937993,0.01944741867063007,-3.0384111342918954,0.21804511278195488,128,0.4296875,-3.0384111342918954,0.9693791038280405,20,0.5,376,0.4122340425531915,1.0453786144820305,2.7019356567773514,0.007185999087173807,-5.5109770877149415,0.3723404255319149,349,0.4068767908309456,-5.5109770877149415,1.591149662755008,19,0.47058823529411764
SPXW,"d50ret,d65ret,d80",-999999.0,1,score_desc,d65ret,21,3,30,False,False,False,False,False,-14.562704717353132,16.17383323950596,-14.562704717353132,110,0.45454545454545453,1.345599356170615,5.786744590652178,0.052606769005928894,-2.3999999999999986,0.20909090909090908,102,0.45098039215686275,-2.3999999999999986,0.6048305649525034,0,0.6666666666666666,133,0.42105263157894735,1.115332198693273,2.5865066831937993,0.01944741867063007,-3.0384111342918954,0.21804511278195488,128,0.4296875,-3.0384111342918954,0.9693791038280405,20,0.5,376,0.4122340425531915,1.0453786144820305,2.7019356567773514,0.007185999087173807,-5.5109770877149415,0.3723404255319149,349,0.4068767908309456,-5.5109770877149415,1.591149662755008,19,0.47058823529411764
SPXW,"d50ret,d65ret,d80",-999999.0,1,score_desc,d65ret,21,4,30,False,False,False,False,False,-14.562704717353132,16.17383323950596,-14.562704717353132,110,0.45454545454545453,1.345599356170615,5.786744590652178,0.052606769005928894,-2.3999999999999986,0.20909090909090908,102,0.45098039215686275,-2.3999999999999986,0.6048305649525034,0,0.6666666666666666,133,0.42105263157894735,1.115332198693273,2.5865066831937993,0.01944741867063007,-3.0384111342918954,0.21804511278195488,128,0.4296875,-3.0384111342918954,0.9693791038280405,20,0.5,376,0.4122340425531915,1.0453786144820305,2.7019356567773514,0.007185999087173807,-5.5109770877149415,0.3723404255319149,349,0.4068767908309456,-5.5109770877149415,1.591149662755008,19,0.47058823529411764
SPXW,"d50ret,d65ret,d80",-999999.0,1,score_desc,d65ret,21,2,0,False,False,False,False,False,-14.562704717353132,16.17383323950596,-14.562704717353132,110,0.45454545454545453,1.345599356170615,5.786744590652178,0.052606769005928894,-2.3999999999999986,0.20909090909090908,102,0.46078431372549017,-2.3999999999999986,0.6048305649525034,0,0.6666666666666666,133,0.42105263157894735,1.115332198693273,2.5865066831937993,0.01944741867063007,-3.0384111342918954,0.21804511278195488,128,0.4296875,-3.0384111342918954,0.9693791038280405,20,0.5,381,0.4094488188976378,1.0429565464986092,2.5967173870269966,0.006815531199545923,-4.44780927695994,0.36220472440944884,349,0.41260744985673353,-4.447809276959939,1.4880000731418703,19,0.5294117647058824
SPXW,"d50ret,d65ret,d80",-999999.0,1,score_desc,d65ret,21,3,0,False,False,False,False,False,-14.562704717353132,16.17383323950596,-14.562704717353132,110,0.45454545454545453,1.345599356170615,5.786744590652178,0.052606769005928894,-2.3999999999999986,0.20909090909090908,102,0.45098039215686275,-2.3999999999999986,0.6048305649525034,0,0.6666666666666666,133,0.42105263157894735,1.115332198693273,2.5865066831937993,0.01944741867063007,-3.0384111342918954,0.21804511278195488,128,0.4296875,-3.0384111342918954,0.9693791038280405,20,0.5,381,0.4094488188976378,1.0429565464986092,2.5967173870269966,0.006815531199545923,-4.44780927695994,0.36220472440944884,349,0.41260744985673353,-4.447809276959939,1.4880000731418703,19,0.5294117647058824
SPXW,"d50ret,d65ret,d80",-999999.0,1,score_desc,d65ret,21,4,0,False,False,False,False,False,-14.562704717353132,16.17383323950596,-14.562704717353132,110,0.45454545454545453,1.345599356170615,5.786744590652178,0.052606769005928894,-2.3999999999999986,0.20909090909090908,102,0.45098039215686275,-2.3999999999999986,0.6048305649525034,0,0.6666666666666666,133,0.42105263157894735,1.115332198693273,2.5865066831937993,0.01944741867063007,-3.0384111342918954,0.21804511278195488,128,0.4296875,-3.0384111342918954,0.9693791038280405,20,0.5,381,0.4094488188976378,1.0429565464986092,2.5967173870269966,0.006815531199545923,-4.44780927695994,0.36220472440944884,349,0.41260744985673353,-4.447809276959939,1.4880000731418703,19,0.5294117647058824
SPXW,"d50ret,d65ret,d80",0.0,1,score_desc,d65ret,21,2,0,False,False,False,False,False,-14.562704717353132,16.17383323950596,-14.562704717353132,110,0.45454545454545453,1.345599356170615,5.786744590652178,0.052606769005928894,-2.3999999999999986,0.20909090909090908,102,0.46078431372549017,-2.3999999999999986,0.6048305649525034,0,0.6666666666666666,133,0.42105263157894735,1.115332198693273,2.5865066831937993,0.01944741867063007,-3.0384111342918954,0.21804511278195488,128,0.4296875,-3.0384111342918954,0.9693791038280405,20,0.5,377,0.40318302387267907,1.0416079060868615,2.5120637177516674,0.006663298986078693,-4.3986910121872,0.3660477453580902,341,0.40175953079178883,-4.398691012187199,1.9903953728033104,17,0.5294117647058824
SPXW,"d50ret,d65ret,d80",0.0,1,score_desc,d65ret,21,3,0,False,False,False,False,False,-14.562704717353132,16.17383323950596,-14.562704717353132,110,0.45454545454545453,1.345599356170615,5.786744590652178,0.052606769005928894,-2.3999999999999986,0.20909090909090908,102,0.45098039215686275,-2.3999999999999986,0.6048305649525034,0,0.6666666666666666,133,0.42105263157894735,1.115332198693273,2.5865066831937993,0.01944741867063007,-3.0384111342918954,0.21804511278195488,128,0.4296875,-3.0384111342918954,0.9693791038280405,20,0.5,377,0.40318302387267907,1.033397509937467,2.0163637363057134,0.005348444923887834,-4.3986910121872,0.3660477453580902,341,0.40175953079178883,-4.398691012187199,2.356810209116189,17,0.5294117647058824
SPXW,"d50ret,d65ret,d80",0.0,1,score_desc,d65ret,21,4,0,False,False,False,False,False,-14.562704717353132,16.17383323950596,-14.562704717353132,110,0.45454545454545453,1.345599356170615,5.786744590652178,0.052606769005928894,-2.3999999999999986,0.20909090909090908,102,0.45098039215686275,-2.3999999999999986,0.6048305649525034,0,0.6666666666666666,133,0.42105263157894735,1.115332198693273,2.5865066831937993,0.01944741867063007,-3.0384111342918954,0.21804511278195488,128,0.4296875,-3.0384111342918954,0.9693791038280405,20,0.5,377,0.40318302387267907,1.033397509937467,2.0163637363057134,0.005348444923887834,-4.3986910121872,0.3660477453580902,341,0.40175953079178883,-4.398691012187199,2.356810209116189,17,0.5294117647058824
SPXW,"d50ret,d65ret,d80",-999999.0,1,score_desc,d65ret,21,2,15,False,False,False,False,False,-14.562704717353132,16.17383323950596,-14.562704717353132,110,0.45454545454545453,1.345599356170615,5.786744590652178,0.052606769005928894,-2.3999999999999986,0.20909090909090908,102,0.46078431372549017,-2.3999999999999986,0.6048305649525034,0,0.6666666666666666,133,0.42105263157894735,1.115332198693273,2.5865066831937993,0.01944741867063007,-3.0384111342918954,0.21804511278195488,128,0.4296875,-3.0384111342918954,0.9693791038280405,20,0.5,377,0.40848806366047746,1.0243080462911365,1.4619356949243238,0.003877813514388127,-5.394706498013844,0.3660477453580902,349,0.4068767908309456,-5.394706498013843,2.59873537684137,19,0.5294117647058824
SPXW,"d50ret,d65ret,d80",-999999.0,1,score_desc,d65ret,21,3,15,False,False,False,False,False,-14.562704717353132,16.17383323950596,-14.562704717353132,110,0.45454545454545453,1.345599356170615,5.786744590652178,0.052606769005928894,-2.3999999999999986,0.20909090909090908,102,0.45098039215686275,-2.3999999999999986,0.6048305649525034,0,0.6666666666666666,133,0.42105263157894735,1.115332198693273,2.5865066831937993,0.01944741867063007,-3.0384111342918954,0.21804511278195488,128,0.4296875,-3.0384111342918954,0.9693791038280405,20,0.5,377,0.40848806366047746,1.0243080462911365,1.4619356949243238,0.003877813514388127,-5.394706498013844,0.3660477453580902,349,0.4068767908309456,-5.394706498013843,2.59873537684137,19,0.5294117647058824
SPXW,"d50ret,d65ret,d80",-999999.0,1,score_desc,d65ret,21,4,15,False,False,False,False,False,-14.562704717353132,16.17383323950596,-14.562704717353132,110,0.45454545454545453,1.345599356170615,5.786744590652178,0.052606769005928894,-2.3999999999999986,0.20909090909090908,102,0.45098039215686275,-2.3999999999999986,0.6048305649525034,0,0.6666666666666666,133,0.42105263157894735,1.115332198693273,2.5865066831937993,0.01944741867063007,-3.0384111342918954,0.21804511278195488,128,0.4296875,-3.0384111342918954,0.9693791038280405,20,0.5,377,0.40848806366047746,1.0243080462911365,1.4619356949243238,0.003877813514388127,-5.394706498013844,0.3660477453580902,349,0.4068767908309456,-5.394706498013843,2.59873537684137,19,0.5294117647058824
SPXW,"d50ret,d65ret,d80",0.0,1,score_desc,d65ret,21,2,15,False,False,False,False,False,-14.562704717353132,16.17383323950596,-14.562704717353132,110,0.45454545454545453,1.345599356170615,5.786744590652178,0.052606769005928894,-2.3999999999999986,0.20909090909090908,102,0.46078431372549017,-2.3999999999999986,0.6048305649525034,0,0.6666666666666666,133,0.42105263157894735,1.115332198693273,2.5865066831937993,0.01944741867063007,-3.0384111342918954,0.21804511278195488,128,0.4296875,-3.0384111342918954,0.9693791038280405,20,0.5,373,0.40214477211796246,1.0229291507291831,1.3772820256489948,0.0036924451089785384,-5.345588233241104,0.3699731903485255,341,0.39589442815249265,-5.345588233241104,3.630338526812567,17,0.5294117647058824
SPXW,"d50ret,d65ret,d80",0.0,1,score_desc,d65ret,21,3,15,False,False,False,False,False,-14.562704717353132,16.17383323950596,-14.562704717353132,110,0.45454545454545453,1.345599356170615,5.786744590652178,0.052606769005928894,-2.3999999999999986,0.20909090909090908,102,0.45098039215686275,-2.3999999999999986,0.6048305649525034,0,0.6666666666666666,133,0.42105263157894735,1.115332198693273,2.5865066831937993,0.01944741867063007,-3.0384111342918954,0.21804511278195488,128,0.4296875,-3.0384111342918954,0.9693791038280405,20,0.5,373,0.40214477211796246,1.0229291507291831,1.3772820256489948,0.0036924451089785384,-5.345588233241104,0.3699731903485255,341,0.39589442815249265,-5.345588233241104,3.630338526812567,17,0.5294117647058824
SPXW,"d50ret,d65ret,d80",0.0,1,score_desc,d65ret,21,4,15,False,False,False,False,False,-14.562704717353132,16.17383323950596,-14.562704717353132,110,0.45454545454545453,1.345599356170615,5.786744590652178,0.052606769005928894,-2.3999999999999986,0.20909090909090908,102,0.45098039215686275,-2.3999999999999986,0.6048305649525034,0,0.6666666666666666,133,0.42105263157894735,1.115332198693273,2.5865066831937993,0.01944741867063007,-3.0384111342918954,0.21804511278195488,128,0.4296875,-3.0384111342918954,0.9693791038280405,20,0.5,373,0.40214477211796246,1.0229291507291831,1.3772820256489948,0.0036924451089785384,-5.345588233241104,0.3699731903485255,341,0.39589442815249265,-5.345588233241104,3.630338526812567,17,0.5294117647058824
SPXW,"d80,d80_front",0.0,1,score_desc,d65ret,22,2,15,False,False,False,False,False,-14.563998188162982,23.464975688303284,-14.563998188162982,112,0.4732142857142857,1.3464380391387163,4.816535112684074,0.04300477779182209,-2.016069374745981,0.1875,101,0.504950495049505,-2.016069374745981,0.622854381794014,0,0.6666666666666666,134,0.4701492537313433,1.3496874866398794,6.6309113142296985,0.04948441279275895,-1.9774802861251226,0.13432835820895522,124,0.4838709677419355,-1.9774802861251226,0.564119826303443,20,0.8333333333333334,386,0.4533678756476684,1.1590666585848364,7.910761650787954,0.02049420116784444,-5.157809295116802,0.4015544041450777,342,0.4502923976608187,-5.157809295116802,0.5399231997496259,19,0.5882352941176471
SPXW,"d65ret,d80_zero",-999999.0,1,score_desc,d80,22,3,30,False,False,False,False,False,-14.585327009343603,-12.599761872529186,-14.585327009343603,109,0.45871559633027525,1.387566864020665,6.277112410803994,0.05758818725508252,-2.3999999999999986,0.1834862385321101,102,0.46078431372549017,-2.3999999999999986,0.5011853605078164,0,0.5,135,0.37777777777777777,0.935626542487802,-1.4939322032322504,-0.01106616446838704,-3.6651203323243133,0.22962962962962963,124,0.3870967741935484,-3.6651203323243133,-2.0081232558674635,21,0.3333333333333333,381,0.4225721784776903,1.0397233147758895,2.232471581901059,0.005859505464307242,-4.135200363539887,0.4435695538057743,347,0.4092219020172911,-4.135200363539886,2.2487189216387735,20,0.47058823529411764
SPXW,"d65ret,d80_zero",-999999.0,1,score_desc,d80,22,4,30,False,False,False,False,False,-14.585327009343603,-12.599761872529186,-14.585327009343603,109,0.45871559633027525,1.387566864020665,6.277112410803994,0.05758818725508252,-2.3999999999999986,0.1834862385321101,102,0.46078431372549017,-2.3999999999999986,0.5011853605078164,0,0.5,135,0.37777777777777777,0.935626542487802,-1.4939322032322504,-0.01106616446838704,-3.6651203323243133,0.22962962962962963,124,0.3870967741935484,-3.6651203323243133,-2.0081232558674635,21,0.3333333333333333,381,0.4225721784776903,1.0397233147758895,2.232471581901059,0.005859505464307242,-4.135200363539887,0.4435695538057743,347,0.4092219020172911,-4.135200363539886,2.2487189216387735,20,0.47058823529411764
SPXW,"d65ret,d80_zero",0.0,1,score_desc,d80,22,3,30,False,False,False,False,False,-14.585327009343603,-12.599761872529186,-14.585327009343603,109,0.45871559633027525,1.387566864020665,6.277112410803994,0.05758818725508252,-2.3999999999999986,0.1834862385321101,102,0.46078431372549017,-2.3999999999999986,0.5011853605078164,0,0.5,135,0.37777777777777777,0.935626542487802,-1.4939322032322504,-0.01106616446838704,-3.6651203323243133,0.22962962962962963,124,0.3870967741935484,-3.6651203323243133,-2.0081232558674635,21,0.3333333333333333,367,0.4196185286103542,1.0282137847889332,1.5468822666576052,0.004214938056287753,-5.179187128710071,0.41689373297002724,327,0.40672782874617736,-5.179187128710071,3.245367276133468,15,0.47058823529411764
SPXW,"d65ret,d80_zero",0.0,1,score_desc,d80,22,4,30,False,False,False,False,False,-14.585327009343603,-12.599761872529186,-14.585327009343603,109,0.45871559633027525,1.387566864020665,6.277112410803994,0.05758818725508252,-2.3999999999999986,0.1834862385321101,102,0.46078431372549017,-2.3999999999999986,0.5011853605078164,0,0.5,135,0.37777777777777777,0.935626542487802,-1.4939322032322504,-0.01106616446838704,-3.6651203323243133,0.22962962962962963,124,0.3870967741935484,-3.6651203323243133,-2.0081232558674635,21,0.3333333333333333,367,0.4196185286103542,1.0282137847889332,1.5468822666576052,0.004214938056287753,-5.179187128710071,0.41689373297002724,327,0.40672782874617736,-5.179187128710071,3.245367276133468,15,0.47058823529411764
SPXW,"d65ret,d80_zero",-999999.0,1,score_desc,d80,22,3,15,False,False,False,False,False,-14.585327009343603,-12.599761872529186,-14.585327009343603,109,0.45871559633027525,1.387566864020665,6.277112410803994,0.05758818725508252,-2.3999999999999986,0.1834862385321101,102,0.46078431372549017,-2.3999999999999986,0.5011853605078164,0,0.5,135,0.37777777777777777,0.935626542487802,-1.4939322032322504,-0.01106616446838704,-3.6651203323243133,0.22962962962962963,123,0.3902439024390244,-3.6651203323243133,-2.0081232558674635,21,0.3333333333333333,383,0.4177545691906005,1.0120262013522103,0.6867025431943813,0.0017929570318391157,-4.135200363539887,0.4490861618798956,347,0.4092219020172911,-4.135200363539886,7.310590499474406,20,0.4117647058823529
SPXW,"d65ret,d80_zero",-999999.0,1,score_desc,d80,22,4,15,False,False,False,False,False,-14.585327009343603,-12.599761872529186,-14.585327009343603,109,0.45871559633027525,1.387566864020665,6.277112410803994,0.05758818725508252,-2.3999999999999986,0.1834862385321101,102,0.46078431372549017,-2.3999999999999986,0.5011853605078164,0,0.5,135,0.37777777777777777,0.935626542487802,-1.4939322032322504,-0.01106616446838704,-3.6651203323243133,0.22962962962962963,123,0.3902439024390244,-3.6651203323243133,-2.0081232558674635,21,0.3333333333333333,383,0.4177545691906005,1.0120262013522103,0.6867025431943813,0.0017929570318391157,-4.135200363539887,0.4490861618798956,347,0.4092219020172911,-4.135200363539886,7.310590499474406,20,0.4117647058823529
SPXW,"d65ret,d80_zero",0.0,1,score_desc,d80,22,3,15,False,False,False,False,False,-14.585327009343603,-12.599761872529186,-14.585327009343603,109,0.45871559633027525,1.387566864020665,6.277112410803994,0.05758818725508252,-2.3999999999999986,0.1834862385321101,102,0.46078431372549017,-2.3999999999999986,0.5011853605078164,0,0.5,135,0.37777777777777777,0.935626542487802,-1.4939322032322504,-0.01106616446838704,-3.6651203323243133,0.22962962962962963,123,0.3902439024390244,-3.6651203323243133,-2.0081232558674635,21,0.3333333333333333,367,0.4141689373297003,1.0081085981380011,0.4494367312883045,0.0012246232460171786,-5.179187128710071,0.4196185286103542,324,0.404320987654321,-5.179187128710071,11.169983979394422,15,0.47058823529411764
SPXW,"d65ret,d80_zero",0.0,1,score_desc,d80,22,4,15,False,False,False,False,False,-14.585327009343603,-12.599761872529186,-14.585327009343603,109,0.45871559633027525,1.387566864020665,6.277112410803994,0.05758818725508252,-2.3999999999999986,0.1834862385321101,102,0.46078431372549017,-2.3999999999999986,0.5011853605078164,0,0.5,135,0.37777777777777777,0.935626542487802,-1.4939322032322504,-0.01106616446838704,-3.6651203323243133,0.22962962962962963,123,0.3902439024390244,-3.6651203323243133,-2.0081232558674635,21,0.3333333333333333,367,0.4141689373297003,1.0081085981380011,0.4494367312883045,0.0012246232460171786,-5.179187128710071,0.4196185286103542,324,0.404320987654321,-5.179187128710071,11.169983979394422,15,0.47058823529411764
SPXW,"d65ret,d80_zero",-999999.0,1,score_desc,d80,22,3,0,False,False,False,False,False,-14.585327009343603,-11.126868150354266,-14.585327009343603,109,0.45871559633027525,1.387566864020665,6.277112410803994,0.05758818725508252,-2.3999999999999986,0.1834862385321101,102,0.46078431372549017,-2.3999999999999986,0.5011853605078164,0,0.5,135,0.3851851851851852,0.9577443371338938,-0.9679618743073642,-0.007170087957832328,-3.3441469360129936,0.23703703703703705,123,0.3902439024390244,-3.3441469360129936,-3.099295622719317,21,0.3333333333333333,386,0.4119170984455959,1.0055307991212128,0.32317163679720495,0.0008372322196818781,-4.284779269176966,0.45077720207253885,344,0.40406976744186046,-4.284779269176967,15.534163635133638,20,0.4117647058823529
SPXW,"d65ret,d80_zero",-999999.0,1,score_desc,d80,22,4,0,False,False,False,False,False,-14.585327009343603,-11.126868150354266,-14.585327009343603,109,0.45871559633027525,1.387566864020665,6.277112410803994,0.05758818725508252,-2.3999999999999986,0.1834862385321101,102,0.46078431372549017,-2.3999999999999986,0.5011853605078164,0,0.5,135,0.3851851851851852,0.9577443371338938,-0.9679618743073642,-0.007170087957832328,-3.3441469360129936,0.23703703703703705,123,0.3902439024390244,-3.3441469360129936,-3.099295622719317,21,0.3333333333333333,386,0.4119170984455959,1.0055307991212128,0.32317163679720495,0.0008372322196818781,-4.284779269176966,0.45077720207253885,344,0.40406976744186046,-4.284779269176967,15.534163635133638,20,0.4117647058823529
SPXW,"d65ret,d80_zero",0.0,1,score_desc,d80,22,3,0,False,False,False,False,False,-14.585327009343603,-11.126868150354266,-14.585327009343603,109,0.45871559633027525,1.387566864020665,6.277112410803994,0.05758818725508252,-2.3999999999999986,0.1834862385321101,102,0.46078431372549017,-2.3999999999999986,0.5011853605078164,0,0.5,135,0.3851851851851852,0.9577443371338938,-0.9679618743073642,-0.007170087957832328,-3.3441469360129936,0.23703703703703705,123,0.3902439024390244,-3.3441469360129936,-3.099295622719317,21,0.3333333333333333,371,0.40431266846361186,0.9812182122806841,-1.0750758101031543,-0.002897778463889904,-5.17918712871007,0.41778975741239893,319,0.3949843260188088,-5.17918712871007,-4.669625193929408,15,0.47058823529411764
SPXW,"d65ret,d80_zero",0.0,1,score_desc,d80,22,4,0,False,False,False,False,False,-14.585327009343603,-11.126868150354266,-14.585327009343603,109,0.45871559633027525,1.387566864020665,6.277112410803994,0.05758818725508252,-2.3999999999999986,0.1834862385321101,102,0.46078431372549017,-2.3999999999999986,0.5011853605078164,0,0.5,135,0.3851851851851852,0.9577443371338938,-0.9679618743073642,-0.007170087957832328,-3.3441469360129936,0.23703703703703705,123,0.3902439024390244,-3.3441469360129936,-3.099295622719317,21,0.3333333333333333,371,0.40431266846361186,0.9812182122806841,-1.0750758101031543,-0.002897778463889904,-5.17918712871007,0.41778975741239893,319,0.3949843260188088,-5.17918712871007,-4.669625193929408,15,0.47058823529411764
SPXW,"d80,d80_front",0.0,1,score_desc,d65ret,22,3,15,False,False,False,False,False,-14.601621822973987,23.464975688303284,-14.601621822973987,112,0.4732142857142857,1.3427021636166065,4.777851959513423,0.042659392495655556,-2.016069374745981,0.1875,101,0.504950495049505,-2.016069374745981,0.6278972277545244,0,0.6666666666666666,134,0.4701492537313433,1.3496874866398794,6.6309113142296985,0.04948441279275895,-1.9774802861251226,0.13432835820895522,124,0.4838709677419355,-1.9774802861251226,0.564119826303443,20,0.8333333333333334,386,0.45595854922279794,1.166793026706872,8.244974327929619,0.02136003711898865,-5.157809295116802,0.40414507772020725,342,0.45321637426900585,-5.157809295116802,0.5180372397863608,19,0.5882352941176471
SPXW,"d80,d80_front",0.0,1,score_desc,d65ret,22,4,15,False,False,False,False,False,-14.601621822973987,23.464975688303284,-14.601621822973987,112,0.4732142857142857,1.3427021636166065,4.777851959513423,0.042659392495655556,-2.016069374745981,0.1875,101,0.504950495049505,-2.016069374745981,0.6278972277545244,0,0.6666666666666666,134,0.4701492537313433,1.3496874866398794,6.6309113142296985,0.04948441279275895,-1.9774802861251226,0.13432835820895522,124,0.4838709677419355,-1.9774802861251226,0.564119826303443,20,0.8333333333333334,386,0.45595854922279794,1.166793026706872,8.244974327929619,0.02136003711898865,-5.157809295116802,0.40414507772020725,342,0.45321637426900585,-5.157809295116802,0.5180372397863608,19,0.5882352941176471
SPXW,"d65ret,d80_front,d80_zero",0.0,1,score_desc,d80,21,2,30,False,False,False,False,False,-14.294696062036873,-14.61008089311254,-14.61008089311254,107,0.4672897196261682,1.4023046654155182,6.163305035811724,0.05760098164310022,-2.3999999999999986,0.18691588785046728,102,0.4803921568627451,-2.3999999999999986,0.4293146016921753,0,0.5,135,0.3925925925925926,0.8865401820984001,-2.550104689725785,-0.018889664368339148,-3.9081972316848117,0.2222222222222222,128,0.3984375,-3.9081972316848117,-0.9803519087166681,21,0.3333333333333333,374,0.43315508021390375,1.0337003189390548,1.7220022575748448,0.004604284111162687,-4.571876747441216,0.37967914438502676,345,0.42318840579710143,-4.571876747441218,2.9035966579054735,20,0.5294117647058824
SPXW,"d65ret,d80_front,d80_zero",0.0,1,score_desc,d80,21,3,30,False,False,False,False,False,-14.294696062036873,-14.61008089311254,-14.61008089311254,107,0.4672897196261682,1.4023046654155182,6.163305035811724,0.05760098164310022,-2.3999999999999986,0.18691588785046728,102,0.4803921568627451,-2.3999999999999986,0.4293146016921753,0,0.5,135,0.3925925925925926,0.8865401820984001,-2.550104689725785,-0.018889664368339148,-3.9081972316848117,0.2222222222222222,128,0.3984375,-3.9081972316848117,-0.9803519087166681,21,0.3333333333333333,374,0.43315508021390375,1.0337003189390548,1.7220022575748448,0.004604284111162687,-4.571876747441216,0.37967914438502676,345,0.42318840579710143,-4.571876747441218,2.9035966579054735,20,0.5294117647058824
SPXW,"d65ret,d80_front,d80_zero",0.0,1,score_desc,d80,21,4,30,False,False,False,False,False,-14.294696062036873,-14.61008089311254,-14.61008089311254,107,0.4672897196261682,1.4023046654155182,6.163305035811724,0.05760098164310022,-2.3999999999999986,0.18691588785046728,102,0.4803921568627451,-2.3999999999999986,0.4293146016921753,0,0.5,135,0.3925925925925926,0.8865401820984001,-2.550104689725785,-0.018889664368339148,-3.9081972316848117,0.2222222222222222,128,0.3984375,-3.9081972316848117,-0.9803519087166681,21,0.3333333333333333,374,0.43315508021390375,1.0337003189390548,1.7220022575748448,0.004604284111162687,-4.571876747441216,0.37967914438502676,345,0.42318840579710143,-4.571876747441218,2.9035966579054735,20,0.5294117647058824
SPXW,"d65ret,d80_front,d80_zero",0.0,1,score_desc,d80,21,2,15,False,False,False,False,False,-14.294696062036873,-14.61008089311254,-14.61008089311254,107,0.4672897196261682,1.4023046654155182,6.163305035811724,0.05760098164310022,-2.3999999999999986,0.18691588785046728,102,0.4803921568627451,-2.3999999999999986,0.4293146016921753,0,0.5,135,0.3925925925925926,0.8865401820984001,-2.550104689725785,-0.018889664368339148,-3.9081972316848117,0.2222222222222222,128,0.3984375,-3.9081972316848117,-0.9803519087166681,21,0.3333333333333333,374,0.4304812834224599,1.0234168005123394,1.2035651506598288,0.0032180886381278848,-5.090313854356235,0.38235294117647056,345,0.4260869565217391,-5.090313854356235,4.154324339865488,20,0.5294117647058824
SPXW,"d65ret,d80_front,d80_zero",0.0,1,score_desc,d80,21,3,15,False,False,False,False,False,-14.294696062036873,-14.61008089311254,-14.61008089311254,107,0.4672897196261682,1.4023046654155182,6.163305035811724,0.05760098164310022,-2.3999999999999986,0.18691588785046728,102,0.4803921568627451,-2.3999999999999986,0.4293146016921753,0,0.5,135,0.3925925925925926,0.8865401820984001,-2.550104689725785,-0.018889664368339148,-3.9081972316848117,0.2222222222222222,128,0.3984375,-3.9081972316848117,-0.9803519087166681,21,0.3333333333333333,374,0.4304812834224599,1.0234168005123394,1.2035651506598288,0.0032180886381278848,-5.090313854356235,0.38235294117647056,345,0.4260869565217391,-5.090313854356235,4.154324339865488,20,0.5294117647058824
SPXW,"d65ret,d80_front,d80_zero",0.0,1,score_desc,d80,21,4,15,False,False,False,False,False,-14.294696062036873,-14.61008089311254,-14.61008089311254,107,0.4672897196261682,1.4023046654155182,6.163305035811724,0.05760098164310022,-2.3999999999999986,0.18691588785046728,102,0.4803921568627451,-2.3999999999999986,0.4293146016921753,0,0.5,135,0.3925925925925926,0.8865401820984001,-2.550104689725785,-0.018889664368339148,-3.9081972316848117,0.2222222222222222,128,0.3984375,-3.9081972316848117,-0.9803519087166681,21,0.3333333333333333,374,0.4304812834224599,1.0234168005123394,1.2035651506598288,0.0032180886381278848,-5.090313854356235,0.38235294117647056,345,0.4260869565217391,-5.090313854356235,4.154324339865488,20,0.5294117647058824
SPXW,"d65ret,d80_front,d80_zero",-999999.0,1,score_desc,d80,21,2,30,False,False,False,False,False,-14.294696062036873,-14.61008089311254,-14.61008089311254,107,0.4672897196261682,1.4023046654155182,6.163305035811724,0.05760098164310022,-2.3999999999999986,0.18691588785046728,102,0.4803921568627451,-2.3999999999999986,0.4293146016921753,0,0.5,135,0.3925925925925926,0.8865401820984001,-2.550104689725785,-0.018889664368339148,-3.9081972316848117,0.2222222222222222,128,0.3984375,-3.9081972316848117,-0.9803519087166681,21,0.3333333333333333,378,0.42592592592592593,1.0141879856749274,0.7389142565299949,0.001954799620449722,-5.287853042172854,0.3915343915343915,351,0.4188034188034188,-5.287853042172855,6.76668497841743,20,0.5294117647058824
SPXW,"d65ret,d80_front,d80_zero",-999999.0,1,score_desc,d80,21,3,30,False,False,False,False,False,-14.294696062036873,-14.61008089311254,-14.61008089311254,107,0.4672897196261682,1.4023046654155182,6.163305035811724,0.05760098164310022,-2.3999999999999986,0.18691588785046728,102,0.4803921568627451,-2.3999999999999986,0.4293146016921753,0,0.5,135,0.3925925925925926,0.8865401820984001,-2.550104689725785,-0.018889664368339148,-3.9081972316848117,0.2222222222222222,128,0.3984375,-3.9081972316848117,-0.9803519087166681,21,0.3333333333333333,378,0.42592592592592593,1.0141879856749274,0.7389142565299949,0.001954799620449722,-5.287853042172854,0.3915343915343915,351,0.4188034188034188,-5.287853042172855,6.76668497841743,20,0.5294117647058824
SPXW,"d65ret,d80_front,d80_zero",-999999.0,1,score_desc,d80,21,4,30,False,False,False,False,False,-14.294696062036873,-14.61008089311254,-14.61008089311254,107,0.4672897196261682,1.4023046654155182,6.163305035811724,0.05760098164310022,-2.3999999999999986,0.18691588785046728,102,0.4803921568627451,-2.3999999999999986,0.4293146016921753,0,0.5,135,0.3925925925925926,0.8865401820984001,-2.550104689725785,-0.018889664368339148,-3.9081972316848117,0.2222222222222222,128,0.3984375,-3.9081972316848117,-0.9803519087166681,21,0.3333333333333333,378,0.42592592592592593,1.0141879856749274,0.7389142565299949,0.001954799620449722,-5.287853042172854,0.3915343915343915,351,0.4188034188034188,-5.287853042172855,6.76668497841743,20,0.5294117647058824
SPXW,"d65ret,d80_front,d80_zero",-999999.0,1,score_desc,d80,21,2,15,False,False,False,False,False,-14.294696062036873,-14.61008089311254,-14.61008089311254,107,0.4672897196261682,1.4023046654155182,6.163305035811724,0.05760098164310022,-2.3999999999999986,0.18691588785046728,102,0.4803921568627451,-2.3999999999999986,0.4293146016921753,0,0.5,135,0.3925925925925926,0.8865401820984001,-2.550104689725785,-0.018889664368339148,-3.9081972316848117,0.2222222222222222,128,0.3984375,-3.9081972316848117,-0.9803519087166681,21,0.3333333333333333,378,0.42328042328042326,1.0042091633072288,0.22047714961497888,0.0005832728825793092,-5.806290149087872,0.3915343915343915,351,0.4188034188034188,-5.806290149087874,22.678087088532948,20,0.5294117647058824
SPXW,"d65ret,d80_front,d80_zero",-999999.0,1,score_desc,d80,21,3,15,False,False,False,False,False,-14.294696062036873,-14.61008089311254,-14.61008089311254,107,0.4672897196261682,1.4023046654155182,6.163305035811724,0.05760098164310022,-2.3999999999999986,0.18691588785046728,102,0.4803921568627451,-2.3999999999999986,0.4293146016921753,0,0.5,135,0.3925925925925926,0.8865401820984001,-2.550104689725785,-0.018889664368339148,-3.9081972316848117,0.2222222222222222,128,0.3984375,-3.9081972316848117,-0.9803519087166681,21,0.3333333333333333,378,0.42328042328042326,1.0042091633072288,0.22047714961497888,0.0005832728825793092,-5.806290149087872,0.3915343915343915,351,0.4188034188034188,-5.806290149087874,22.678087088532948,20,0.5294117647058824
SPXW,"d65ret,d80_front,d80_zero",-999999.0,1,score_desc,d80,21,4,15,False,False,False,False,False,-14.294696062036873,-14.61008089311254,-14.61008089311254,107,0.4672897196261682,1.4023046654155182,6.163305035811724,0.05760098164310022,-2.3999999999999986,0.18691588785046728,102,0.4803921568627451,-2.3999999999999986,0.4293146016921753,0,0.5,135,0.3925925925925926,0.8865401820984001,-2.550104689725785,-0.018889664368339148,-3.9081972316848117,0.2222222222222222,128,0.3984375,-3.9081972316848117,-0.9803519087166681,21,0.3333333333333333,378,0.42328042328042326,1.0042091633072288,0.22047714961497888,0.0005832728825793092,-5.806290149087872,0.3915343915343915,351,0.4188034188034188,-5.806290149087874,22.678087088532948,20,0.5294117647058824
SPXW,"d65ret,d80",0.0,1,score_desc,d80_zero,21,2,0,False,False,False,False,False,-14.61419709649094,17.155115545782994,-14.61419709649094,104,0.4519230769230769,1.350785071308677,5.557868075454635,0.05344103918706379,-2.3999999999999986,0.22115384615384615,102,0.46078431372549017,-2.3999999999999986,0.44981276382590274,0,0.6666666666666666,134,0.44029850746268656,1.1305951609075873,2.8504456168987873,0.02127198221566259,-2.4225310215837164,0.1865671641791045,128,0.4375,-2.4225310215837164,0.9563312882603502,20,0.5,357,0.4173669467787115,1.0791895711657766,4.4368089557156,0.012428036290519888,-4.613389685149856,0.38375350140056025,335,0.43283582089552236,-4.4316053399160635,0.7926601910878903,15,0.5882352941176471
SPXW,"d65ret,d80",0.0,1,score_desc,d80_zero,21,3,0,False,False,False,False,False,-14.61419709649094,17.155115545782994,-14.61419709649094,104,0.4519230769230769,1.350785071308677,5.557868075454635,0.05344103918706379,-2.3999999999999986,0.22115384615384615,102,0.46078431372549017,-2.3999999999999986,0.44981276382590274,0,0.6666666666666666,134,0.44029850746268656,1.1305951609075873,2.8504456168987873,0.02127198221566259,-2.4225310215837164,0.1865671641791045,128,0.4375,-2.4225310215837164,0.9563312882603502,20,0.5,357,0.4173669467787115,1.0791895711657766,4.4368089557156,0.012428036290519888,-4.613389685149856,0.38375350140056025,335,0.43283582089552236,-4.4316053399160635,0.7926601910878903,15,0.5882352941176471
SPXW,"d65ret,d80",0.0,1,score_desc,d80_zero,21,4,0,False,False,False,False,False,-14.61419709649094,17.155115545782994,-14.61419709649094,104,0.4519230769230769,1.350785071308677,5.557868075454635,0.05344103918706379,-2.3999999999999986,0.22115384615384615,102,0.46078431372549017,-2.3999999999999986,0.44981276382590274,0,0.6666666666666666,134,0.44029850746268656,1.1305951609075873,2.8504456168987873,0.02127198221566259,-2.4225310215837164,0.1865671641791045,128,0.4375,-2.4225310215837164,0.9563312882603502,20,0.5,357,0.4173669467787115,1.0791895711657766,4.4368089557156,0.012428036290519888,-4.613389685149856,0.38375350140056025,335,0.43283582089552236,-4.4316053399160635,0.7926601910878903,15,0.5882352941176471
SPXW,"d65ret,d80",0.0,1,score_desc,d80_zero,21,2,30,False,False,False,False,False,-14.61419709649094,17.065563306977037,-14.61419709649094,104,0.4519230769230769,1.350785071308677,5.557868075454635,0.05344103918706379,-2.3999999999999986,0.22115384615384615,102,0.46078431372549017,-2.3999999999999986,0.44981276382590274,0,0.6666666666666666,134,0.44029850746268656,1.1305951609075875,2.8504456168987873,0.02127198221566259,-2.4225310215837164,0.1791044776119403,128,0.4375,-2.4225310215837164,1.0524670185653022,20,0.5,355,0.4169014084507042,1.0713913567190247,3.9784755863251378,0.011206973482606021,-5.000681209426569,0.38309859154929576,337,0.43026706231454004,-5.0006812094265705,0.8839772315673514,15,0.5882352941176471
SPXW,"d65ret,d80",0.0,1,score_desc,d80_zero,21,3,30,False,False,False,False,False,-14.61419709649094,15.650823649243986,-14.61419709649094,104,0.4519230769230769,1.350785071308677,5.557868075454635,0.05344103918706379,-2.3999999999999986,0.22115384615384615,102,0.46078431372549017,-2.3999999999999986,0.44981276382590274,0,0.6666666666666666,134,0.43283582089552236,1.0926688939339284,2.050445616898787,0.015301832961931246,-2.4225310215837177,0.1791044776119403,128,0.4375,-2.4225310215837177,1.2192471623710484,20,0.5,355,0.4169014084507042,1.0713913567190247,3.9784755863251378,0.011206973482606021,-5.000681209426569,0.38309859154929576,337,0.43026706231454004,-5.0006812094265705,0.8839772315673514,15,0.5882352941176471
SPXW,"d65ret,d80",0.0,1,score_desc,d80_zero,21,4,30,False,False,False,False,False,-14.61419709649094,15.650823649243986,-14.61419709649094,104,0.4519230769230769,1.350785071308677,5.557868075454635,0.05344103918706379,-2.3999999999999986,0.22115384615384615,102,0.46078431372549017,-2.3999999999999986,0.44981276382590274,0,0.6666666666666666,134,0.43283582089552236,1.0926688939339284,2.050445616898787,0.015301832961931246,-2.4225310215837177,0.1791044776119403,128,0.4375,-2.4225310215837177,1.2192471623710484,20,0.5,355,0.4169014084507042,1.0713913567190247,3.9784755863251378,0.011206973482606021,-5.000681209426569,0.38309859154929576,337,0.43026706231454004,-5.0006812094265705,0.8839772315673514,15,0.5882352941176471
SPXW,"d65ret,d80",0.0,1,score_desc,d80_zero,21,2,15,False,False,False,False,False,-14.61419709649094,17.155115545782994,-14.61419709649094,104,0.4519230769230769,1.350785071308677,5.557868075454635,0.05344103918706379,-2.3999999999999986,0.22115384615384615,102,0.46078431372549017,-2.3999999999999986,0.44981276382590274,0,0.6666666666666666,134,0.44029850746268656,1.1305951609075873,2.8504456168987873,0.02127198221566259,-2.4225310215837164,0.1865671641791045,128,0.4375,-2.4225310215837164,0.9563312882603502,20,0.5,356,0.4157303370786517,1.0656545970611628,3.678475586325138,0.01033279659080095,-5.000681209426569,0.3848314606741573,336,0.43154761904761907,-5.000681209426569,0.9560704569393154,15,0.5882352941176471
SPXW,"d65ret,d80",0.0,1,score_desc,d80_zero,21,3,15,False,False,False,False,False,-14.61419709649094,17.155115545782994,-14.61419709649094,104,0.4519230769230769,1.350785071308677,5.557868075454635,0.05344103918706379,-2.3999999999999986,0.22115384615384615,102,0.46078431372549017,-2.3999999999999986,0.44981276382590274,0,0.6666666666666666,134,0.44029850746268656,1.1305951609075873,2.8504456168987873,0.02127198221566259,-2.4225310215837164,0.1865671641791045,128,0.4375,-2.4225310215837164,0.9563312882603502,20,0.5,356,0.4157303370786517,1.0656545970611628,3.678475586325138,0.01033279659080095,-5.000681209426569,0.3848314606741573,336,0.43154761904761907,-5.000681209426569,0.9560704569393154,15,0.5882352941176471
SPXW,"d65ret,d80",0.0,1,score_desc,d80_zero,21,4,15,False,False,False,False,False,-14.61419709649094,17.155115545782994,-14.61419709649094,104,0.4519230769230769,1.350785071308677,5.557868075454635,0.05344103918706379,-2.3999999999999986,0.22115384615384615,102,0.46078431372549017,-2.3999999999999986,0.44981276382590274,0,0.6666666666666666,134,0.44029850746268656,1.1305951609075873,2.8504456168987873,0.02127198221566259,-2.4225310215837164,0.1865671641791045,128,0.4375,-2.4225310215837164,0.9563312882603502,20,0.5,356,0.4157303370786517,1.0656545970611628,3.678475586325138,0.01033279659080095,-5.000681209426569,0.3848314606741573,336,0.43154761904761907,-5.000681209426569,0.9560704569393154,15,0.5882352941176471
SPXW,"d65ret,d80",-999999.0,1,score_desc,d80_zero,21,2,30,False,False,False,False,False,-14.61419709649094,17.065563306977037,-14.61419709649094,104,0.4519230769230769,1.350785071308677,5.557868075454635,0.05344103918706379,-2.3999999999999986,0.22115384615384615,102,0.46078431372549017,-2.3999999999999986,0.44981276382590274,0,0.6666666666666666,134,0.44029850746268656,1.1305951609075875,2.8504456168987873,0.02127198221566259,-2.4225310215837164,0.1791044776119403,128,0.4375,-2.4225310215837164,1.0524670185653022,20,0.5,365,0.41643835616438357,1.0593030099645153,3.38251859489477,0.009267174232588412,-5.00068120942657,0.38082191780821917,347,0.42939481268011526,-5.000681209426572,1.0397228384689488,19,0.5294117647058824
SPXW,"d65ret,d80",-999999.0,1,score_desc,d80_zero,21,3,30,False,False,False,False,False,-14.61419709649094,15.650823649243986,-14.61419709649094,104,0.4519230769230769,1.350785071308677,5.557868075454635,0.05344103918706379,-2.3999999999999986,0.22115384615384615,102,0.46078431372549017,-2.3999999999999986,0.44981276382590274,0,0.6666666666666666,134,0.43283582089552236,1.0926688939339284,2.050445616898787,0.015301832961931246,-2.4225310215837177,0.1791044776119403,128,0.4375,-2.4225310215837177,1.2192471623710484,20,0.5,365,0.41643835616438357,1.0593030099645153,3.38251859489477,0.009267174232588412,-5.00068120942657,0.38082191780821917,347,0.42939481268011526,-5.000681209426572,1.0397228384689488,19,0.5294117647058824
SPXW,"d65ret,d80",-999999.0,1,score_desc,d80_zero,21,4,30,False,False,False,False,False,-14.61419709649094,15.650823649243986,-14.61419709649094,104,0.4519230769230769,1.350785071308677,5.557868075454635,0.05344103918706379,-2.3999999999999986,0.22115384615384615,102,0.46078431372549017,-2.3999999999999986,0.44981276382590274,0,0.6666666666666666,134,0.43283582089552236,1.0926688939339284,2.050445616898787,0.015301832961931246,-2.4225310215837177,0.1791044776119403,128,0.4375,-2.4225310215837177,1.2192471623710484,20,0.5,365,0.41643835616438357,1.0593030099645153,3.38251859489477,0.009267174232588412,-5.00068120942657,0.38082191780821917,347,0.42939481268011526,-5.000681209426572,1.0397228384689488,19,0.5294117647058824
SPXW,"d65ret,d80",-999999.0,1,score_desc,d80_zero,21,2,15,False,False,False,False,False,-14.61419709649094,17.155115545782994,-14.61419709649094,104,0.4519230769230769,1.350785071308677,5.557868075454635,0.05344103918706379,-2.3999999999999986,0.22115384615384615,102,0.46078431372549017,-2.3999999999999986,0.44981276382590274,0,0.6666666666666666,134,0.44029850746268656,1.1305951609075873,2.8504456168987873,0.02127198221566259,-2.4225310215837164,0.1865671641791045,128,0.4375,-2.4225310215837164,0.9563312882603502,20,0.5,366,0.41530054644808745,1.0537605859297807,3.0825185948947706,0.0084221819532644,-5.000681209426572,0.3825136612021858,346,0.430635838150289,-5.000681209426574,1.1409117987098625,19,0.5294117647058824
SPXW,"d65ret,d80",-999999.0,1,score_desc,d80_zero,21,3,15,False,False,False,False,False,-14.61419709649094,17.155115545782994,-14.61419709649094,104,0.4519230769230769,1.350785071308677,5.557868075454635,0.05344103918706379,-2.3999999999999986,0.22115384615384615,102,0.46078431372549017,-2.3999999999999986,0.44981276382590274,0,0.6666666666666666,134,0.44029850746268656,1.1305951609075873,2.8504456168987873,0.02127198221566259,-2.4225310215837164,0.1865671641791045,128,0.4375,-2.4225310215837164,0.9563312882603502,20,0.5,366,0.41530054644808745,1.0537605859297807,3.0825185948947706,0.0084221819532644,-5.000681209426572,0.3825136612021858,346,0.430635838150289,-5.000681209426574,1.1409117987098625,19,0.5294117647058824
SPXW,"d65ret,d80",-999999.0,1,score_desc,d80_zero,21,4,15,False,False,False,False,False,-14.61419709649094,17.155115545782994,-14.61419709649094,104,0.4519230769230769,1.350785071308677,5.557868075454635,0.05344103918706379,-2.3999999999999986,0.22115384615384615,102,0.46078431372549017,-2.3999999999999986,0.44981276382590274,0,0.6666666666666666,134,0.44029850746268656,1.1305951609075873,2.8504456168987873,0.02127198221566259,-2.4225310215837164,0.1865671641791045,128,0.4375,-2.4225310215837164,0.9563312882603502,20,0.5,366,0.41530054644808745,1.0537605859297807,3.0825185948947706,0.0084221819532644,-5.000681209426572,0.3825136612021858,346,0.430635838150289,-5.000681209426574,1.1409117987098625,19,0.5294117647058824
SPXW,"d65ret,d80",-999999.0,1,score_desc,d80_zero,21,2,0,False,False,False,False,False,-14.61419709649094,17.155115545782994,-14.61419709649094,104,0.4519230769230769,1.350785071308677,5.557868075454635,0.05344103918706379,-2.3999999999999986,0.22115384615384615,102,0.46078431372549017,-2.3999999999999986,0.44981276382590274,0,0.6666666666666666,134,0.44029850746268656,1.1305951609075873,2.8504456168987873,0.02127198221566259,-2.4225310215837164,0.1865671641791045,128,0.4375,-2.4225310215837164,0.9563312882603502,20,0.5,367,0.4141689373297003,1.052757863488311,3.0408519642852343,0.008285700175164126,-4.61338968514986,0.3787465940054496,345,0.4289855072463768,-4.500681209426574,1.1565449012196978,19,0.5294117647058824
SPXW,"d65ret,d80",-999999.0,1,score_desc,d80_zero,21,3,0,False,False,False,False,False,-14.61419709649094,17.155115545782994,-14.61419709649094,104,0.4519230769230769,1.350785071308677,5.557868075454635,0.05344103918706379,-2.3999999999999986,0.22115384615384615,102,0.46078431372549017,-2.3999999999999986,0.44981276382590274,0,0.6666666666666666,134,0.44029850746268656,1.1305951609075873,2.8504456168987873,0.02127198221566259,-2.4225310215837164,0.1865671641791045,128,0.4375,-2.4225310215837164,0.9563312882603502,20,0.5,367,0.4141689373297003,1.052757863488311,3.0408519642852343,0.008285700175164126,-4.61338968514986,0.3787465940054496,345,0.4289855072463768,-4.500681209426574,1.1565449012196978,19,0.5294117647058824
SPXW,"d65ret,d80",-999999.0,1,score_desc,d80_zero,21,4,0,False,False,False,False,False,-14.61419709649094,17.155115545782994,-14.61419709649094,104,0.4519230769230769,1.350785071308677,5.557868075454635,0.05344103918706379,-2.3999999999999986,0.22115384615384615,102,0.46078431372549017,-2.3999999999999986,0.44981276382590274,0,0.6666666666666666,134,0.44029850746268656,1.1305951609075873,2.8504456168987873,0.02127198221566259,-2.4225310215837164,0.1865671641791045,128,0.4375,-2.4225310215837164,0.9563312882603502,20,0.5,367,0.4141689373297003,1.052757863488311,3.0408519642852343,0.008285700175164126,-4.61338968514986,0.3787465940054496,345,0.4289855072463768,-4.500681209426574,1.1565449012196978,19,0.5294117647058824
SPXW,"d65ret,d80_zero",-999999.0,1,score_desc,d80,21,2,30,False,False,False,False,False,-14.640199626700259,-12.372811470515206,-14.640199626700259,107,0.45794392523364486,1.3822995728409657,6.077112410803994,0.05679544309162611,-2.3999999999999986,0.18691588785046728,102,0.47058823529411764,-2.3999999999999986,0.43540363707157864,0,0.5,132,0.3787878787878788,0.9383414180897381,-1.3939322032322496,-0.010560092448729163,-3.8651203323243135,0.22727272727272727,124,0.3790322580645161,-3.8651203323243135,-2.1521850151991617,21,0.3333333333333333,375,0.424,1.0458778637066704,2.5403691340581824,0.00677431769082182,-4.135200363539886,0.448,347,0.414985590778098,-4.135200363539886,1.968217899110045,20,0.47058823529411764
SPXW,"d65ret,d80_zero",-999999.0,1,score_desc,d80,21,3,30,False,False,False,False,False,-14.640199626700259,-12.372811470515206,-14.640199626700259,107,0.45794392523364486,1.3822995728409657,6.077112410803994,0.05679544309162611,-2.3999999999999986,0.18691588785046728,102,0.47058823529411764,-2.3999999999999986,0.43540363707157864,0,0.5,132,0.3787878787878788,0.9383414180897381,-1.3939322032322496,-0.010560092448729163,-3.8651203323243135,0.22727272727272727,124,0.3790322580645161,-3.8651203323243135,-2.1521850151991617,21,0.3333333333333333,375,0.424,1.0458778637066704,2.5403691340581824,0.00677431769082182,-4.135200363539886,0.448,347,0.414985590778098,-4.135200363539886,1.968217899110045,20,0.47058823529411764
SPXW,"d65ret,d80_zero",-999999.0,1,score_desc,d80,21,4,30,False,False,False,False,False,-14.640199626700259,-12.372811470515206,-14.640199626700259,107,0.45794392523364486,1.3822995728409657,6.077112410803994,0.05679544309162611,-2.3999999999999986,0.18691588785046728,102,0.47058823529411764,-2.3999999999999986,0.43540363707157864,0,0.5,132,0.3787878787878788,0.9383414180897381,-1.3939322032322496,-0.010560092448729163,-3.8651203323243135,0.22727272727272727,124,0.3790322580645161,-3.8651203323243135,-2.1521850151991617,21,0.3333333333333333,375,0.424,1.0458778637066704,2.5403691340581824,0.00677431769082182,-4.135200363539886,0.448,347,0.414985590778098,-4.135200363539886,1.968217899110045,20,0.47058823529411764
SPXW,"d65ret,d80_zero",0.0,1,score_desc,d80,21,2,30,False,False,False,False,False,-14.640199626700259,-12.372811470515206,-14.640199626700259,107,0.45794392523364486,1.3822995728409657,6.077112410803994,0.05679544309162611,-2.3999999999999986,0.18691588785046728,102,0.47058823529411764,-2.3999999999999986,0.43540363707157864,0,0.5,132,0.3787878787878788,0.9383414180897381,-1.3939322032322496,-0.010560092448729163,-3.8651203323243135,0.22727272727272727,124,0.3790322580645161,-3.8651203323243135,-2.1521850151991617,21,0.3333333333333333,359,0.4206128133704735,1.040698766346106,2.1819387226970397,0.0060778237401031745,-5.179187128710071,0.4206128133704735,324,0.4074074074074074,-5.17918712871007,2.2915400638839323,15,0.47058823529411764
SPXW,"d65ret,d80_zero",0.0,1,score_desc,d80,21,3,30,False,False,False,False,False,-14.640199626700259,-12.372811470515206,-14.640199626700259,107,0.45794392523364486,1.3822995728409657,6.077112410803994,0.05679544309162611,-2.3999999999999986,0.18691588785046728,102,0.47058823529411764,-2.3999999999999986,0.43540363707157864,0,0.5,132,0.3787878787878788,0.9383414180897381,-1.3939322032322496,-0.010560092448729163,-3.8651203323243135,0.22727272727272727,124,0.3790322580645161,-3.8651203323243135,-2.1521850151991617,21,0.3333333333333333,359,0.4206128133704735,1.040698766346106,2.1819387226970397,0.0060778237401031745,-5.179187128710071,0.4206128133704735,324,0.4074074074074074,-5.17918712871007,2.2915400638839323,15,0.47058823529411764
SPXW,"d65ret,d80_zero",0.0,1,score_desc,d80,21,4,30,False,False,False,False,False,-14.640199626700259,-12.372811470515206,-14.640199626700259,107,0.45794392523364486,1.3822995728409657,6.077112410803994,0.05679544309162611,-2.3999999999999986,0.18691588785046728,102,0.47058823529411764,-2.3999999999999986,0.43540363707157864,0,0.5,132,0.3787878787878788,0.9383414180897381,-1.3939322032322496,-0.010560092448729163,-3.8651203323243135,0.22727272727272727,124,0.3790322580645161,-3.8651203323243135,-2.1521850151991617,21,0.3333333333333333,359,0.4206128133704735,1.040698766346106,2.1819387226970397,0.0060778237401031745,-5.179187128710071,0.4206128133704735,324,0.4074074074074074,-5.17918712871007,2.2915400638839323,15,0.47058823529411764
SPXW,"d65ret,d80_zero",0.0,1,score_desc,d80,21,2,15,False,False,False,False,False,-14.640199626700259,-12.372811470515206,-14.640199626700259,107,0.45794392523364486,1.3822995728409657,6.077112410803994,0.05679544309162611,-2.3999999999999986,0.18691588785046728,102,0.47058823529411764,-2.3999999999999986,0.43540363707157864,0,0.5,132,0.3787878787878788,0.9383414180897381,-1.3939322032322496,-0.010560092448729163,-3.8651203323243135,0.22727272727272727,123,0.3821138211382114,-3.8651203323243135,-2.1521850151991617,21,0.3333333333333333,359,0.4178272980501393,1.026793761290017,1.4445029290205165,0.004023685039054364,-5.179187128710071,0.4233983286908078,322,0.40683229813664595,-5.17918712871007,3.461398311868002,15,0.47058823529411764
SPXW,"d65ret,d80_zero",0.0,1,score_desc,d80,21,3,15,False,False,False,False,False,-14.640199626700259,-12.372811470515206,-14.640199626700259,107,0.45794392523364486,1.3822995728409657,6.077112410803994,0.05679544309162611,-2.3999999999999986,0.18691588785046728,102,0.47058823529411764,-2.3999999999999986,0.43540363707157864,0,0.5,132,0.3787878787878788,0.9383414180897381,-1.3939322032322496,-0.010560092448729163,-3.8651203323243135,0.22727272727272727,123,0.3821138211382114,-3.8651203323243135,-2.1521850151991617,21,0.3333333333333333,359,0.4178272980501393,1.026793761290017,1.4445029290205165,0.004023685039054364,-5.179187128710071,0.4233983286908078,322,0.40683229813664595,-5.17918712871007,3.461398311868002,15,0.47058823529411764
SPXW,"d65ret,d80_zero",0.0,1,score_desc,d80,21,4,15,False,False,False,False,False,-14.640199626700259,-12.372811470515206,-14.640199626700259,107,0.45794392523364486,1.3822995728409657,6.077112410803994,0.05679544309162611,-2.3999999999999986,0.18691588785046728,102,0.47058823529411764,-2.3999999999999986,0.43540363707157864,0,0.5,132,0.3787878787878788,0.9383414180897381,-1.3939322032322496,-0.010560092448729163,-3.8651203323243135,0.22727272727272727,123,0.3821138211382114,-3.8651203323243135,-2.1521850151991617,21,0.3333333333333333,359,0.4178272980501393,1.026793761290017,1.4445029290205165,0.004023685039054364,-5.179187128710071,0.4233983286908078,322,0.40683229813664595,-5.17918712871007,3.461398311868002,15,0.47058823529411764
SPXW,"d65ret,d80_zero",-999999.0,1,score_desc,d80,21,3,0,False,False,False,False,False,-14.640199626700259,-10.877440358525929,-14.640199626700259,107,0.45794392523364486,1.3822995728409657,6.077112410803994,0.05679544309162611,-2.3999999999999986,0.18691588785046728,102,0.47058823529411764,-2.3999999999999986,0.43540363707157864,0,0.5,132,0.38636363636363635,0.9610906274955897,-0.8679618743073636,-0.006575468744752754,-3.544146936012994,0.23484848484848486,123,0.3821138211382114,-3.544146936012994,-3.4563730145336278,21,0.3333333333333333,378,0.41534391534391535,1.0241142329775306,1.3764687231348507,0.003641451648504896,-4.135200363539887,0.4523809523809524,344,0.4069767441860465,-4.135200363539887,3.6324835544484486,20,0.4117647058823529
SPXW,"d65ret,d80_zero",-999999.0,1,score_desc,d80,21,4,0,False,False,False,False,False,-14.640199626700259,-10.877440358525929,-14.640199626700259,107,0.45794392523364486,1.3822995728409657,6.077112410803994,0.05679544309162611,-2.3999999999999986,0.18691588785046728,102,0.47058823529411764,-2.3999999999999986,0.43540363707157864,0,0.5,132,0.38636363636363635,0.9610906274955897,-0.8679618743073636,-0.006575468744752754,-3.544146936012994,0.23484848484848486,123,0.3821138211382114,-3.544146936012994,-3.4563730145336278,21,0.3333333333333333,378,0.41534391534391535,1.0241142329775306,1.3764687231348507,0.003641451648504896,-4.135200363539887,0.4523809523809524,344,0.4069767441860465,-4.135200363539887,3.6324835544484486,20,0.4117647058823529
SPXW,"d65ret,d80_zero",-999999.0,1,score_desc,d80,21,2,15,False,False,False,False,False,-14.640199626700259,-12.372811470515206,-14.640199626700259,107,0.45794392523364486,1.3822995728409657,6.077112410803994,0.05679544309162611,-2.3999999999999986,0.18691588785046728,102,0.47058823529411764,-2.3999999999999986,0.43540363707157864,0,0.5,132,0.3787878787878788,0.9383414180897381,-1.3939322032322496,-0.010560092448729163,-3.8651203323243135,0.22727272727272727,123,0.3821138211382114,-3.8651203323243135,-2.1521850151991617,21,0.3333333333333333,376,0.42021276595744683,1.0231292428298422,1.2946000953515058,0.003443085359977409,-4.135200363539886,0.4521276595744681,347,0.414985590778098,-4.135200363539886,3.8621965330864705,20,0.4117647058823529
SPXW,"d65ret,d80_zero",-999999.0,1,score_desc,d80,21,3,15,False,False,False,False,False,-14.640199626700259,-12.372811470515206,-14.640199626700259,107,0.45794392523364486,1.3822995728409657,6.077112410803994,0.05679544309162611,-2.3999999999999986,0.18691588785046728,102,0.47058823529411764,-2.3999999999999986,0.43540363707157864,0,0.5,132,0.3787878787878788,0.9383414180897381,-1.3939322032322496,-0.010560092448729163,-3.8651203323243135,0.22727272727272727,123,0.3821138211382114,-3.8651203323243135,-2.1521850151991617,21,0.3333333333333333,376,0.42021276595744683,1.0231292428298422,1.2946000953515058,0.003443085359977409,-4.135200363539886,0.4521276595744681,347,0.414985590778098,-4.135200363539886,3.8621965330864705,20,0.4117647058823529
SPXW,"d65ret,d80_zero",-999999.0,1,score_desc,d80,21,4,15,False,False,False,False,False,-14.640199626700259,-12.372811470515206,-14.640199626700259,107,0.45794392523364486,1.3822995728409657,6.077112410803994,0.05679544309162611,-2.3999999999999986,0.18691588785046728,102,0.47058823529411764,-2.3999999999999986,0.43540363707157864,0,0.5,132,0.3787878787878788,0.9383414180897381,-1.3939322032322496,-0.010560092448729163,-3.8651203323243135,0.22727272727272727,123,0.3821138211382114,-3.8651203323243135,-2.1521850151991617,21,0.3333333333333333,376,0.42021276595744683,1.0231292428298422,1.2946000953515058,0.003443085359977409,-4.135200363539886,0.4521276595744681,347,0.414985590778098,-4.135200363539886,3.8621965330864705,20,0.4117647058823529
SPXW,"d65ret,d80_zero",0.0,1,score_desc,d80,21,3,0,False,False,False,False,False,-14.640199626700259,-10.877440358525929,-14.640199626700259,107,0.45794392523364486,1.3822995728409657,6.077112410803994,0.05679544309162611,-2.3999999999999986,0.18691588785046728,102,0.47058823529411764,-2.3999999999999986,0.43540363707157864,0,0.5,132,0.38636363636363635,0.9610906274955897,-0.8679618743073636,-0.006575468744752754,-3.544146936012994,0.23484848484848486,123,0.3821138211382114,-3.544146936012994,-3.4563730145336278,21,0.3333333333333333,362,0.4116022099447514,1.018503204451538,1.0199903876290541,0.0028176530045001496,-5.179187128710071,0.4198895027624309,317,0.39747634069400634,-5.179187128710071,4.902006980303406,15,0.47058823529411764
SPXW,"d65ret,d80_zero",0.0,1,score_desc,d80,21,4,0,False,False,False,False,False,-14.640199626700259,-10.877440358525929,-14.640199626700259,107,0.45794392523364486,1.3822995728409657,6.077112410803994,0.05679544309162611,-2.3999999999999986,0.18691588785046728,102,0.47058823529411764,-2.3999999999999986,0.43540363707157864,0,0.5,132,0.38636363636363635,0.9610906274955897,-0.8679618743073636,-0.006575468744752754,-3.544146936012994,0.23484848484848486,123,0.3821138211382114,-3.544146936012994,-3.4563730145336278,21,0.3333333333333333,362,0.4116022099447514,1.018503204451538,1.0199903876290541,0.0028176530045001496,-5.179187128710071,0.4198895027624309,317,0.39747634069400634,-5.179187128710071,4.902006980303406,15,0.47058823529411764
SPXW,"d65ret,d80_zero",-999999.0,1,score_desc,d80,21,2,0,False,False,False,False,False,-14.640199626700259,-10.877440358525929,-14.640199626700259,107,0.45794392523364486,1.3822995728409657,6.077112410803994,0.05679544309162611,-2.3999999999999986,0.18691588785046728,102,0.47058823529411764,-2.3999999999999986,0.43540363707157864,0,0.5,132,0.38636363636363635,0.9610906274955897,-0.8679618743073636,-0.006575468744752754,-3.544146936012994,0.23484848484848486,123,0.3821138211382114,-3.544146936012994,-3.4563730145336278,21,0.3333333333333333,378,0.4126984126984127,1.0100463041302759,0.5764687231348504,0.0015250495321027788,-4.484779269176967,0.4523809523809524,344,0.4069767441860465,-4.484779269176967,8.673497449800715,20,0.4117647058823529
SPXW,"d65ret,d80_zero",0.0,1,score_desc,d80,21,2,0,False,False,False,False,False,-14.640199626700259,-10.877440358525929,-14.640199626700259,107,0.45794392523364486,1.3822995728409657,6.077112410803994,0.05679544309162611,-2.3999999999999986,0.18691588785046728,102,0.47058823529411764,-2.3999999999999986,0.43540363707157864,0,0.5,132,0.38636363636363635,0.9610906274955897,-0.8679618743073636,-0.006575468744752754,-3.544146936012994,0.23484848484848486,123,0.3821138211382114,-3.544146936012994,-3.4563730145336278,21,0.3333333333333333,362,0.4088397790055249,1.0039691496825396,0.21999038762905476,0.0006077082531189358,-5.17918712871007,0.4198895027624309,317,0.39747634069400634,-5.17918712871007,22.72826578418936,15,0.47058823529411764
SPXW,"d50ret,d65ret,d80",-999999.0,1,score_desc,d65win,22,2,15,False,False,False,False,False,-14.640797250762148,19.26820838503287,-14.640797250762148,115,0.4608695652173913,1.328011277078128,5.530635126832257,0.04809247936375875,-2.5376385541754654,0.21739130434782608,102,0.4803921568627451,-2.5376385541754654,0.5356195170026339,0,0.6666666666666666,139,0.45323741007194246,1.1748589040544442,3.818017491611805,0.027467751738214422,-2.7424955561316837,0.2158273381294964,128,0.4296875,-2.7424955561316837,0.7924813229156195,22,0.5,389,0.41131105398457585,1.0348360400147152,2.094754762749727,0.005384973683161252,-4.667797425681705,0.35989717223650386,349,0.4068767908309456,-4.667797425681705,1.855944215575421,20,0.4117647058823529
SPXW,"d50ret,d65ret,d80",-999999.0,1,score_desc,d65win,22,2,0,False,False,False,False,False,-14.640797250762148,19.26820838503287,-14.640797250762148,115,0.4608695652173913,1.328011277078128,5.530635126832257,0.04809247936375875,-2.5376385541754654,0.21739130434782608,102,0.4803921568627451,-2.5376385541754654,0.5356195170026339,0,0.6666666666666666,139,0.45323741007194246,1.1748589040544442,3.818017491611805,0.027467751738214422,-2.7424955561316837,0.2158273381294964,128,0.4296875,-2.7424955561316837,0.7924813229156195,22,0.5,390,0.40512820512820513,1.0096584585140513,0.5928200317475125,0.0015200513634551604,-4.654455355121105,0.35128205128205126,349,0.4040114613180516,-4.6544553551211045,6.4086633474037535,20,0.47058823529411764
SPXW,"d50ret,d65ret,d80",0.0,1,score_desc,d65win,22,2,15,False,False,False,False,False,-14.640797250762148,19.26820838503287,-14.640797250762148,115,0.4608695652173913,1.328011277078128,5.530635126832257,0.04809247936375875,-2.5376385541754654,0.21739130434782608,102,0.4803921568627451,-2.5376385541754654,0.5356195170026339,0,0.6666666666666666,139,0.45323741007194246,1.1748589040544442,3.818017491611805,0.027467751738214422,-2.7424955561316837,0.2158273381294964,128,0.4296875,-2.7424955561316837,0.7924813229156195,22,0.5,388,0.39690721649484534,1.0048468898805756,0.2946417935033244,0.0007593860657302176,-4.795748333721233,0.3582474226804124,344,0.39244186046511625,-4.795748333721233,13.194828672296126,19,0.4117647058823529
SPXW,"d50ret,d65ret,d80",0.0,1,score_desc,d65win,22,2,0,False,False,False,False,False,-14.640797250762148,19.26820838503287,-14.640797250762148,115,0.4608695652173913,1.328011277078128,5.530635126832257,0.04809247936375875,-2.5376385541754654,0.21739130434782608,102,0.4803921568627451,-2.5376385541754654,0.5356195170026339,0,0.6666666666666666,139,0.45323741007194246,1.1748589040544442,3.818017491611805,0.027467751738214422,-2.7424955561316837,0.2158273381294964,128,0.4296875,-2.7424955561316837,0.7924813229156195,22,0.5,388,0.3917525773195876,0.9921390391630148,-0.4853071653880673,-0.0012507916633713073,-4.8978817617751975,0.3479381443298969,343,0.39067055393586003,-4.897881761775197,-8.124580145491413,19,0.47058823529411764
SPXW,"d50ret,d65ret,d80",-999999.0,1,score_desc,d65win,21,3,0,False,False,False,False,False,-14.68421780598161,17.514894351070904,-14.68421780598161,111,0.4594594594594595,1.3282329078003332,5.431576640060613,0.04893312288342895,-2.3999999999999986,0.21621621621621623,102,0.47058823529411764,-2.3999999999999986,0.4720049784796179,0,0.6666666666666666,137,0.44525547445255476,1.1386684242664316,3.068257865925217,0.022396042816972387,-3.1086903192191104,0.2116788321167883,128,0.421875,-3.1086903192191113,0.9861320934820164,21,0.3333333333333333,382,0.4083769633507853,1.0231319528581342,1.3893782565837842,0.0036371158549313725,-4.984159802120546,0.3507853403141361,349,0.4040114613180516,-4.984159802120546,2.7344490177991423,20,0.4117647058823529
SPXW,"d50ret,d65ret,d80",-999999.0,1,score_desc,d65win,21,4,0,False,False,False,False,False,-14.68421780598161,17.514894351070904,-14.68421780598161,111,0.4594594594594595,1.3282329078003332,5.431576640060613,0.04893312288342895,-2.3999999999999986,0.21621621621621623,102,0.47058823529411764,-2.3999999999999986,0.4720049784796179,0,0.6666666666666666,137,0.44525547445255476,1.1386684242664316,3.068257865925217,0.022396042816972387,-3.1086903192191104,0.2116788321167883,128,0.421875,-3.1086903192191113,0.9861320934820164,21,0.3333333333333333,382,0.4083769633507853,1.0231319528581342,1.3893782565837842,0.0036371158549313725,-4.984159802120546,0.3507853403141361,349,0.4040114613180516,-4.984159802120546,2.7344490177991423,20,0.4117647058823529
SPXW,"d50ret,d65ret,d80",0.0,1,score_desc,d65win,21,3,0,False,False,False,False,False,-14.68421780598161,17.514894351070904,-14.68421780598161,111,0.4594594594594595,1.3282329078003332,5.431576640060613,0.04893312288342895,-2.3999999999999986,0.21621621621621623,102,0.47058823529411764,-2.3999999999999986,0.4720049784796179,0,0.6666666666666666,137,0.44525547445255476,1.1386684242664316,3.068257865925217,0.022396042816972387,-3.1086903192191104,0.2116788321167883,128,0.421875,-3.1086903192191113,0.9861320934820164,21,0.3333333333333333,380,0.39210526315789473,0.9955021326021908,-0.272141646850783,-0.0007161622285546921,-5.227586208774638,0.3473684210526316,343,0.39067055393586003,-5.227586208774638,-13.960318286565414,19,0.4117647058823529
SPXW,"d50ret,d65ret,d80",0.0,1,score_desc,d65win,21,4,0,False,False,False,False,False,-14.68421780598161,17.514894351070904,-14.68421780598161,111,0.4594594594594595,1.3282329078003332,5.431576640060613,0.04893312288342895,-2.3999999999999986,0.21621621621621623,102,0.47058823529411764,-2.3999999999999986,0.4720049784796179,0,0.6666666666666666,137,0.44525547445255476,1.1386684242664316,3.068257865925217,0.022396042816972387,-3.1086903192191104,0.2116788321167883,128,0.421875,-3.1086903192191113,0.9861320934820164,21,0.3333333333333333,380,0.39210526315789473,0.9955021326021908,-0.272141646850783,-0.0007161622285546921,-5.227586208774638,0.3473684210526316,343,0.39067055393586003,-5.227586208774638,-13.960318286565414,19,0.4117647058823529
SPXW,"d50ret,d65ret,d80",-999999.0,1,score_desc,d65win,22,3,15,False,False,False,False,False,-14.690526707480426,18.129478084950104,-14.690526707480426,115,0.4608695652173913,1.3232968468429558,5.4705650526477525,0.04757013089258915,-2.5376385541754654,0.21739130434782608,102,0.4803921568627451,-2.5376385541754654,0.5415009394537652,0,0.6666666666666666,139,0.4460431654676259,1.1546410155519495,3.4229552854910983,0.024625577593461137,-3.116958592425314,0.20863309352517986,128,0.421875,-3.116958592425315,0.9109716059473523,22,0.3333333333333333,389,0.41131105398457585,1.0348360400147152,2.0947547627497274,0.005384973683161253,-4.667797425681705,0.35989717223650386,349,0.4068767908309456,-4.667797425681705,1.8559442155754207,20,0.4117647058823529
SPXW,"d50ret,d65ret,d80",-999999.0,1,score_desc,d65win,22,4,15,False,False,False,False,False,-14.690526707480426,18.129478084950104,-14.690526707480426,115,0.4608695652173913,1.3232968468429558,5.4705650526477525,0.04757013089258915,-2.5376385541754654,0.21739130434782608,102,0.4803921568627451,-2.5376385541754654,0.5415009394537652,0,0.6666666666666666,139,0.4460431654676259,1.1546410155519495,3.4229552854910983,0.024625577593461137,-3.116958592425314,0.20863309352517986,128,0.421875,-3.116958592425315,0.9109716059473523,22,0.3333333333333333,389,0.41131105398457585,1.0348360400147152,2.0947547627497274,0.005384973683161253,-4.667797425681705,0.35989717223650386,349,0.4068767908309456,-4.667797425681705,1.8559442155754207,20,0.4117647058823529
SPXW,"d50ret,d65ret,d80",0.0,1,score_desc,d65win,22,3,15,False,False,False,False,False,-14.690526707480426,18.129478084950104,-14.690526707480426,115,0.4608695652173913,1.3232968468429558,5.4705650526477525,0.04757013089258915,-2.5376385541754654,0.21739130434782608,102,0.4803921568627451,-2.5376385541754654,0.5415009394537652,0,0.6666666666666666,139,0.4460431654676259,1.1546410155519495,3.4229552854910983,0.024625577593461137,-3.116958592425314,0.20863309352517986,128,0.421875,-3.116958592425315,0.9109716059473523,22,0.3333333333333333,388,0.39690721649484534,1.0048468898805756,0.29464179350332464,0.0007593860657302182,-4.795748333721233,0.3582474226804124,344,0.39244186046511625,-4.795748333721233,13.194828672296115,19,0.4117647058823529
SPXW,"d50ret,d65ret,d80",0.0,1,score_desc,d65win,22,4,15,False,False,False,False,False,-14.690526707480426,18.129478084950104,-14.690526707480426,115,0.4608695652173913,1.3232968468429558,5.4705650526477525,0.04757013089258915,-2.5376385541754654,0.21739130434782608,102,0.4803921568627451,-2.5376385541754654,0.5415009394537652,0,0.6666666666666666,139,0.4460431654676259,1.1546410155519495,3.4229552854910983,0.024625577593461137,-3.116958592425314,0.20863309352517986,128,0.421875,-3.116958592425315,0.9109716059473523,22,0.3333333333333333,388,0.39690721649484534,1.0048468898805756,0.29464179350332464,0.0007593860657302182,-4.795748333721233,0.3582474226804124,344,0.39244186046511625,-4.795748333721233,13.194828672296115,19,0.4117647058823529
SPXW,"d65ret,d80,d80_zero",-999999.0,1,score_desc,d65win,21,2,15,False,False,False,False,False,-14.702980856878725,19.13175956858968,-14.702980856878725,111,0.4594594594594595,1.326921152077344,5.390231614494607,0.04856064517562709,-2.737638554175465,0.2072072072072072,102,0.47058823529411764,-2.737638554175465,0.5495712108893198,0,0.6666666666666666,137,0.45255474452554745,1.1815299413879699,3.881073345724018,0.02832900252353298,-2.3704762549331027,0.18248175182481752,128,0.4375,-2.3704762549331027,0.8005928011877343,21,0.5,382,0.4214659685863874,1.0352540534605488,2.04406302522606,0.005350950327816911,-5.185880870095096,0.3743455497382199,350,0.4142857142857143,-5.185880870095096,1.8884368274711123,21,0.4117647058823529
SPXW,"d65ret,d80,d80_zero",0.0,1,score_desc,d65win,21,2,15,False,False,False,False,False,-14.702980856878725,19.13175956858968,-14.702980856878725,111,0.4594594594594595,1.326921152077344,5.390231614494607,0.04856064517562709,-2.737638554175465,0.2072072072072072,102,0.47058823529411764,-2.737638554175465,0.5495712108893198,0,0.6666666666666666,137,0.45255474452554745,1.1815299413879699,3.881073345724018,0.02832900252353298,-2.3704762549331027,0.18248175182481752,128,0.4375,-2.3704762549331027,0.8005928011877343,21,0.5,380,0.41578947368421054,1.031668428777627,1.8242011718365012,0.00480052939956974,-4.731869177854743,0.37105263157894736,344,0.4127906976744186,-4.731869177854742,2.1160406835079453,20,0.4117647058823529
SPXW,"d65ret,d80,d80_zero",-999999.0,1,score_desc,d65win,21,2,0,False,False,False,False,False,-14.702980856878725,19.13175956858968,-14.702980856878725,111,0.4594594594594595,1.326921152077344,5.390231614494607,0.04856064517562709,-2.737638554175465,0.2072072072072072,102,0.47058823529411764,-2.737638554175465,0.5495712108893198,0,0.6666666666666666,137,0.45255474452554745,1.1815299413879699,3.881073345724018,0.02832900252353298,-2.3704762549331027,0.18248175182481752,128,0.4375,-2.3704762549331027,0.8005928011877343,21,0.5,383,0.42036553524804177,1.0262054597083334,1.540508647883215,0.004022215790817794,-5.594778607538666,0.3681462140992167,350,0.4142857142857143,-5.594778607538668,2.5462913823293727,21,0.4117647058823529
SPXW,"d65ret,d80,d80_zero",0.0,1,score_desc,d65win,21,2,0,False,False,False,False,False,-14.702980856878725,19.13175956858968,-14.702980856878725,111,0.4594594594594595,1.326921152077344,5.390231614494607,0.04856064517562709,-2.737638554175465,0.2072072072072072,102,0.47058823529411764,-2.737638554175465,0.5495712108893198,0,0.6666666666666666,137,0.45255474452554745,1.1815299413879699,3.881073345724018,0.02832900252353298,-2.3704762549331027,0.18248175182481752,128,0.4375,-2.3704762549331027,0.8005928011877343,21,0.5,380,0.4131578947368421,1.0250765579804046,1.459239860305491,0.0038401048955407657,-5.0275616214372585,0.3631578947368421,343,0.4139941690962099,-5.0275616214372585,2.6881008401783335,20,0.4117647058823529
SPXW,"d50ret,d65ret,d80_front",-999999.0,1,score_desc,d80_front,22,2,15,False,False,False,False,False,-14.712123796332637,-8.778557680360727,-14.712123796332637,93,0.44086021505376344,1.3958925518072358,5.082173569703311,0.0546470276312184,-1.8999999999999986,0.24731182795698925,82,0.4634146341463415,-1.8999999999999986,0.5904384960343335,0,0.6666666666666666,139,0.4172661870503597,0.9709850335058994,-0.6214594044392174,-0.0044709309671886145,-4.1621173982158135,0.26618705035971224,128,0.3984375,-4.1621173982158135,-4.7486105530521865,22,0.5,390,0.4205128205128205,1.0235767277001608,1.23168574935361,0.0031581685880861794,-4.256747285517738,0.382051282051282,350,0.40285714285714286,-4.256747285517738,2.8693737573657963,21,0.47058823529411764
SPXW,"d50ret,d65ret,d80_front",-999999.0,1,score_desc,d80_front,22,3,15,False,False,False,False,False,-14.712123796332637,-8.778557680360727,-14.712123796332637,93,0.44086021505376344,1.3958925518072358,5.082173569703311,0.0546470276312184,-1.8999999999999986,0.24731182795698925,82,0.4634146341463415,-1.8999999999999986,0.5904384960343335,0,0.6666666666666666,139,0.4172661870503597,0.9709850335058994,-0.6214594044392174,-0.0044709309671886145,-4.1621173982158135,0.26618705035971224,128,0.3984375,-4.1621173982158135,-4.7486105530521865,22,0.5,390,0.4205128205128205,1.0235767277001608,1.23168574935361,0.0031581685880861794,-4.256747285517738,0.382051282051282,350,0.40285714285714286,-4.256747285517738,2.8693737573657963,21,0.47058823529411764
SPXW,"d50ret,d65ret,d80_front",-999999.0,1,score_desc,d80_front,22,4,15,False,False,False,False,False,-14.712123796332637,-8.778557680360727,-14.712123796332637,93,0.44086021505376344,1.3958925518072358,5.082173569703311,0.0546470276312184,-1.8999999999999986,0.24731182795698925,82,0.4634146341463415,-1.8999999999999986,0.5904384960343335,0,0.6666666666666666,139,0.4172661870503597,0.9709850335058994,-0.6214594044392174,-0.0044709309671886145,-4.1621173982158135,0.26618705035971224,128,0.3984375,-4.1621173982158135,-4.7486105530521865,22,0.5,390,0.4205128205128205,1.0235767277001608,1.23168574935361,0.0031581685880861794,-4.256747285517738,0.382051282051282,350,0.40285714285714286,-4.256747285517738,2.8693737573657963,21,0.47058823529411764
SPXW,"d50ret,d65ret,d80_front",-999999.0,1,score_desc,d80_front,22,2,0,False,False,False,False,False,-14.712123796332637,-8.958221629864644,-14.712123796332637,93,0.44086021505376344,1.3958925518072358,5.082173569703311,0.0546470276312184,-1.8999999999999986,0.24731182795698925,82,0.4634146341463415,-1.8999999999999986,0.5904384960343335,0,0.6666666666666666,139,0.4172661870503597,0.9675100631459245,-0.6958883378930252,-0.005006390920093706,-4.162117398215813,0.26618705035971224,128,0.3984375,-4.162117398215813,-4.240721572010659,22,0.5,391,0.4194373401534527,1.012518070345234,0.6611822064450097,0.0016910030855371092,-4.522848080777787,0.38107416879795397,350,0.40285714285714286,-4.522848080777788,5.345223649497303,21,0.4117647058823529
SPXW,"d50ret,d65ret,d80_front",-999999.0,1,score_desc,d80_front,22,3,0,False,False,False,False,False,-14.712123796332637,-9.949198458142892,-14.712123796332637,93,0.44086021505376344,1.3958925518072358,5.082173569703311,0.0546470276312184,-1.8999999999999986,0.24731182795698925,82,0.4634146341463415,-1.8999999999999986,0.5904384960343335,0,0.6666666666666666,139,0.41007194244604317,0.9534240628759664,-1.0006783508129748,-0.0071991248259926244,-4.1621173982158135,0.26618705035971224,128,0.3984375,-4.1621173982158135,-2.6535178265777675,22,0.5,391,0.4194373401534527,1.012518070345234,0.6611822064450097,0.0016910030855371092,-4.522848080777787,0.38107416879795397,350,0.40285714285714286,-4.522848080777788,5.345223649497303,21,0.4117647058823529
SPXW,"d50ret,d65ret,d80_front",-999999.0,1,score_desc,d80_front,22,4,0,False,False,False,False,False,-14.712123796332637,-9.949198458142892,-14.712123796332637,93,0.44086021505376344,1.3958925518072358,5.082173569703311,0.0546470276312184,-1.8999999999999986,0.24731182795698925,82,0.4634146341463415,-1.8999999999999986,0.5904384960343335,0,0.6666666666666666,139,0.41007194244604317,0.9534240628759664,-1.0006783508129748,-0.0071991248259926244,-4.1621173982158135,0.26618705035971224,128,0.3984375,-4.1621173982158135,-2.6535178265777675,22,0.5,391,0.4194373401534527,1.012518070345234,0.6611822064450097,0.0016910030855371092,-4.522848080777787,0.38107416879795397,350,0.40285714285714286,-4.522848080777788,5.345223649497303,21,0.4117647058823529
SPXW,"d50ret,d65ret,d80_front",0.0,1,score_desc,d80_front,22,3,15,False,False,False,False,False,-14.712123796332637,-8.778557680360727,-14.712123796332637,93,0.44086021505376344,1.3958925518072358,5.082173569703311,0.0546470276312184,-1.8999999999999986,0.24731182795698925,82,0.4634146341463415,-1.8999999999999986,0.5904384960343335,0,0.6666666666666666,139,0.4172661870503597,0.9709850335058994,-0.6214594044392174,-0.0044709309671886145,-4.1621173982158135,0.26618705035971224,128,0.3984375,-4.1621173982158135,-4.7486105530521865,22,0.5,387,0.42118863049095606,1.0083888780893944,0.4347004536863248,0.0011232569862695732,-4.659900963999724,0.3850129198966408,342,0.40058479532163743,-4.659900963999724,8.273076024588722,19,0.47058823529411764
SPXW,"d50ret,d65ret,d80_front",0.0,1,score_desc,d80_front,22,4,15,False,False,False,False,False,-14.712123796332637,-8.778557680360727,-14.712123796332637,93,0.44086021505376344,1.3958925518072358,5.082173569703311,0.0546470276312184,-1.8999999999999986,0.24731182795698925,82,0.4634146341463415,-1.8999999999999986,0.5904384960343335,0,0.6666666666666666,139,0.4172661870503597,0.9709850335058994,-0.6214594044392174,-0.0044709309671886145,-4.1621173982158135,0.26618705035971224,128,0.3984375,-4.1621173982158135,-4.7486105530521865,22,0.5,387,0.42118863049095606,1.0083888780893944,0.4347004536863248,0.0011232569862695732,-4.659900963999724,0.3850129198966408,342,0.40058479532163743,-4.659900963999724,8.273076024588722,19,0.47058823529411764
SPXW,"d50ret,d65ret,d80_front",0.0,1,score_desc,d80_front,22,2,0,False,False,False,False,False,-14.712123796332637,-8.958221629864644,-14.712123796332637,93,0.44086021505376344,1.3958925518072358,5.082173569703311,0.0546470276312184,-1.8999999999999986,0.24731182795698925,82,0.4634146341463415,-1.8999999999999986,0.5904384960343335,0,0.6666666666666666,139,0.4172661870503597,0.9675100631459245,-0.6958883378930252,-0.005006390920093706,-4.162117398215813,0.26618705035971224,128,0.3984375,-4.162117398215813,-4.240721572010659,22,0.5,387,0.42118863049095606,1.0078737203290622,0.41144036117587834,0.0010631533880513652,-4.917906922935355,0.38242894056847543,342,0.39766081871345027,-4.917906922935355,8.677586317557072,19,0.4117647058823529
SPXW,"d50ret,d65ret,d80_front",0.0,1,score_desc,d80_front,22,3,0,False,False,False,False,False,-14.712123796332637,-9.949198458142892,-14.712123796332637,93,0.44086021505376344,1.3958925518072358,5.082173569703311,0.0546470276312184,-1.8999999999999986,0.24731182795698925,82,0.4634146341463415,-1.8999999999999986,0.5904384960343335,0,0.6666666666666666,139,0.41007194244604317,0.9534240628759664,-1.0006783508129748,-0.0071991248259926244,-4.1621173982158135,0.26618705035971224,128,0.3984375,-4.1621173982158135,-2.6535178265777675,22,0.5,387,0.42118863049095606,1.0078737203290622,0.41144036117587834,0.0010631533880513652,-4.917906922935355,0.38242894056847543,342,0.39766081871345027,-4.917906922935355,8.677586317557072,19,0.4117647058823529
SPXW,"d50ret,d65ret,d80_front",0.0,1,score_desc,d80_front,22,4,0,False,False,False,False,False,-14.712123796332637,-9.949198458142892,-14.712123796332637,93,0.44086021505376344,1.3958925518072358,5.082173569703311,0.0546470276312184,-1.8999999999999986,0.24731182795698925,82,0.4634146341463415,-1.8999999999999986,0.5904384960343335,0,0.6666666666666666,139,0.41007194244604317,0.9534240628759664,-1.0006783508129748,-0.0071991248259926244,-4.1621173982158135,0.26618705035971224,128,0.3984375,-4.1621173982158135,-2.6535178265777675,22,0.5,387,0.42118863049095606,1.0078737203290622,0.41144036117587834,0.0010631533880513652,-4.917906922935355,0.38242894056847543,342,0.39766081871345027,-4.917906922935355,8.677586317557072,19,0.4117647058823529
SPXW,"d50ret,d65ret,d80_front",0.0,1,score_desc,d80_front,22,2,15,False,False,False,False,False,-14.712123796332637,-8.778557680360727,-14.712123796332637,93,0.44086021505376344,1.3958925518072358,5.082173569703311,0.0546470276312184,-1.8999999999999986,0.24731182795698925,82,0.4634146341463415,-1.8999999999999986,0.5904384960343335,0,0.6666666666666666,139,0.4172661870503597,0.9709850335058994,-0.6214594044392174,-0.0044709309671886145,-4.1621173982158135,0.26618705035971224,128,0.3984375,-4.1621173982158135,-4.7486105530521865,22,0.5,387,0.4186046511627907,0.992991003233427,-0.365299546313675,-0.0009439264762627261,-5.459900963999724,0.3850129198966408,342,0.40058479532163743,-5.459900963999724,-9.67470888529919,19,0.47058823529411764
SPXW,"d50ret,d65ret,d80_front",-999999.0,1,score_desc,d80_front,22,2,30,False,False,False,False,False,-14.712123796332637,-8.778557680360727,-14.712123796332637,93,0.44086021505376344,1.3958925518072358,5.082173569703311,0.0546470276312184,-1.8999999999999986,0.24731182795698925,82,0.4634146341463415,-1.8999999999999986,0.5904384960343335,0,0.6666666666666666,139,0.4172661870503597,0.9709850335058994,-0.6214594044392174,-0.0044709309671886145,-4.1621173982158135,0.26618705035971224,128,0.3984375,-4.1621173982158135,-4.7486105530521865,22,0.5,390,0.4153846153846154,0.9921593723120542,-0.4118912865563962,-0.0010561315039907594,-4.256747285517737,0.38461538461538464,350,0.40285714285714286,-4.256747285517737,-7.6059860100180385,21,0.47058823529411764
SPXW,"d50ret,d65ret,d80_front",-999999.0,1,score_desc,d80_front,22,3,30,False,False,False,False,False,-14.712123796332637,-8.778557680360727,-14.712123796332637,93,0.44086021505376344,1.3958925518072358,5.082173569703311,0.0546470276312184,-1.8999999999999986,0.24731182795698925,82,0.4634146341463415,-1.8999999999999986,0.5904384960343335,0,0.6666666666666666,139,0.4172661870503597,0.9709850335058994,-0.6214594044392174,-0.0044709309671886145,-4.1621173982158135,0.26618705035971224,128,0.3984375,-4.1621173982158135,-4.7486105530521865,22,0.5,390,0.4153846153846154,0.9921593723120542,-0.4118912865563962,-0.0010561315039907594,-4.256747285517737,0.38461538461538464,350,0.40285714285714286,-4.256747285517737,-7.6059860100180385,21,0.47058823529411764
SPXW,"d50ret,d65ret,d80_front",-999999.0,1,score_desc,d80_front,22,4,30,False,False,False,False,False,-14.712123796332637,-8.778557680360727,-14.712123796332637,93,0.44086021505376344,1.3958925518072358,5.082173569703311,0.0546470276312184,-1.8999999999999986,0.24731182795698925,82,0.4634146341463415,-1.8999999999999986,0.5904384960343335,0,0.6666666666666666,139,0.4172661870503597,0.9709850335058994,-0.6214594044392174,-0.0044709309671886145,-4.1621173982158135,0.26618705035971224,128,0.3984375,-4.1621173982158135,-4.7486105530521865,22,0.5,390,0.4153846153846154,0.9921593723120542,-0.4118912865563962,-0.0010561315039907594,-4.256747285517737,0.38461538461538464,350,0.40285714285714286,-4.256747285517737,-7.6059860100180385,21,0.47058823529411764
SPXW,"d50ret,d65ret,d80_front",0.0,1,score_desc,d80_front,22,3,30,False,False,False,False,False,-14.712123796332637,-8.778557680360727,-14.712123796332637,93,0.44086021505376344,1.3958925518072358,5.082173569703311,0.0546470276312184,-1.8999999999999986,0.24731182795698925,82,0.4634146341463415,-1.8999999999999986,0.5904384960343335,0,0.6666666666666666,139,0.4172661870503597,0.9709850335058994,-0.6214594044392174,-0.0044709309671886145,-4.1621173982158135,0.26618705035971224,128,0.3984375,-4.1621173982158135,-4.7486105530521865,22,0.5,386,0.4170984455958549,0.9877077485202488,-0.638823556415637,-0.0016549833067762618,-4.659900963999727,0.3860103626943005,342,0.40058479532163743,-4.659900963999727,-5.021649614370597,19,0.47058823529411764
SPXW,"d50ret,d65ret,d80_front",0.0,1,score_desc,d80_front,22,4,30,False,False,False,False,False,-14.712123796332637,-8.778557680360727,-14.712123796332637,93,0.44086021505376344,1.3958925518072358,5.082173569703311,0.0546470276312184,-1.8999999999999986,0.24731182795698925,82,0.4634146341463415,-1.8999999999999986,0.5904384960343335,0,0.6666666666666666,139,0.4172661870503597,0.9709850335058994,-0.6214594044392174,-0.0044709309671886145,-4.1621173982158135,0.26618705035971224,128,0.3984375,-4.1621173982158135,-4.7486105530521865,22,0.5,386,0.4170984455958549,0.9877077485202488,-0.638823556415637,-0.0016549833067762618,-4.659900963999727,0.3860103626943005,342,0.40058479532163743,-4.659900963999727,-5.021649614370597,19,0.47058823529411764
SPXW,"d50ret,d65ret,d80_front",0.0,1,score_desc,d80_front,22,2,30,False,False,False,False,False,-14.712123796332637,-8.778557680360727,-14.712123796332637,93,0.44086021505376344,1.3958925518072358,5.082173569703311,0.0546470276312184,-1.8999999999999986,0.24731182795698925,82,0.4634146341463415,-1.8999999999999986,0.5904384960343335,0,0.6666666666666666,139,0.4172661870503597,0.9709850335058994,-0.6214594044392174,-0.0044709309671886145,-4.1621173982158135,0.26618705035971224,128,0.3984375,-4.1621173982158135,-4.7486105530521865,22,0.5,386,0.4170984455958549,0.9792414500416837,-1.0788138147228605,-0.0027948544422872037,-5.099891222306949,0.38860103626943004,342,0.40058479532163743,-5.09989122230695,-2.9039666719517157,19,0.47058823529411764
SPXW,"d65ret,d80_front",0.0,1,score_desc,d50ret,22,3,15,False,False,False,False,False,-14.741060467369653,-6.399458793284397,-14.741060467369653,85,0.43529411764705883,1.4522791215348152,5.350591625288552,0.06294813676810061,-2.3999999999999986,0.23529411764705882,82,0.43902439024390244,-2.3999999999999986,0.46723805049599115,0,0.5,139,0.45323741007194246,0.9927027801244379,-0.14000371484562257,-0.0010072209701123926,-2.8861565090308723,0.22302158273381295,128,0.4375,-2.8861565090308727,-18.871755335572892,22,0.5,382,0.42670157068062825,0.9569830109687248,-2.205088329769324,-0.005772482538663151,-6.0881096482255685,0.4214659685863874,338,0.4319526627218935,-6.0881096482255685,-1.5918932736479028,18,0.47058823529411764
SPXW,"d65ret,d80_front",0.0,1,score_desc,d50ret,22,4,15,False,False,False,False,False,-14.741060467369653,-6.399458793284397,-14.741060467369653,85,0.43529411764705883,1.4522791215348152,5.350591625288552,0.06294813676810061,-2.3999999999999986,0.23529411764705882,82,0.43902439024390244,-2.3999999999999986,0.46723805049599115,0,0.5,139,0.45323741007194246,0.9927027801244379,-0.14000371484562257,-0.0010072209701123926,-2.8861565090308723,0.22302158273381295,128,0.4375,-2.8861565090308727,-18.871755335572892,22,0.5,382,0.42670157068062825,0.9569830109687248,-2.205088329769324,-0.005772482538663151,-6.0881096482255685,0.4214659685863874,338,0.4319526627218935,-6.0881096482255685,-1.5918932736479028,18,0.47058823529411764
SPXW,"d65ret,d80_front",0.0,1,score_desc,d50ret,22,2,15,False,False,False,False,False,-14.741060467369653,-6.399458793284397,-14.741060467369653,85,0.43529411764705883,1.4522791215348152,5.350591625288552,0.06294813676810061,-2.3999999999999986,0.23529411764705882,82,0.45121951219512196,-2.3999999999999986,0.46723805049599115,0,0.5,139,0.45323741007194246,0.9927027801244379,-0.14000371484562257,-0.0010072209701123926,-2.8861565090308723,0.22302158273381295,128,0.4375,-2.8861565090308727,-18.871755335572892,22,0.5,382,0.42408376963350786,0.9522264779755264,-2.4553093774456425,-0.0064275114592817865,-6.499117379259557,0.42408376963350786,338,0.4319526627218935,-6.499117379259555,-1.4579527090048958,18,0.47058823529411764
SPXW,"d65ret,d80_front",-999999.0,1,score_desc,d50ret,22,3,0,False,False,False,False,False,-14.741060467369653,15.332516522548023,-14.741060467369653,85,0.43529411764705883,1.4522791215348152,5.350591625288552,0.06294813676810061,-2.3999999999999986,0.23529411764705882,82,0.43902439024390244,-2.3999999999999986,0.46723805049599115,0,0.5,139,0.460431654676259,1.0418020362125069,0.7894689842509179,0.005679632980222431,-2.756683809934333,0.22302158273381295,128,0.4375,-2.7566838099343323,4.144036836150906,22,0.5,388,0.4252577319587629,0.9507607497531086,-2.5694205379738166,-0.006622217881375816,-7.4337043028888115,0.41237113402061853,345,0.4260869565217391,-7.227536101406626,-1.4807057315692125,19,0.5294117647058824
SPXW,"d65ret,d80_front",-999999.0,1,score_desc,d50ret,22,4,0,False,False,False,False,False,-14.741060467369653,15.332516522548023,-14.741060467369653,85,0.43529411764705883,1.4522791215348152,5.350591625288552,0.06294813676810061,-2.3999999999999986,0.23529411764705882,82,0.43902439024390244,-2.3999999999999986,0.46723805049599115,0,0.5,139,0.460431654676259,1.0418020362125069,0.7894689842509179,0.005679632980222431,-2.756683809934333,0.22302158273381295,128,0.4375,-2.7566838099343323,4.144036836150906,22,0.5,388,0.4252577319587629,0.9507607497531086,-2.5694205379738166,-0.006622217881375816,-7.4337043028888115,0.41237113402061853,345,0.4260869565217391,-7.227536101406626,-1.4807057315692125,19,0.5294117647058824
SPXW,"d65ret,d80_front",0.0,1,score_desc,d50ret,22,3,30,False,False,False,False,False,-14.741060467369653,14.07542504701766,-14.741060467369653,85,0.43529411764705883,1.4522791215348152,5.350591625288552,0.06294813676810061,-2.3999999999999986,0.23529411764705882,82,0.43902439024390244,-2.3999999999999986,0.46723805049599115,0,0.5,139,0.45323741007194246,1.0039263652744905,0.0753308429297126,0.0005419485102857021,-2.8861565090308723,0.22302158273381295,128,0.4375,-2.886156509030873,37.82081202312837,22,0.5,381,0.4251968503937008,0.9493572331656023,-2.595671705992621,-0.006812786629901892,-6.58177830444401,0.4199475065616798,338,0.4319526627218935,-6.581778304444011,-1.352353331838974,18,0.47058823529411764
SPXW,"d65ret,d80_front",0.0,1,score_desc,d50ret,22,4,30,False,False,False,False,False,-14.741060467369653,14.07542504701766,-14.741060467369653,85,0.43529411764705883,1.4522791215348152,5.350591625288552,0.06294813676810061,-2.3999999999999986,0.23529411764705882,82,0.43902439024390244,-2.3999999999999986,0.46723805049599115,0,0.5,139,0.45323741007194246,1.0039263652744905,0.0753308429297126,0.0005419485102857021,-2.8861565090308723,0.22302158273381295,128,0.4375,-2.886156509030873,37.82081202312837,22,0.5,381,0.4251968503937008,0.9493572331656023,-2.595671705992621,-0.006812786629901892,-6.58177830444401,0.4199475065616798,338,0.4319526627218935,-6.581778304444011,-1.352353331838974,18,0.47058823529411764
SPXW,"d65ret,d80_front",-999999.0,1,score_desc,d50ret,22,3,30,False,False,False,False,False,-14.741060467369653,14.07542504701766,-14.741060467369653,85,0.43529411764705883,1.4522791215348152,5.350591625288552,0.06294813676810061,-2.3999999999999986,0.23529411764705882,82,0.43902439024390244,-2.3999999999999986,0.46723805049599115,0,0.5,139,0.45323741007194246,1.0039263652744905,0.0753308429297126,0.0005419485102857021,-2.8861565090308723,0.22302158273381295,128,0.4375,-2.886156509030873,37.82081202312837,22,0.5,388,0.422680412371134,0.9487304951697856,-2.656043835864664,-0.006845473803774907,-7.008166812979075,0.41494845360824745,346,0.4277456647398844,-6.80199861149689,-1.3216142115427558,19,0.5882352941176471
SPXW,"d65ret,d80_front",-999999.0,1,score_desc,d50ret,22,4,30,False,False,False,False,False,-14.741060467369653,14.07542504701766,-14.741060467369653,85,0.43529411764705883,1.4522791215348152,5.350591625288552,0.06294813676810061,-2.3999999999999986,0.23529411764705882,82,0.43902439024390244,-2.3999999999999986,0.46723805049599115,0,0.5,139,0.45323741007194246,1.0039263652744905,0.0753308429297126,0.0005419485102857021,-2.8861565090308723,0.22302158273381295,128,0.4375,-2.886156509030873,37.82081202312837,22,0.5,388,0.422680412371134,0.9487304951697856,-2.656043835864664,-0.006845473803774907,-7.008166812979075,0.41494845360824745,346,0.4277456647398844,-6.80199861149689,-1.3216142115427558,19,0.5882352941176471
SPXW,"d65ret,d80_front",-999999.0,1,score_desc,d50ret,22,3,15,False,False,False,False,False,-14.741060467369653,-6.399458793284397,-14.741060467369653,85,0.43529411764705883,1.4522791215348152,5.350591625288552,0.06294813676810061,-2.3999999999999986,0.23529411764705882,82,0.43902439024390244,-2.3999999999999986,0.46723805049599115,0,0.5,139,0.45323741007194246,0.9927027801244379,-0.14000371484562257,-0.0010072209701123926,-2.8861565090308723,0.22302158273381295,128,0.4375,-2.8861565090308727,-18.871755335572892,22,0.5,388,0.422680412371134,0.946624953745257,-2.7654604596413654,-0.007127475411446818,-7.014498156760634,0.4175257731958763,346,0.42485549132947975,-6.808329955278449,-1.2693239810105614,19,0.5882352941176471
SPXW,"d65ret,d80_front",-999999.0,1,score_desc,d50ret,22,4,15,False,False,False,False,False,-14.741060467369653,-6.399458793284397,-14.741060467369653,85,0.43529411764705883,1.4522791215348152,5.350591625288552,0.06294813676810061,-2.3999999999999986,0.23529411764705882,82,0.43902439024390244,-2.3999999999999986,0.46723805049599115,0,0.5,139,0.45323741007194246,0.9927027801244379,-0.14000371484562257,-0.0010072209701123926,-2.8861565090308723,0.22302158273381295,128,0.4375,-2.8861565090308727,-18.871755335572892,22,0.5,388,0.422680412371134,0.946624953745257,-2.7654604596413654,-0.007127475411446818,-7.014498156760634,0.4175257731958763,346,0.42485549132947975,-6.808329955278449,-1.2693239810105614,19,0.5882352941176471
SPXW,"d65ret,d80_front",0.0,1,score_desc,d50ret,22,3,0,False,False,False,False,False,-14.741060467369653,15.332516522548023,-14.741060467369653,85,0.43529411764705883,1.4522791215348152,5.350591625288552,0.06294813676810061,-2.3999999999999986,0.23529411764705882,82,0.43902439024390244,-2.3999999999999986,0.46723805049599115,0,0.5,139,0.460431654676259,1.0418020362125069,0.7894689842509179,0.005679632980222431,-2.756683809934333,0.22302158273381295,128,0.4375,-2.7566838099343323,4.144036836150906,22,0.5,382,0.42670157068062825,0.9459084537124106,-2.8090484081017735,-0.007353529864140769,-7.307315794353748,0.4162303664921466,337,0.43026706231454004,-7.307315794353748,-1.354393077177486,18,0.4117647058823529
SPXW,"d65ret,d80_front",0.0,1,score_desc,d50ret,22,4,0,False,False,False,False,False,-14.741060467369653,15.332516522548023,-14.741060467369653,85,0.43529411764705883,1.4522791215348152,5.350591625288552,0.06294813676810061,-2.3999999999999986,0.23529411764705882,82,0.43902439024390244,-2.3999999999999986,0.46723805049599115,0,0.5,139,0.460431654676259,1.0418020362125069,0.7894689842509179,0.005679632980222431,-2.756683809934333,0.22302158273381295,128,0.4375,-2.7566838099343323,4.144036836150906,22,0.5,382,0.42670157068062825,0.9459084537124106,-2.8090484081017735,-0.007353529864140769,-7.307315794353748,0.4162303664921466,337,0.43026706231454004,-7.307315794353748,-1.354393077177486,18,0.4117647058823529
SPXW,"d65ret,d80_front",0.0,1,score_desc,d50ret,22,2,30,False,False,False,False,False,-14.741060467369653,14.07542504701766,-14.741060467369653,85,0.43529411764705883,1.4522791215348152,5.350591625288552,0.06294813676810061,-2.3999999999999986,0.23529411764705882,82,0.45121951219512196,-2.3999999999999986,0.46723805049599115,0,0.5,139,0.45323741007194246,1.0039263652744905,0.0753308429297126,0.0005419485102857021,-2.8861565090308723,0.22302158273381295,128,0.4375,-2.886156509030873,37.82081202312837,22,0.5,381,0.4225721784776903,0.9446199846659836,-2.8458927536689402,-0.007469534786532651,-6.992786035477997,0.4225721784776903,338,0.4319526627218935,-6.992786035477998,-1.2578565912847552,18,0.47058823529411764
SPXW,"d65ret,d80_front",-999999.0,1,score_desc,d50ret,22,2,30,False,False,False,False,False,-14.741060467369653,14.07542504701766,-14.741060467369653,85,0.43529411764705883,1.4522791215348152,5.350591625288552,0.06294813676810061,-2.3999999999999986,0.23529411764705882,82,0.45121951219512196,-2.3999999999999986,0.46723805049599115,0,0.5,139,0.45323741007194246,1.0039263652744905,0.0753308429297126,0.0005419485102857021,-2.8861565090308723,0.22302158273381295,128,0.4375,-2.886156509030873,37.82081202312837,22,0.5,388,0.42010309278350516,0.9440451166376695,-2.906264883540982,-0.007490373411188097,-7.419174544013062,0.4175257731958763,346,0.4277456647398844,-7.213006342530878,-1.2317270110391576,19,0.5882352941176471
SPXW,"d65ret,d80_front",-999999.0,1,score_desc,d50ret,22,2,15,False,False,False,False,False,-14.741060467369653,-6.399458793284397,-14.741060467369653,85,0.43529411764705883,1.4522791215348152,5.350591625288552,0.06294813676810061,-2.3999999999999986,0.23529411764705882,82,0.45121951219512196,-2.3999999999999986,0.46723805049599115,0,0.5,139,0.45323741007194246,0.9927027801244379,-0.14000371484562257,-0.0010072209701123926,-2.8861565090308723,0.22302158273381295,128,0.4375,-2.8861565090308727,-18.871755335572892,22,0.5,388,0.42010309278350516,0.9419455738405266,-3.015681507317685,-0.007772375018860013,-7.425505887794621,0.42010309278350516,346,0.42485549132947975,-7.219337686312436,-1.1870368106199667,19,0.5882352941176471
SPXW,"d65ret,d80_front",-999999.0,1,score_desc,d50ret,22,2,0,False,False,False,False,False,-14.741060467369653,-6.0686350701600755,-14.741060467369653,85,0.43529411764705883,1.4522791215348152,5.350591625288552,0.06294813676810061,-2.3999999999999986,0.23529411764705882,82,0.45121951219512196,-2.3999999999999986,0.46723805049599115,0,0.5,139,0.45323741007194246,0.9994511064401483,-0.010531015749082107,-7.576270323080652e-05,-2.7566838099343327,0.2158273381294964,128,0.4375,-2.7566838099343327,-263.18340203565054,22,0.5,388,0.422680412371134,0.941751959099749,-3.047320135411202,-0.00785391787477114,-7.33840608582433,0.4175257731958763,345,0.42318840579710143,-7.132237884342144,-1.2528766876992,19,0.5294117647058824
SPXW,"d65ret,d80_front",0.0,1,score_desc,d50ret,22,2,0,False,False,False,False,False,-14.741060467369653,-6.0686350701600755,-14.741060467369653,85,0.43529411764705883,1.4522791215348152,5.350591625288552,0.06294813676810061,-2.3999999999999986,0.23529411764705882,82,0.45121951219512196,-2.3999999999999986,0.46723805049599115,0,0.5,139,0.45323741007194246,0.9994511064401483,-0.010531015749082107,-7.576270323080652e-05,-2.7566838099343327,0.2158273381294964,128,0.4375,-2.7566838099343327,-263.18340203565054,22,0.5,382,0.42408376963350786,0.9368687139312869,-3.2869480055391587,-0.008604575930730782,-7.212017577289265,0.4214659685863874,337,0.42729970326409494,-7.212017577289265,-1.1615384092413747,18,0.4117647058823529
SPXW,"d65ret,d80,d80_zero",-999999.0,1,score_desc,d65win,21,3,15,False,False,False,False,False,-14.753529349753627,19.13175956858968,-14.753529349753627,111,0.4594594594594595,1.3221043423225938,5.330161540310104,0.048019473336127064,-2.7376385541754655,0.2072072072072072,102,0.47058823529411764,-2.7376385541754655,0.5557647911697906,0,0.6666666666666666,137,0.45255474452554745,1.1815299413879699,3.881073345724018,0.02832900252353298,-2.3704762549331027,0.18248175182481752,128,0.4375,-2.3704762549331027,0.8005928011877343,21,0.5,382,0.4214659685863874,1.0352540534605488,2.0440630252260608,0.005350950327816913,-5.185880870095096,0.3743455497382199,350,0.4142857142857143,-5.185880870095096,1.8884368274711114,21,0.4117647058823529
SPXW,"d65ret,d80,d80_zero",-999999.0,1,score_desc,d65win,21,4,15,False,False,False,False,False,-14.753529349753627,19.13175956858968,-14.753529349753627,111,0.4594594594594595,1.3221043423225938,5.330161540310104,0.048019473336127064,-2.7376385541754655,0.2072072072072072,102,0.47058823529411764,-2.7376385541754655,0.5557647911697906,0,0.6666666666666666,137,0.45255474452554745,1.1815299413879699,3.881073345724018,0.02832900252353298,-2.3704762549331027,0.18248175182481752,128,0.4375,-2.3704762549331027,0.8005928011877343,21,0.5,382,0.4214659685863874,1.0352540534605488,2.0440630252260608,0.005350950327816913,-5.185880870095096,0.3743455497382199,350,0.4142857142857143,-5.185880870095096,1.8884368274711114,21,0.4117647058823529
SPXW,"d65ret,d80,d80_zero",0.0,1,score_desc,d65win,21,3,15,False,False,False,False,False,-14.753529349753627,19.13175956858968,-14.753529349753627,111,0.4594594594594595,1.3221043423225938,5.330161540310104,0.048019473336127064,-2.7376385541754655,0.2072072072072072,102,0.47058823529411764,-2.7376385541754655,0.5557647911697906,0,0.6666666666666666,137,0.45255474452554745,1.1815299413879699,3.881073345724018,0.02832900252353298,-2.3704762549331027,0.18248175182481752,128,0.4375,-2.3704762549331027,0.8005928011877343,21,0.5,380,0.41578947368421054,1.031668428777627,1.824201171836502,0.004800529399569742,-4.731869177854743,0.37105263157894736,344,0.4127906976744186,-4.731869177854742,2.1160406835079444,20,0.4117647058823529
SPXW,"d65ret,d80,d80_zero",0.0,1,score_desc,d65win,21,4,15,False,False,False,False,False,-14.753529349753627,19.13175956858968,-14.753529349753627,111,0.4594594594594595,1.3221043423225938,5.330161540310104,0.048019473336127064,-2.7376385541754655,0.2072072072072072,102,0.47058823529411764,-2.7376385541754655,0.5557647911697906,0,0.6666666666666666,137,0.45255474452554745,1.1815299413879699,3.881073345724018,0.02832900252353298,-2.3704762549331027,0.18248175182481752,128,0.4375,-2.3704762549331027,0.8005928011877343,21,0.5,380,0.41578947368421054,1.031668428777627,1.824201171836502,0.004800529399569742,-4.731869177854743,0.37105263157894736,344,0.4127906976744186,-4.731869177854742,2.1160406835079444,20,0.4117647058823529
SPXW,"d80,d80_front",0.0,1,score_desc,d65ret,21,3,0,False,False,False,False,False,-14.756983825779244,23.015928647372565,-14.756983825779244,108,0.4722222222222222,1.3685796707857063,4.860782928564401,0.04500724933855927,-2.016069374745981,0.18518518518518517,100,0.5,-2.016069374745981,0.6171845244045961,0,0.5,133,0.46616541353383456,1.3166615396031216,6.004660349479806,0.0451478221765399,-1.9774802861251226,0.13533834586466165,124,0.46774193548387094,-1.9774802861251226,0.6229542257358237,20,0.8333333333333334,379,0.46174142480211083,1.211216741928074,10.124678424671739,0.02671419109412068,-4.3381295703982685,0.40105540897097625,340,0.46176470588235297,-4.3381295703982685,0.39395858505457143,19,0.6470588235294118
SPXW,"d80,d80_front",0.0,1,score_desc,d65ret,21,4,0,False,False,False,False,False,-14.756983825779244,23.015928647372565,-14.756983825779244,108,0.4722222222222222,1.3685796707857063,4.860782928564401,0.04500724933855927,-2.016069374745981,0.18518518518518517,100,0.5,-2.016069374745981,0.6171845244045961,0,0.5,133,0.46616541353383456,1.3166615396031216,6.004660349479806,0.0451478221765399,-1.9774802861251226,0.13533834586466165,124,0.46774193548387094,-1.9774802861251226,0.6229542257358237,20,0.8333333333333334,379,0.46174142480211083,1.211216741928074,10.124678424671739,0.02671419109412068,-4.3381295703982685,0.40105540897097625,340,0.46176470588235297,-4.3381295703982685,0.39395858505457143,19,0.6470588235294118
SPXW,"d80,d80_front",0.0,1,score_desc,d65ret,21,2,0,False,False,False,False,False,-14.756983825779244,23.015928647372565,-14.756983825779244,108,0.4722222222222222,1.3685796707857063,4.860782928564401,0.04500724933855927,-2.016069374745981,0.18518518518518517,100,0.5,-2.016069374745981,0.6171845244045961,0,0.5,133,0.46616541353383456,1.3166615396031216,6.004660349479806,0.0451478221765399,-1.9774802861251226,0.13533834586466165,124,0.46774193548387094,-1.9774802861251226,0.6229542257358237,20,0.8333333333333334,379,0.45910290237467016,1.2029742303179771,9.790465747530074,0.025832363449947427,-4.3381295703982685,0.39841688654353563,340,0.4588235294117647,-4.3381295703982685,0.4074069701252456,19,0.6470588235294118
SPXW,"d65ret,d80_zero",-999999.0,1,score_desc,d65win,22,3,0,False,False,False,False,False,-14.788980003812194,-7.714790140079787,-14.788980003812194,115,0.45217391304347826,1.3488154552103353,5.783641192815494,0.050292532111439074,-2.747984285776179,0.1826086956521739,103,0.44660194174757284,-2.7479842857761785,0.5369466446970127,0,0.6666666666666666,137,0.41605839416058393,0.9924595867953439,-0.1640346554497878,-0.001197333251458305,-2.9922694998762744,0.24087591240875914,123,0.4065040650406504,-2.733125909243089,-20.21476422427813,22,0.5,390,0.4025641025641026,0.9520481279652104,-2.8239841016922718,-0.0072409848761340306,-4.168486074341385,0.43846153846153846,343,0.40816326530612246,-4.168486074341385,-1.1895602435663182,21,0.4117647058823529
SPXW,"d65ret,d80_zero",-999999.0,1,score_desc,d65win,22,4,0,False,False,False,False,False,-14.788980003812194,-7.714790140079787,-14.788980003812194,115,0.45217391304347826,1.3488154552103353,5.783641192815494,0.050292532111439074,-2.747984285776179,0.1826086956521739,103,0.44660194174757284,-2.7479842857761785,0.5369466446970127,0,0.6666666666666666,137,0.41605839416058393,0.9924595867953439,-0.1640346554497878,-0.001197333251458305,-2.9922694998762744,0.24087591240875914,123,0.4065040650406504,-2.733125909243089,-20.21476422427813,22,0.5,390,0.4025641025641026,0.9520481279652104,-2.8239841016922718,-0.0072409848761340306,-4.168486074341385,0.43846153846153846,343,0.40816326530612246,-4.168486074341385,-1.1895602435663182,21,0.4117647058823529
SPXW,"d65ret,d80_zero",0.0,1,score_desc,d65win,22,3,0,False,False,False,False,False,-14.788980003812194,-7.714790140079787,-14.788980003812194,115,0.45217391304347826,1.3488154552103353,5.783641192815494,0.050292532111439074,-2.747984285776179,0.1826086956521739,103,0.44660194174757284,-2.7479842857761785,0.5369466446970127,0,0.6666666666666666,137,0.41605839416058393,0.9924595867953439,-0.1640346554497878,-0.001197333251458305,-2.9922694998762744,0.24087591240875914,123,0.4065040650406504,-2.733125909243089,-20.21476422427813,22,0.5,381,0.3910761154855643,0.9124715752763684,-5.052221778099625,-0.013260424614434711,-6.291132015271986,0.4120734908136483,324,0.3888888888888889,-6.291132015271986,-0.7830287289138103,20,0.35294117647058826
SPXW,"d65ret,d80_zero",0.0,1,score_desc,d65win,22,4,0,False,False,False,False,False,-14.788980003812194,-7.714790140079787,-14.788980003812194,115,0.45217391304347826,1.3488154552103353,5.783641192815494,0.050292532111439074,-2.747984285776179,0.1826086956521739,103,0.44660194174757284,-2.7479842857761785,0.5369466446970127,0,0.6666666666666666,137,0.41605839416058393,0.9924595867953439,-0.1640346554497878,-0.001197333251458305,-2.9922694998762744,0.24087591240875914,123,0.4065040650406504,-2.733125909243089,-20.21476422427813,22,0.5,381,0.3910761154855643,0.9124715752763684,-5.052221778099625,-0.013260424614434711,-6.291132015271986,0.4120734908136483,324,0.3888888888888889,-6.291132015271986,-0.7830287289138103,20,0.35294117647058826
SPXW,"d50ret,d65ret,d80_front",0.0,1,score_desc,d80,22,3,30,False,False,False,False,False,-13.009212694701233,-14.789994957213295,-14.789994957213295,109,0.47706422018348627,1.468229632648844,7.062671709836718,0.0647951533012543,-2.3999999999999995,0.1926605504587156,102,0.4803921568627451,-2.3999999999999995,0.37464531203844686,0,0.6666666666666666,137,0.38686131386861317,0.8885123758960037,-2.5708255803717743,-0.018765150221691784,-5.130134879582618,0.24817518248175183,128,0.390625,-5.130134879582618,-1.2635991982988506,21,0.3333333333333333,382,0.4214659685863874,1.0266238400997048,1.4309500631228897,0.00374594257362013,-5.2412547322502245,0.3586387434554974,345,0.42028985507246375,-5.241254732250224,2.870989310296267,19,0.5882352941176471
SPXW,"d50ret,d65ret,d80_front",0.0,1,score_desc,d80,22,4,30,False,False,False,False,False,-13.009212694701233,-14.789994957213295,-14.789994957213295,109,0.47706422018348627,1.468229632648844,7.062671709836718,0.0647951533012543,-2.3999999999999995,0.1926605504587156,102,0.4803921568627451,-2.3999999999999995,0.37464531203844686,0,0.6666666666666666,137,0.38686131386861317,0.8885123758960037,-2.5708255803717743,-0.018765150221691784,-5.130134879582618,0.24817518248175183,128,0.390625,-5.130134879582618,-1.2635991982988506,21,0.3333333333333333,382,0.4214659685863874,1.0266238400997048,1.4309500631228897,0.00374594257362013,-5.2412547322502245,0.3586387434554974,345,0.42028985507246375,-5.241254732250224,2.870989310296267,19,0.5882352941176471
SPXW,"d50ret,d65ret,d80_front",0.0,1,score_desc,d80,22,3,15,False,False,False,False,False,-13.009212694701233,-14.789994957213295,-14.789994957213295,109,0.47706422018348627,1.468229632648844,7.062671709836718,0.0647951533012543,-2.3999999999999995,0.1926605504587156,102,0.4803921568627451,-2.3999999999999995,0.37464531203844686,0,0.6666666666666666,137,0.38686131386861317,0.8885123758960037,-2.5708255803717743,-0.018765150221691784,-5.130134879582618,0.24817518248175183,128,0.390625,-5.130134879582618,-1.2635991982988506,21,0.3333333333333333,382,0.418848167539267,1.0219282289444898,1.1793035335743807,0.003087182025063824,-5.4929012617987345,0.3612565445026178,345,0.42318840579710143,-5.492901261798735,3.483617421497764,19,0.5882352941176471
SPXW,"d50ret,d65ret,d80_front",0.0,1,score_desc,d80,22,4,15,False,False,False,False,False,-13.009212694701233,-14.789994957213295,-14.789994957213295,109,0.47706422018348627,1.468229632648844,7.062671709836718,0.0647951533012543,-2.3999999999999995,0.1926605504587156,102,0.4803921568627451,-2.3999999999999995,0.37464531203844686,0,0.6666666666666666,137,0.38686131386861317,0.8885123758960037,-2.5708255803717743,-0.018765150221691784,-5.130134879582618,0.24817518248175183,128,0.390625,-5.130134879582618,-1.2635991982988506,21,0.3333333333333333,382,0.418848167539267,1.0219282289444898,1.1793035335743807,0.003087182025063824,-5.4929012617987345,0.3612565445026178,345,0.42318840579710143,-5.492901261798735,3.483617421497764,19,0.5882352941176471
SPXW,"d50ret,d65ret,d80_front",-999999.0,1,score_desc,d80,22,3,30,False,False,False,False,False,-13.009212694701233,-14.789994957213295,-14.789994957213295,109,0.47706422018348627,1.468229632648844,7.062671709836718,0.0647951533012543,-2.3999999999999995,0.1926605504587156,102,0.4803921568627451,-2.3999999999999995,0.37464531203844686,0,0.6666666666666666,137,0.38686131386861317,0.8885123758960037,-2.5708255803717743,-0.018765150221691784,-5.130134879582618,0.24817518248175183,128,0.390625,-5.130134879582618,-1.2635991982988506,21,0.3333333333333333,385,0.41818181818181815,1.0148484010202437,0.799959158369536,0.002077815995765029,-4.298714326752931,0.36363636363636365,350,0.41714285714285715,-4.298714326752931,5.025507922724039,20,0.5294117647058824
SPXW,"d50ret,d65ret,d80_front",-999999.0,1,score_desc,d80,22,4,30,False,False,False,False,False,-13.009212694701233,-14.789994957213295,-14.789994957213295,109,0.47706422018348627,1.468229632648844,7.062671709836718,0.0647951533012543,-2.3999999999999995,0.1926605504587156,102,0.4803921568627451,-2.3999999999999995,0.37464531203844686,0,0.6666666666666666,137,0.38686131386861317,0.8885123758960037,-2.5708255803717743,-0.018765150221691784,-5.130134879582618,0.24817518248175183,128,0.390625,-5.130134879582618,-1.2635991982988506,21,0.3333333333333333,385,0.41818181818181815,1.0148484010202437,0.799959158369536,0.002077815995765029,-4.298714326752931,0.36363636363636365,350,0.41714285714285715,-4.298714326752931,5.025507922724039,20,0.5294117647058824
SPXW,"d50ret,d65ret,d80_front",0.0,1,score_desc,d80,22,2,30,False,False,False,False,False,-12.087082297598855,-14.789994957213295,-14.789994957213295,109,0.48623853211009177,1.5318445561398522,7.862671709836718,0.0721346028425387,-2.4000000000000012,0.2018348623853211,102,0.5,-2.4000000000000012,0.33652643073556954,0,0.6666666666666666,137,0.38686131386861317,0.8885123758960037,-2.5708255803717743,-0.018765150221691784,-5.130134879582618,0.24817518248175183,128,0.3984375,-5.130134879582618,-1.0691091466137053,21,0.3333333333333333,382,0.418848167539267,1.0147232063258438,0.794786770333062,0.0020805936396153454,-5.241254732250224,0.3612565445026178,345,0.42028985507246375,-5.241254732250224,4.539887262191747,19,0.5882352941176471
SPXW,"d50ret,d65ret,d80_front",-999999.0,1,score_desc,d80,22,3,15,False,False,False,False,False,-13.009212694701233,-14.789994957213295,-14.789994957213295,109,0.47706422018348627,1.468229632648844,7.062671709836718,0.0647951533012543,-2.3999999999999995,0.1926605504587156,102,0.4803921568627451,-2.3999999999999995,0.37464531203844686,0,0.6666666666666666,137,0.38686131386861317,0.8885123758960037,-2.5708255803717743,-0.018765150221691784,-5.130134879582618,0.24817518248175183,128,0.390625,-5.130134879582618,-1.2635991982988506,21,0.3333333333333333,385,0.4155844155844156,1.010171207142778,0.5483126288210265,0.0014241886462883805,-4.55036085630144,0.36623376623376624,350,0.42,-4.55036085630144,7.331950564198991,20,0.5294117647058824
SPXW,"d50ret,d65ret,d80_front",-999999.0,1,score_desc,d80,22,4,15,False,False,False,False,False,-13.009212694701233,-14.789994957213295,-14.789994957213295,109,0.47706422018348627,1.468229632648844,7.062671709836718,0.0647951533012543,-2.3999999999999995,0.1926605504587156,102,0.4803921568627451,-2.3999999999999995,0.37464531203844686,0,0.6666666666666666,137,0.38686131386861317,0.8885123758960037,-2.5708255803717743,-0.018765150221691784,-5.130134879582618,0.24817518248175183,128,0.390625,-5.130134879582618,-1.2635991982988506,21,0.3333333333333333,385,0.4155844155844156,1.010171207142778,0.5483126288210265,0.0014241886462883805,-4.55036085630144,0.36623376623376624,350,0.42,-4.55036085630144,7.331950564198991,20,0.5294117647058824
SPXW,"d50ret,d65ret,d80_front",0.0,1,score_desc,d80,22,2,15,False,False,False,False,False,-12.087082297598855,-14.789994957213295,-14.789994957213295,109,0.48623853211009177,1.5318445561398522,7.862671709836718,0.0721346028425387,-2.4000000000000012,0.2018348623853211,102,0.5,-2.4000000000000012,0.33652643073556954,0,0.6666666666666666,137,0.38686131386861317,0.8885123758960037,-2.5708255803717743,-0.018765150221691784,-5.130134879582618,0.24817518248175183,128,0.3984375,-5.130134879582618,-1.0691091466137053,21,0.3333333333333333,382,0.4162303664921466,1.0100553375800556,0.5431402407845529,0.001421833091059039,-5.4929012617987345,0.36387434554973824,345,0.42318840579710143,-5.492901261798735,6.6432977412639636,19,0.5882352941176471
SPXW,"d50ret,d65ret,d80_front",-999999.0,1,score_desc,d80,22,2,30,False,False,False,False,False,-12.087082297598855,-14.789994957213295,-14.789994957213295,109,0.48623853211009177,1.5318445561398522,7.862671709836718,0.0721346028425387,-2.4000000000000012,0.2018348623853211,102,0.5,-2.4000000000000012,0.33652643073556954,0,0.6666666666666666,137,0.38686131386861317,0.8885123758960037,-2.5708255803717743,-0.018765150221691784,-5.130134879582618,0.24817518248175183,128,0.3984375,-5.130134879582618,-1.0691091466137053,21,0.3333333333333333,385,0.4155844155844156,1.0030270866746334,0.16379586557970827,0.00042544380670054096,-4.29871432675293,0.36623376623376624,350,0.41714285714285715,-4.29871432675293,21.491391591497255,20,0.5294117647058824
SPXW,"d50ret,d65ret,d80_front",-999999.0,1,score_desc,d80,22,2,15,False,False,False,False,False,-12.087082297598855,-14.789994957213295,-14.789994957213295,109,0.48623853211009177,1.5318445561398522,7.862671709836718,0.0721346028425387,-2.4000000000000012,0.2018348623853211,102,0.5,-2.4000000000000012,0.33652643073556954,0,0.6666666666666666,137,0.38686131386861317,0.8885123758960037,-2.5708255803717743,-0.018765150221691784,-5.130134879582618,0.24817518248175183,128,0.3984375,-5.130134879582618,-1.0691091466137053,21,0.3333333333333333,385,0.412987012987013,0.9983774409627163,-0.08785066396880126,-0.00022818354277610715,-4.55036085630144,0.36883116883116884,350,0.42,-4.55036085630144,-40.07028438045613,20,0.5294117647058824
SPXW,d80,-999999.0,1,score_desc,d80,22,3,0,False,False,False,False,False,-14.802726045508937,-14.730311102661558,-14.802726045508937,69,0.4927536231884058,1.362024364802847,3.722786484689254,0.05395342731433702,-2.2,0.17391304347826086,61,0.5409836065573771,-2.2,0.6715399903491049,0,0.5,117,0.47863247863247865,1.38779856413126,6.810860895800787,0.05821248628889562,-2.277480286125122,0.07692307692307693,103,0.46601941747572817,-2.277480286125122,0.6607094270233091,0,0.8333333333333334,320,0.440625,1.2237876817157813,9.607733530193222,0.03002416728185382,-2.890461119954401,0.421875,275,0.44363636363636366,-2.890461119954401,0.5021970672806338,0,0.5882352941176471
SPXW,d80,-999999.0,1,score_desc,d80,22,3,15,False,False,False,False,False,-14.802726045508937,-14.730311102661558,-14.802726045508937,69,0.4927536231884058,1.362024364802847,3.722786484689254,0.05395342731433702,-2.2,0.17391304347826086,61,0.5409836065573771,-2.2,0.6715399903491049,0,0.5,117,0.47863247863247865,1.38779856413126,6.810860895800787,0.05821248628889562,-2.277480286125122,0.07692307692307693,103,0.46601941747572817,-2.277480286125122,0.6607094270233091,0,0.8333333333333334,320,0.440625,1.2237876817157813,9.607733530193222,0.03002416728185382,-2.890461119954401,0.421875,275,0.44363636363636366,-2.890461119954401,0.5021970672806338,0,0.5882352941176471
SPXW,d80,-999999.0,1,score_desc,d80,22,3,30,False,False,False,False,False,-14.802726045508937,-14.730311102661558,-14.802726045508937,69,0.4927536231884058,1.362024364802847,3.722786484689254,0.05395342731433702,-2.2,0.17391304347826086,61,0.5409836065573771,-2.2,0.6715399903491049,0,0.5,117,0.47863247863247865,1.38779856413126,6.810860895800787,0.05821248628889562,-2.277480286125122,0.07692307692307693,103,0.46601941747572817,-2.277480286125122,0.6607094270233091,0,0.8333333333333334,320,0.440625,1.2237876817157813,9.607733530193222,0.03002416728185382,-2.890461119954401,0.421875,275,0.44363636363636366,-2.890461119954401,0.5021970672806338,0,0.5882352941176471
SPXW,d80,-999999.0,1,score_desc,d80,22,4,0,False,False,False,False,False,-14.802726045508937,-14.730311102661558,-14.802726045508937,69,0.4927536231884058,1.362024364802847,3.722786484689254,0.05395342731433702,-2.2,0.17391304347826086,61,0.5409836065573771,-2.2,0.6715399903491049,0,0.5,117,0.47863247863247865,1.38779856413126,6.810860895800787,0.05821248628889562,-2.277480286125122,0.07692307692307693,103,0.46601941747572817,-2.277480286125122,0.6607094270233091,0,0.8333333333333334,321,0.4392523364485981,1.2152955175973241,9.307733530193225,0.02899605461119385,-2.890461119954401,0.4236760124610592,275,0.44363636363636366,-2.890461119954401,0.5183835126376553,0,0.5882352941176471
SPXW,d80,-999999.0,1,score_desc,d80,22,4,15,False,False,False,False,False,-14.802726045508937,-14.730311102661558,-14.802726045508937,69,0.4927536231884058,1.362024364802847,3.722786484689254,0.05395342731433702,-2.2,0.17391304347826086,61,0.5409836065573771,-2.2,0.6715399903491049,0,0.5,117,0.47863247863247865,1.38779856413126,6.810860895800787,0.05821248628889562,-2.277480286125122,0.07692307692307693,103,0.46601941747572817,-2.277480286125122,0.6607094270233091,0,0.8333333333333334,321,0.4392523364485981,1.2152955175973241,9.307733530193225,0.02899605461119385,-2.890461119954401,0.4236760124610592,275,0.44363636363636366,-2.890461119954401,0.5183835126376553,0,0.5882352941176471
SPXW,d80,-999999.0,1,score_desc,d80,22,4,30,False,False,False,False,False,-14.802726045508937,-14.730311102661558,-14.802726045508937,69,0.4927536231884058,1.362024364802847,3.722786484689254,0.05395342731433702,-2.2,0.17391304347826086,61,0.5409836065573771,-2.2,0.6715399903491049,0,0.5,117,0.47863247863247865,1.38779856413126,6.810860895800787,0.05821248628889562,-2.277480286125122,0.07692307692307693,103,0.46601941747572817,-2.277480286125122,0.6607094270233091,0,0.8333333333333334,321,0.4392523364485981,1.2152955175973241,9.307733530193225,0.02899605461119385,-2.890461119954401,0.4236760124610592,275,0.44363636363636366,-2.890461119954401,0.5183835126376553,0,0.5882352941176471
SPXW,d80,0.0,1,score_desc,d80,22,3,0,False,False,False,False,False,-14.802726045508937,-14.730311102661558,-14.802726045508937,69,0.4927536231884058,1.362024364802847,3.722786484689254,0.05395342731433702,-2.2,0.17391304347826086,61,0.5409836065573771,-2.2,0.6715399903491049,0,0.5,117,0.47863247863247865,1.38779856413126,6.810860895800787,0.05821248628889562,-2.277480286125122,0.07692307692307693,103,0.46601941747572817,-2.277480286125122,0.6607094270233091,0,0.8333333333333334,318,0.4339622641509434,1.1735785429596388,7.537208612431197,0.023701913875569802,-4.128676920014306,0.42452830188679247,269,0.4423791821561338,-4.128676920014308,0.640154180437432,0,0.5294117647058824
SPXW,d80,0.0,1,score_desc,d80,22,3,15,False,False,False,False,False,-14.802726045508937,-14.730311102661558,-14.802726045508937,69,0.4927536231884058,1.362024364802847,3.722786484689254,0.05395342731433702,-2.2,0.17391304347826086,61,0.5409836065573771,-2.2,0.6715399903491049,0,0.5,117,0.47863247863247865,1.38779856413126,6.810860895800787,0.05821248628889562,-2.277480286125122,0.07692307692307693,103,0.46601941747572817,-2.277480286125122,0.6607094270233091,0,0.8333333333333334,318,0.4339622641509434,1.1735785429596388,7.537208612431197,0.023701913875569802,-4.128676920014306,0.42452830188679247,269,0.4423791821561338,-4.128676920014308,0.640154180437432,0,0.5294117647058824
SPXW,d80,0.0,1,score_desc,d80,22,3,30,False,False,False,False,False,-14.802726045508937,-14.730311102661558,-14.802726045508937,69,0.4927536231884058,1.362024364802847,3.722786484689254,0.05395342731433702,-2.2,0.17391304347826086,61,0.5409836065573771,-2.2,0.6715399903491049,0,0.5,117,0.47863247863247865,1.38779856413126,6.810860895800787,0.05821248628889562,-2.277480286125122,0.07692307692307693,103,0.46601941747572817,-2.277480286125122,0.6607094270233091,0,0.8333333333333334,318,0.4339622641509434,1.1735785429596388,7.537208612431197,0.023701913875569802,-4.128676920014306,0.42452830188679247,269,0.4423791821561338,-4.128676920014308,0.640154180437432,0,0.5294117647058824
SPXW,d80,0.0,1,score_desc,d80,22,4,0,False,False,False,False,False,-14.802726045508937,-14.730311102661558,-14.802726045508937,69,0.4927536231884058,1.362024364802847,3.722786484689254,0.05395342731433702,-2.2,0.17391304347826086,61,0.5409836065573771,-2.2,0.6715399903491049,0,0.5,117,0.47863247863247865,1.38779856413126,6.810860895800787,0.05821248628889562,-2.277480286125122,0.07692307692307693,103,0.46601941747572817,-2.277480286125122,0.6607094270233091,0,0.8333333333333334,319,0.43260188087774293,1.1655260796766906,7.237208612431197,0.022687174333640116,-4.128676920014306,0.4263322884012539,269,0.4423791821561338,-4.128676920014308,0.6666901371046692,0,0.5294117647058824
SPXW,d80,0.0,1,score_desc,d80,22,4,15,False,False,False,False,False,-14.802726045508937,-14.730311102661558,-14.802726045508937,69,0.4927536231884058,1.362024364802847,3.722786484689254,0.05395342731433702,-2.2,0.17391304347826086,61,0.5409836065573771,-2.2,0.6715399903491049,0,0.5,117,0.47863247863247865,1.38779856413126,6.810860895800787,0.05821248628889562,-2.277480286125122,0.07692307692307693,103,0.46601941747572817,-2.277480286125122,0.6607094270233091,0,0.8333333333333334,319,0.43260188087774293,1.1655260796766906,7.237208612431197,0.022687174333640116,-4.128676920014306,0.4263322884012539,269,0.4423791821561338,-4.128676920014308,0.6666901371046692,0,0.5294117647058824
SPXW,d80,0.0,1,score_desc,d80,22,4,30,False,False,False,False,False,-14.802726045508937,-14.730311102661558,-14.802726045508937,69,0.4927536231884058,1.362024364802847,3.722786484689254,0.05395342731433702,-2.2,0.17391304347826086,61,0.5409836065573771,-2.2,0.6715399903491049,0,0.5,117,0.47863247863247865,1.38779856413126,6.810860895800787,0.05821248628889562,-2.277480286125122,0.07692307692307693,103,0.46601941747572817,-2.277480286125122,0.6607094270233091,0,0.8333333333333334,319,0.43260188087774293,1.1655260796766906,7.237208612431197,0.022687174333640116,-4.128676920014306,0.4263322884012539,269,0.4423791821561338,-4.128676920014308,0.6666901371046692,0,0.5294117647058824
SPXW,"d50ret,d65ret,d80_front",0.0,1,score_desc,d65ret,22,2,15,False,False,False,False,False,-14.832082474091568,-11.322098302692746,-14.832082474091568,93,0.44086021505376344,1.3794384778707385,5.140543138368553,0.0552746574018124,-2.6999999999999984,0.21505376344086022,82,0.4634146341463415,-2.699999999999999,0.6808619061819196,0,0.6666666666666666,133,0.39849624060150374,0.9391530465108644,-1.321618478024461,-0.009936981037777903,-4.457064346197027,0.2706766917293233,128,0.40625,-4.457064346197027,-1.8916200413125042,20,0.5,383,0.42036553524804177,1.0347349542876123,1.871038816112021,0.004885218841023554,-4.468540918408296,0.38642297650130547,343,0.40816326530612246,-4.468540918408296,2.6723122775132446,19,0.47058823529411764
SPXW,"d50ret,d65ret,d80_front",0.0,1,score_desc,d65ret,22,2,30,False,False,False,False,False,-14.832082474091568,-11.322098302692746,-14.832082474091568,93,0.44086021505376344,1.3794384778707385,5.140543138368553,0.0552746574018124,-2.6999999999999984,0.21505376344086022,82,0.4634146341463415,-2.699999999999999,0.6808619061819196,0,0.6666666666666666,133,0.39849624060150374,0.9391530465108644,-1.321618478024461,-0.009936981037777903,-4.457064346197027,0.2706766917293233,128,0.40625,-4.457064346197027,-1.8916200413125042,20,0.5,382,0.418848167539267,1.0309966388065404,1.6696700935842033,0.004370864119330375,-4.53317220261901,0.3900523560209424,343,0.40816326530612246,-4.53317220261901,2.994603556243097,19,0.4117647058823529
SPXW,"d50ret,d65ret,d80_front",0.0,1,score_desc,d65ret,22,2,0,False,False,False,False,False,-14.832082474091568,-11.322098302692746,-14.832082474091568,93,0.44086021505376344,1.3794384778707385,5.140543138368553,0.0552746574018124,-2.6999999999999984,0.21505376344086022,82,0.4634146341463415,-2.699999999999999,0.6808619061819196,0,0.6666666666666666,133,0.39849624060150374,0.9391530465108644,-1.321618478024461,-0.009936981037777903,-4.457064346197027,0.2706766917293233,128,0.40625,-4.457064346197027,-1.8916200413125042,20,0.5,385,0.41818181818181815,1.023336300456029,1.271038816112021,0.0033013995223688856,-4.665730191803677,0.38441558441558443,343,0.40524781341107874,-4.665730191803676,3.9337901695988275,19,0.4117647058823529
SPXW,"d50ret,d65ret,d80_front",-999999.0,1,score_desc,d65ret,22,2,15,False,False,False,False,False,-14.832082474091568,-11.322098302692746,-14.832082474091568,93,0.44086021505376344,1.3794384778707385,5.140543138368553,0.0552746574018124,-2.6999999999999984,0.21505376344086022,82,0.4634146341463415,-2.699999999999999,0.6808619061819196,0,0.6666666666666666,133,0.39849624060150374,0.9391530465108644,-1.321618478024461,-0.009936981037777903,-4.457064346197027,0.2706766917293233,128,0.40625,-4.457064346197027,-1.8916200413125042,20,0.5,386,0.41450777202072536,1.0080974444581972,0.4411069550589697,0.0011427641322771236,-4.866066924311492,0.37823834196891193,350,0.4085714285714286,-4.866066924311492,10.080954991196,19,0.47058823529411764
SPXW,"d50ret,d65ret,d80_front",-999999.0,1,score_desc,d65ret,22,2,30,False,False,False,False,False,-14.832082474091568,-11.322098302692746,-14.832082474091568,93,0.44086021505376344,1.3794384778707385,5.140543138368553,0.0552746574018124,-2.6999999999999984,0.21505376344086022,82,0.4634146341463415,-2.699999999999999,0.6808619061819196,0,0.6666666666666666,133,0.39849624060150374,0.9391530465108644,-1.321618478024461,-0.009936981037777903,-4.457064346197027,0.2706766917293233,128,0.40625,-4.457064346197027,-1.8916200413125042,20,0.5,385,0.412987012987013,1.0044008986939865,0.23973823253115212,0.0006226967078731224,-5.0929688846964885,0.38181818181818183,350,0.4085714285714286,-5.092968884696489,18.548478118420956,19,0.4117647058823529
SPXW,"d50ret,d65ret,d80_front",-999999.0,1,score_desc,d65ret,22,2,0,False,False,False,False,False,-14.832082474091568,-11.322098302692746,-14.832082474091568,93,0.44086021505376344,1.3794384778707385,5.140543138368553,0.0552746574018124,-2.6999999999999984,0.21505376344086022,82,0.4634146341463415,-2.699999999999999,0.6808619061819196,0,0.6666666666666666,133,0.39849624060150374,0.9391530465108644,-1.321618478024461,-0.009936981037777903,-4.457064346197027,0.2706766917293233,128,0.40625,-4.457064346197027,-1.8916200413125042,20,0.5,387,0.4134366925064599,1.0025761274077463,0.14110695505896942,0.0003646174549327375,-5.063256197706873,0.3772609819121447,350,0.4057142857142857,-5.063256197706872,31.513537786954977,19,0.47058823529411764
SPXW,"d65ret,d80,d80_zero",0.0,1,score_desc,d65win,21,2,30,False,False,False,False,False,-14.836506272280282,19.13175956858968,-14.836506272280282,111,0.4594594594594595,1.3142155261680033,5.230829573860455,0.047124590755499594,-2.737638554175465,0.2072072072072072,102,0.47058823529411764,-2.737638554175465,0.5663186065466566,0,0.6666666666666666,137,0.45255474452554745,1.1815299413879699,3.881073345724018,0.02832900252353298,-2.3704762549331027,0.18248175182481752,128,0.4375,-2.3704762549331027,0.8005928011877343,21,0.5,378,0.41534391534391535,1.0367904437821447,2.100273899536202,0.00555628015750318,-4.731869177854742,0.37037037037037035,344,0.41569767441860467,-4.731869177854742,1.5998312864102644,20,0.47058823529411764
SPXW,"d65ret,d80,d80_zero",-999999.0,1,score_desc,d65win,21,2,30,False,False,False,False,False,-14.836506272280282,19.13175956858968,-14.836506272280282,111,0.4594594594594595,1.3142155261680033,5.230829573860455,0.047124590755499594,-2.737638554175465,0.2072072072072072,102,0.47058823529411764,-2.737638554175465,0.5663186065466566,0,0.6666666666666666,137,0.45255474452554745,1.1815299413879699,3.881073345724018,0.02832900252353298,-2.3704762549331027,0.18248175182481752,128,0.4375,-2.3704762549331027,0.8005928011877343,21,0.5,381,0.4199475065616798,1.0349714565181725,2.0201357529257624,0.0053021935772329725,-5.185880870095096,0.3753280839895013,350,0.41714285714285715,-5.185880870095096,1.6632960877220728,21,0.47058823529411764
SPXW,"d50ret,d65ret,d80",-999999.0,1,score_desc,d65win,21,2,30,False,False,False,False,False,-14.836506272280282,16.857486656456704,-14.836506272280282,111,0.4594594594594595,1.3142155261680033,5.230829573860453,0.04712459075549958,-2.3999999999999986,0.22522522522522523,102,0.47058823529411764,-2.3999999999999986,0.5663186065466568,0,0.6666666666666666,137,0.44525547445255476,1.1170611647637572,2.590163128201877,0.018906300205853117,-3.1086903192191104,0.2116788321167883,128,0.421875,-3.1086903192191104,1.1726208302327163,21,0.3333333333333333,380,0.40789473684210525,1.0220052274487235,1.3039925769571936,0.0034315594130452463,-5.211899131649985,0.35789473684210527,349,0.4040114613180516,-5.211899131649985,2.48213376844496,20,0.4117647058823529
SPXW,"d50ret,d65ret,d80",0.0,1,score_desc,d65win,21,2,30,False,False,False,False,False,-14.836506272280282,16.857486656456704,-14.836506272280282,111,0.4594594594594595,1.3142155261680033,5.230829573860453,0.04712459075549958,-2.3999999999999986,0.22522522522522523,102,0.47058823529411764,-2.3999999999999986,0.5663186065466568,0,0.6666666666666666,137,0.44525547445255476,1.1170611647637572,2.590163128201877,0.018906300205853117,-3.1086903192191104,0.2116788321167883,128,0.421875,-3.1086903192191104,1.1726208302327163,21,0.3333333333333333,378,0.3915343915343915,0.9949405542280967,-0.30209439528940385,-0.0007991915219296398,-5.3773113104149,0.35714285714285715,344,0.38953488372093026,-5.3773113104149,-10.714147827755287,19,0.4117647058823529
SPXW,"d50ret,d65ret,d80_front",-999999.0,1,score_desc,d50ret,21,2,30,False,False,False,False,False,-14.851975741568495,-11.171433556577057,-14.851975741568495,84,0.44047619047619047,1.4214994110353412,5.094430565029592,0.06064798291701895,-2.3999999999999986,0.23809523809523808,82,0.45121951219512196,-2.3999999999999986,0.49073198036324167,0,0.5,137,0.40145985401459855,0.9450471356332845,-1.2182337451955547,-0.008892217118215728,-4.718732563980329,0.25547445255474455,128,0.3984375,-4.718732563980329,-2.4821996617547497,21,0.3333333333333333,381,0.4199475065616798,1.044515395372776,2.339128141271125,0.006139443940344161,-5.493610207702684,0.3779527559055118,350,0.4142857142857143,-5.493610207702685,1.5881011220538899,19,0.47058823529411764
SPXW,"d50ret,d65ret,d80_front",-999999.0,1,score_desc,d50ret,21,3,30,False,False,False,False,False,-14.851975741568495,-11.171433556577057,-14.851975741568495,84,0.44047619047619047,1.4214994110353412,5.094430565029592,0.06064798291701895,-2.3999999999999986,0.23809523809523808,82,0.43902439024390244,-2.3999999999999986,0.49073198036324167,0,0.5,137,0.40145985401459855,0.9450471356332845,-1.2182337451955547,-0.008892217118215728,-4.718732563980329,0.25547445255474455,128,0.3984375,-4.718732563980329,-2.4821996617547497,21,0.3333333333333333,381,0.4199475065616798,1.044515395372776,2.339128141271125,0.006139443940344161,-5.493610207702684,0.3779527559055118,350,0.4142857142857143,-5.493610207702685,1.5881011220538899,19,0.47058823529411764
SPXW,"d50ret,d65ret,d80_front",-999999.0,1,score_desc,d50ret,21,4,30,False,False,False,False,False,-14.851975741568495,-11.171433556577057,-14.851975741568495,84,0.44047619047619047,1.4214994110353412,5.094430565029592,0.06064798291701895,-2.3999999999999986,0.23809523809523808,82,0.43902439024390244,-2.3999999999999986,0.49073198036324167,0,0.5,137,0.40145985401459855,0.9450471356332845,-1.2182337451955547,-0.008892217118215728,-4.718732563980329,0.25547445255474455,128,0.3984375,-4.718732563980329,-2.4821996617547497,21,0.3333333333333333,381,0.4199475065616798,1.044515395372776,2.339128141271125,0.006139443940344161,-5.493610207702684,0.3779527559055118,350,0.4142857142857143,-5.493610207702685,1.5881011220538899,19,0.47058823529411764
SPXW,"d50ret,d65ret,d80_front",-999999.0,1,score_desc,d50ret,21,2,15,False,False,False,False,False,-14.851975741568495,-11.171433556577057,-14.851975741568495,84,0.44047619047619047,1.4214994110353412,5.094430565029592,0.06064798291701895,-2.3999999999999986,0.23809523809523808,82,0.45121951219512196,-2.3999999999999986,0.49073198036324167,0,0.5,137,0.40145985401459855,0.9450471356332845,-1.2182337451955547,-0.008892217118215728,-4.718732563980329,0.25547445255474455,128,0.3984375,-4.718732563980329,-2.4821996617547497,21,0.3333333333333333,381,0.4199475065616798,1.0425536037483103,2.2360428612759815,0.005868878900986828,-5.493610207702684,0.3805774278215223,350,0.4114285714285714,-5.493610207702683,1.6613152145306804,19,0.47058823529411764
SPXW,"d50ret,d65ret,d80_front",-999999.0,1,score_desc,d50ret,21,3,15,False,False,False,False,False,-14.851975741568495,-11.171433556577057,-14.851975741568495,84,0.44047619047619047,1.4214994110353412,5.094430565029592,0.06064798291701895,-2.3999999999999986,0.23809523809523808,82,0.43902439024390244,-2.3999999999999986,0.49073198036324167,0,0.5,137,0.40145985401459855,0.9450471356332845,-1.2182337451955547,-0.008892217118215728,-4.718732563980329,0.25547445255474455,128,0.3984375,-4.718732563980329,-2.4821996617547497,21,0.3333333333333333,381,0.4199475065616798,1.0425536037483103,2.2360428612759815,0.005868878900986828,-5.493610207702684,0.3805774278215223,350,0.4114285714285714,-5.493610207702683,1.6613152145306804,19,0.47058823529411764
SPXW,"d50ret,d65ret,d80_front",-999999.0,1,score_desc,d50ret,21,4,15,False,False,False,False,False,-14.851975741568495,-11.171433556577057,-14.851975741568495,84,0.44047619047619047,1.4214994110353412,5.094430565029592,0.06064798291701895,-2.3999999999999986,0.23809523809523808,82,0.43902439024390244,-2.3999999999999986,0.49073198036324167,0,0.5,137,0.40145985401459855,0.9450471356332845,-1.2182337451955547,-0.008892217118215728,-4.718732563980329,0.25547445255474455,128,0.3984375,-4.718732563980329,-2.4821996617547497,21,0.3333333333333333,381,0.4199475065616798,1.0425536037483103,2.2360428612759815,0.005868878900986828,-5.493610207702684,0.3805774278215223,350,0.4114285714285714,-5.493610207702683,1.6613152145306804,19,0.47058823529411764
SPXW,"d50ret,d65ret,d80_front",0.0,1,score_desc,d50ret,21,2,30,False,False,False,False,False,-14.851975741568495,-11.171433556577057,-14.851975741568495,84,0.44047619047619047,1.4214994110353412,5.094430565029592,0.06064798291701895,-2.3999999999999986,0.23809523809523808,82,0.45121951219512196,-2.3999999999999986,0.49073198036324167,0,0.5,137,0.40145985401459855,0.9450471356332845,-1.2182337451955547,-0.008892217118215728,-4.718732563980329,0.25547445255474455,128,0.3984375,-4.718732563980329,-2.4821996617547497,21,0.3333333333333333,373,0.4155495978552279,1.0288622071378741,1.5027760270179407,0.004028890152863111,-5.897152428568429,0.38605898123324395,339,0.41297935103244837,-5.897152428568428,2.4719399025495337,18,0.47058823529411764
SPXW,"d50ret,d65ret,d80_front",0.0,1,score_desc,d50ret,21,3,30,False,False,False,False,False,-14.851975741568495,-11.171433556577057,-14.851975741568495,84,0.44047619047619047,1.4214994110353412,5.094430565029592,0.06064798291701895,-2.3999999999999986,0.23809523809523808,82,0.43902439024390244,-2.3999999999999986,0.49073198036324167,0,0.5,137,0.40145985401459855,0.9450471356332845,-1.2182337451955547,-0.008892217118215728,-4.718732563980329,0.25547445255474455,128,0.3984375,-4.718732563980329,-2.4821996617547497,21,0.3333333333333333,373,0.4155495978552279,1.0288622071378741,1.5027760270179407,0.004028890152863111,-5.897152428568429,0.38605898123324395,339,0.41297935103244837,-5.897152428568428,2.4719399025495337,18,0.47058823529411764
SPXW,"d50ret,d65ret,d80_front",0.0,1,score_desc,d50ret,21,4,30,False,False,False,False,False,-14.851975741568495,-11.171433556577057,-14.851975741568495,84,0.44047619047619047,1.4214994110353412,5.094430565029592,0.06064798291701895,-2.3999999999999986,0.23809523809523808,82,0.43902439024390244,-2.3999999999999986,0.49073198036324167,0,0.5,137,0.40145985401459855,0.9450471356332845,-1.2182337451955547,-0.008892217118215728,-4.718732563980329,0.25547445255474455,128,0.3984375,-4.718732563980329,-2.4821996617547497,21,0.3333333333333333,373,0.4155495978552279,1.0288622071378741,1.5027760270179407,0.004028890152863111,-5.897152428568429,0.38605898123324395,339,0.41297935103244837,-5.897152428568428,2.4719399025495337,18,0.47058823529411764
SPXW,"d50ret,d65ret,d80_front",0.0,1,score_desc,d50ret,21,2,15,False,False,False,False,False,-14.851975741568495,-11.171433556577057,-14.851975741568495,84,0.44047619047619047,1.4214994110353412,5.094430565029592,0.06064798291701895,-2.3999999999999986,0.23809523809523808,82,0.45121951219512196,-2.3999999999999986,0.49073198036324167,0,0.5,137,0.40145985401459855,0.9450471356332845,-1.2182337451955547,-0.008892217118215728,-4.718732563980329,0.25547445255474455,128,0.3984375,-4.718732563980329,-2.4821996617547497,21,0.3333333333333333,373,0.4155495978552279,1.0267575057204046,1.3933594032412389,0.003735547997965788,-5.903483772349985,0.38873994638069703,339,0.41002949852507375,-5.903483772349986,2.666054441617277,18,0.47058823529411764
SPXW,"d50ret,d65ret,d80_front",0.0,1,score_desc,d50ret,21,3,15,False,False,False,False,False,-14.851975741568495,-11.171433556577057,-14.851975741568495,84,0.44047619047619047,1.4214994110353412,5.094430565029592,0.06064798291701895,-2.3999999999999986,0.23809523809523808,82,0.43902439024390244,-2.3999999999999986,0.49073198036324167,0,0.5,137,0.40145985401459855,0.9450471356332845,-1.2182337451955547,-0.008892217118215728,-4.718732563980329,0.25547445255474455,128,0.3984375,-4.718732563980329,-2.4821996617547497,21,0.3333333333333333,373,0.4155495978552279,1.0267575057204046,1.3933594032412389,0.003735547997965788,-5.903483772349985,0.38873994638069703,339,0.41002949852507375,-5.903483772349986,2.666054441617277,18,0.47058823529411764
SPXW,"d50ret,d65ret,d80_front",0.0,1,score_desc,d50ret,21,4,15,False,False,False,False,False,-14.851975741568495,-11.171433556577057,-14.851975741568495,84,0.44047619047619047,1.4214994110353412,5.094430565029592,0.06064798291701895,-2.3999999999999986,0.23809523809523808,82,0.43902439024390244,-2.3999999999999986,0.49073198036324167,0,0.5,137,0.40145985401459855,0.9450471356332845,-1.2182337451955547,-0.008892217118215728,-4.718732563980329,0.25547445255474455,128,0.3984375,-4.718732563980329,-2.4821996617547497,21,0.3333333333333333,373,0.4155495978552279,1.0267575057204046,1.3933594032412389,0.003735547997965788,-5.903483772349985,0.38873994638069703,339,0.41002949852507375,-5.903483772349986,2.666054441617277,18,0.47058823529411764
SPXW,"d50ret,d65ret,d80_front",-999999.0,1,score_desc,d50ret,21,2,0,False,False,False,False,False,-14.851975741568495,-11.171433556577057,-14.851975741568495,84,0.44047619047619047,1.4214994110353412,5.094430565029592,0.06064798291701895,-2.3999999999999986,0.23809523809523808,82,0.45121951219512196,-2.3999999999999986,0.49073198036324167,0,0.5,137,0.40145985401459855,0.9450471356332845,-1.2182337451955547,-0.008892217118215728,-4.718732563980329,0.25547445255474455,128,0.3984375,-4.718732563980329,-2.4821996617547497,21,0.3333333333333333,381,0.41732283464566927,1.0263999776563069,1.3961982671650786,0.003664562381010705,-5.400894856782991,0.3779527559055118,350,0.4085714285714286,-5.400894856782991,2.5622182042416615,19,0.47058823529411764
SPXW,"d50ret,d65ret,d80_front",-999999.0,1,score_desc,d50ret,21,3,0,False,False,False,False,False,-14.851975741568495,-11.171433556577057,-14.851975741568495,84,0.44047619047619047,1.4214994110353412,5.094430565029592,0.06064798291701895,-2.3999999999999986,0.23809523809523808,82,0.43902439024390244,-2.3999999999999986,0.49073198036324167,0,0.5,137,0.40145985401459855,0.9450471356332845,-1.2182337451955547,-0.008892217118215728,-4.718732563980329,0.25547445255474455,128,0.3984375,-4.718732563980329,-2.4821996617547497,21,0.3333333333333333,381,0.41732283464566927,1.0263999776563069,1.3961982671650786,0.003664562381010705,-5.400894856782991,0.3779527559055118,350,0.4085714285714286,-5.400894856782991,2.5622182042416615,19,0.47058823529411764
SPXW,"d50ret,d65ret,d80_front",-999999.0,1,score_desc,d50ret,21,4,0,False,False,False,False,False,-14.851975741568495,-11.171433556577057,-14.851975741568495,84,0.44047619047619047,1.4214994110353412,5.094430565029592,0.06064798291701895,-2.3999999999999986,0.23809523809523808,82,0.43902439024390244,-2.3999999999999986,0.49073198036324167,0,0.5,137,0.40145985401459855,0.9450471356332845,-1.2182337451955547,-0.008892217118215728,-4.718732563980329,0.25547445255474455,128,0.3984375,-4.718732563980329,-2.4821996617547497,21,0.3333333333333333,381,0.41732283464566927,1.0263999776563069,1.3961982671650786,0.003664562381010705,-5.400894856782991,0.3779527559055118,350,0.4085714285714286,-5.400894856782991,2.5622182042416615,19,0.47058823529411764
SPXW,"d50ret,d65ret,d80_front",0.0,1,score_desc,d50ret,21,2,0,False,False,False,False,False,-14.851975741568495,-11.171433556577057,-14.851975741568495,84,0.44047619047619047,1.4214994110353412,5.094430565029592,0.06064798291701895,-2.3999999999999986,0.23809523809523808,82,0.45121951219512196,-2.3999999999999986,0.49073198036324167,0,0.5,137,0.40145985401459855,0.9450471356332845,-1.2182337451955547,-0.008892217118215728,-4.718732563980329,0.25547445255474455,128,0.3984375,-4.718732563980329,-2.4821996617547497,21,0.3333333333333333,373,0.4155495978552279,1.022880485495638,1.1923807022594017,0.003196731105253088,-5.810768421430291,0.38873994638069703,338,0.40828402366863903,-5.810768421430291,3.2469957346298584,18,0.47058823529411764
SPXW,"d50ret,d65ret,d80_front",0.0,1,score_desc,d50ret,21,3,0,False,False,False,False,False,-14.851975741568495,-11.171433556577057,-14.851975741568495,84,0.44047619047619047,1.4214994110353412,5.094430565029592,0.06064798291701895,-2.3999999999999986,0.23809523809523808,82,0.43902439024390244,-2.3999999999999986,0.49073198036324167,0,0.5,137,0.40145985401459855,0.9450471356332845,-1.2182337451955547,-0.008892217118215728,-4.718732563980329,0.25547445255474455,128,0.3984375,-4.718732563980329,-2.4821996617547497,21,0.3333333333333333,373,0.4155495978552279,1.022880485495638,1.1923807022594017,0.003196731105253088,-5.810768421430291,0.38873994638069703,338,0.40828402366863903,-5.810768421430291,3.2469957346298584,18,0.47058823529411764
SPXW,"d50ret,d65ret,d80_front",0.0,1,score_desc,d50ret,21,4,0,False,False,False,False,False,-14.851975741568495,-11.171433556577057,-14.851975741568495,84,0.44047619047619047,1.4214994110353412,5.094430565029592,0.06064798291701895,-2.3999999999999986,0.23809523809523808,82,0.43902439024390244,-2.3999999999999986,0.49073198036324167,0,0.5,137,0.40145985401459855,0.9450471356332845,-1.2182337451955547,-0.008892217118215728,-4.718732563980329,0.25547445255474455,128,0.3984375,-4.718732563980329,-2.4821996617547497,21,0.3333333333333333,373,0.4155495978552279,1.022880485495638,1.1923807022594017,0.003196731105253088,-5.810768421430291,0.38873994638069703,338,0.40828402366863903,-5.810768421430291,3.2469957346298584,18,0.47058823529411764
SPXW,d80,-999999.0,1,score_desc,d80,21,3,0,False,False,False,False,False,-14.857559247075098,-14.79971663894601,-14.857559247075098,67,0.4925373134328358,1.3528697603565902,3.5227864846892536,0.05257890275655602,-2.2,0.1791044776119403,61,0.5409836065573771,-2.2,0.7096654909020198,0,0.5,115,0.4782608695652174,1.38295230353383,6.610860895800786,0.05748574692000684,-2.2774802861251224,0.0782608695652174,103,0.46601941747572817,-2.2774802861251224,0.6806980317583745,0,0.8333333333333334,315,0.44126984126984126,1.2267609564694852,9.615631082350351,0.030525812959842386,-2.890461119954401,0.4253968253968254,275,0.44,-2.890461119954401,0.5017846005898843,0,0.5882352941176471
SPXW,d80,-999999.0,1,score_desc,d80,21,3,15,False,False,False,False,False,-14.857559247075098,-14.79971663894601,-14.857559247075098,67,0.4925373134328358,1.3528697603565902,3.5227864846892536,0.05257890275655602,-2.2,0.1791044776119403,61,0.5409836065573771,-2.2,0.7096654909020198,0,0.5,115,0.4782608695652174,1.38295230353383,6.610860895800786,0.05748574692000684,-2.2774802861251224,0.0782608695652174,103,0.46601941747572817,-2.2774802861251224,0.6806980317583745,0,0.8333333333333334,315,0.44126984126984126,1.2267609564694852,9.615631082350351,0.030525812959842386,-2.890461119954401,0.4253968253968254,275,0.44,-2.890461119954401,0.5017846005898843,0,0.5882352941176471
SPXW,d80,-999999.0,1,score_desc,d80,21,3,30,False,False,False,False,False,-14.857559247075098,-14.79971663894601,-14.857559247075098,67,0.4925373134328358,1.3528697603565902,3.5227864846892536,0.05257890275655602,-2.2,0.1791044776119403,61,0.5409836065573771,-2.2,0.7096654909020198,0,0.5,115,0.4782608695652174,1.38295230353383,6.610860895800786,0.05748574692000684,-2.2774802861251224,0.0782608695652174,103,0.46601941747572817,-2.2774802861251224,0.6806980317583745,0,0.8333333333333334,315,0.44126984126984126,1.2267609564694852,9.615631082350351,0.030525812959842386,-2.890461119954401,0.4253968253968254,275,0.44,-2.890461119954401,0.5017846005898843,0,0.5882352941176471
SPXW,d80,-999999.0,1,score_desc,d80,21,4,0,False,False,False,False,False,-14.857559247075098,-14.79971663894601,-14.857559247075098,67,0.4925373134328358,1.3528697603565902,3.5227864846892536,0.05257890275655602,-2.2,0.1791044776119403,61,0.5409836065573771,-2.2,0.7096654909020198,0,0.5,115,0.4782608695652174,1.38295230353383,6.610860895800786,0.05748574692000684,-2.2774802861251224,0.0782608695652174,103,0.46601941747572817,-2.2774802861251224,0.6806980317583745,0,0.8333333333333334,316,0.439873417721519,1.2181428872900613,9.31563108235035,0.029479845197311234,-2.890461119954401,0.4272151898734177,275,0.44,-2.890461119954401,0.5179440404438491,0,0.5882352941176471
SPXW,d80,-999999.0,1,score_desc,d80,21,4,15,False,False,False,False,False,-14.857559247075098,-14.79971663894601,-14.857559247075098,67,0.4925373134328358,1.3528697603565902,3.5227864846892536,0.05257890275655602,-2.2,0.1791044776119403,61,0.5409836065573771,-2.2,0.7096654909020198,0,0.5,115,0.4782608695652174,1.38295230353383,6.610860895800786,0.05748574692000684,-2.2774802861251224,0.0782608695652174,103,0.46601941747572817,-2.2774802861251224,0.6806980317583745,0,0.8333333333333334,316,0.439873417721519,1.2181428872900613,9.31563108235035,0.029479845197311234,-2.890461119954401,0.4272151898734177,275,0.44,-2.890461119954401,0.5179440404438491,0,0.5882352941176471
SPXW,d80,-999999.0,1,score_desc,d80,21,4,30,False,False,False,False,False,-14.857559247075098,-14.79971663894601,-14.857559247075098,67,0.4925373134328358,1.3528697603565902,3.5227864846892536,0.05257890275655602,-2.2,0.1791044776119403,61,0.5409836065573771,-2.2,0.7096654909020198,0,0.5,115,0.4782608695652174,1.38295230353383,6.610860895800786,0.05748574692000684,-2.2774802861251224,0.0782608695652174,103,0.46601941747572817,-2.2774802861251224,0.6806980317583745,0,0.8333333333333334,316,0.439873417721519,1.2181428872900613,9.31563108235035,0.029479845197311234,-2.890461119954401,0.4272151898734177,275,0.44,-2.890461119954401,0.5179440404438491,0,0.5882352941176471
SPXW,d80,0.0,1,score_desc,d80,21,3,0,False,False,False,False,False,-14.857559247075098,-14.79971663894601,-14.857559247075098,67,0.4925373134328358,1.3528697603565902,3.5227864846892536,0.05257890275655602,-2.2,0.1791044776119403,61,0.5409836065573771,-2.2,0.7096654909020198,0,0.5,115,0.4782608695652174,1.38295230353383,6.610860895800786,0.05748574692000684,-2.2774802861251224,0.0782608695652174,103,0.46601941747572817,-2.2774802861251224,0.6806980317583745,0,0.8333333333333334,312,0.4358974358974359,1.1803152433087138,7.705573772681174,0.024697351835516586,-3.788647297826643,0.42948717948717946,269,0.43866171003717475,-3.788647297826644,0.6261669467344525,0,0.5294117647058824
SPXW,d80,0.0,1,score_desc,d80,21,3,15,False,False,False,False,False,-14.857559247075098,-14.79971663894601,-14.857559247075098,67,0.4925373134328358,1.3528697603565902,3.5227864846892536,0.05257890275655602,-2.2,0.1791044776119403,61,0.5409836065573771,-2.2,0.7096654909020198,0,0.5,115,0.4782608695652174,1.38295230353383,6.610860895800786,0.05748574692000684,-2.2774802861251224,0.0782608695652174,103,0.46601941747572817,-2.2774802861251224,0.6806980317583745,0,0.8333333333333334,312,0.4358974358974359,1.1803152433087138,7.705573772681174,0.024697351835516586,-3.788647297826643,0.42948717948717946,269,0.43866171003717475,-3.788647297826644,0.6261669467344525,0,0.5294117647058824
SPXW,d80,0.0,1,score_desc,d80,21,3,30,False,False,False,False,False,-14.857559247075098,-14.79971663894601,-14.857559247075098,67,0.4925373134328358,1.3528697603565902,3.5227864846892536,0.05257890275655602,-2.2,0.1791044776119403,61,0.5409836065573771,-2.2,0.7096654909020198,0,0.5,115,0.4782608695652174,1.38295230353383,6.610860895800786,0.05748574692000684,-2.2774802861251224,0.0782608695652174,103,0.46601941747572817,-2.2774802861251224,0.6806980317583745,0,0.8333333333333334,312,0.4358974358974359,1.1803152433087138,7.705573772681174,0.024697351835516586,-3.788647297826643,0.42948717948717946,269,0.43866171003717475,-3.788647297826644,0.6261669467344525,0,0.5294117647058824
SPXW,d80,0.0,1,score_desc,d80,21,4,0,False,False,False,False,False,-14.857559247075098,-14.79971663894601,-14.857559247075098,67,0.4925373134328358,1.3528697603565902,3.5227864846892536,0.05257890275655602,-2.2,0.1791044776119403,61,0.5409836065573771,-2.2,0.7096654909020198,0,0.5,115,0.4782608695652174,1.38295230353383,6.610860895800786,0.05748574692000684,-2.2774802861251224,0.0782608695652174,103,0.46601941747572817,-2.2774802861251224,0.6806980317583745,0,0.8333333333333334,313,0.43450479233226835,1.1720869729446775,7.405573772681174,0.023659980104412694,-3.788647297826643,0.43130990415335463,269,0.43866171003717475,-3.788647297826644,0.6515329872043087,0,0.5294117647058824
SPXW,d80,0.0,1,score_desc,d80,21,4,15,False,False,False,False,False,-14.857559247075098,-14.79971663894601,-14.857559247075098,67,0.4925373134328358,1.3528697603565902,3.5227864846892536,0.05257890275655602,-2.2,0.1791044776119403,61,0.5409836065573771,-2.2,0.7096654909020198,0,0.5,115,0.4782608695652174,1.38295230353383,6.610860895800786,0.05748574692000684,-2.2774802861251224,0.0782608695652174,103,0.46601941747572817,-2.2774802861251224,0.6806980317583745,0,0.8333333333333334,313,0.43450479233226835,1.1720869729446775,7.405573772681174,0.023659980104412694,-3.788647297826643,0.43130990415335463,269,0.43866171003717475,-3.788647297826644,0.6515329872043087,0,0.5294117647058824
SPXW,d80,0.0,1,score_desc,d80,21,4,30,False,False,False,False,False,-14.857559247075098,-14.79971663894601,-14.857559247075098,67,0.4925373134328358,1.3528697603565902,3.5227864846892536,0.05257890275655602,-2.2,0.1791044776119403,61,0.5409836065573771,-2.2,0.7096654909020198,0,0.5,115,0.4782608695652174,1.38295230353383,6.610860895800786,0.05748574692000684,-2.2774802861251224,0.0782608695652174,103,0.46601941747572817,-2.2774802861251224,0.6806980317583745,0,0.8333333333333334,313,0.43450479233226835,1.1720869729446775,7.405573772681174,0.023659980104412694,-3.788647297826643,0.43130990415335463,269,0.43866171003717475,-3.788647297826644,0.6515329872043087,0,0.5294117647058824
SPXW,"d50ret,d65ret,d80_front",0.0,1,score_desc,d65ret,22,3,15,False,False,False,False,False,-14.871239255930774,-11.322098302692746,-14.871239255930774,93,0.44086021505376344,1.3755109589701036,5.101859985197901,0.054858709518257005,-2.6999999999999984,0.21505376344086022,82,0.45121951219512196,-2.699999999999999,0.6860243146920142,0,0.6666666666666666,133,0.39849624060150374,0.9391530465108644,-1.321618478024461,-0.009936981037777903,-4.457064346197027,0.2706766917293233,128,0.40625,-4.457064346197027,-1.8916200413125042,20,0.5,383,0.42036553524804177,1.0347349542876123,1.871038816112021,0.004885218841023554,-4.468540918408296,0.38642297650130547,343,0.40816326530612246,-4.468540918408296,2.6723122775132446,19,0.47058823529411764
SPXW,"d50ret,d65ret,d80_front",0.0,1,score_desc,d65ret,22,4,15,False,False,False,False,False,-14.871239255930774,-11.322098302692746,-14.871239255930774,93,0.44086021505376344,1.3755109589701036,5.101859985197901,0.054858709518257005,-2.6999999999999984,0.21505376344086022,82,0.45121951219512196,-2.699999999999999,0.6860243146920142,0,0.6666666666666666,133,0.39849624060150374,0.9391530465108644,-1.321618478024461,-0.009936981037777903,-4.457064346197027,0.2706766917293233,128,0.40625,-4.457064346197027,-1.8916200413125042,20,0.5,383,0.42036553524804177,1.0347349542876123,1.871038816112021,0.004885218841023554,-4.468540918408296,0.38642297650130547,343,0.40816326530612246,-4.468540918408296,2.6723122775132446,19,0.47058823529411764
SPXW,"d50ret,d65ret,d80_front",0.0,1,score_desc,d65ret,22,3,30,False,False,False,False,False,-14.871239255930774,-11.322098302692746,-14.871239255930774,93,0.44086021505376344,1.3755109589701036,5.101859985197901,0.054858709518257005,-2.6999999999999984,0.21505376344086022,82,0.45121951219512196,-2.699999999999999,0.6860243146920142,0,0.6666666666666666,133,0.39849624060150374,0.9391530465108644,-1.321618478024461,-0.009936981037777903,-4.457064346197027,0.2706766917293233,128,0.40625,-4.457064346197027,-1.8916200413125042,20,0.5,382,0.418848167539267,1.0309966388065404,1.6696700935842033,0.004370864119330375,-4.53317220261901,0.3900523560209424,343,0.40816326530612246,-4.53317220261901,2.994603556243097,19,0.4117647058823529
SPXW,"d50ret,d65ret,d80_front",0.0,1,score_desc,d65ret,22,4,30,False,False,False,False,False,-14.871239255930774,-11.322098302692746,-14.871239255930774,93,0.44086021505376344,1.3755109589701036,5.101859985197901,0.054858709518257005,-2.6999999999999984,0.21505376344086022,82,0.45121951219512196,-2.699999999999999,0.6860243146920142,0,0.6666666666666666,133,0.39849624060150374,0.9391530465108644,-1.321618478024461,-0.009936981037777903,-4.457064346197027,0.2706766917293233,128,0.40625,-4.457064346197027,-1.8916200413125042,20,0.5,382,0.418848167539267,1.0309966388065404,1.6696700935842033,0.004370864119330375,-4.53317220261901,0.3900523560209424,343,0.40816326530612246,-4.53317220261901,2.994603556243097,19,0.4117647058823529
SPXW,"d50ret,d65ret,d80_front",0.0,1,score_desc,d65ret,22,3,0,False,False,False,False,False,-14.871239255930774,-11.322098302692746,-14.871239255930774,93,0.44086021505376344,1.3755109589701036,5.101859985197901,0.054858709518257005,-2.6999999999999984,0.21505376344086022,82,0.45121951219512196,-2.699999999999999,0.6860243146920142,0,0.6666666666666666,133,0.39849624060150374,0.9391530465108644,-1.321618478024461,-0.009936981037777903,-4.457064346197027,0.2706766917293233,128,0.40625,-4.457064346197027,-1.8916200413125042,20,0.5,385,0.41818181818181815,1.023336300456029,1.271038816112021,0.0033013995223688856,-4.665730191803677,0.38441558441558443,343,0.40524781341107874,-4.665730191803676,3.9337901695988275,19,0.4117647058823529
SPXW,"d50ret,d65ret,d80_front",0.0,1,score_desc,d65ret,22,4,0,False,False,False,False,False,-14.871239255930774,-11.322098302692746,-14.871239255930774,93,0.44086021505376344,1.3755109589701036,5.101859985197901,0.054858709518257005,-2.6999999999999984,0.21505376344086022,82,0.45121951219512196,-2.699999999999999,0.6860243146920142,0,0.6666666666666666,133,0.39849624060150374,0.9391530465108644,-1.321618478024461,-0.009936981037777903,-4.457064346197027,0.2706766917293233,128,0.40625,-4.457064346197027,-1.8916200413125042,20,0.5,385,0.41818181818181815,1.023336300456029,1.271038816112021,0.0033013995223688856,-4.665730191803677,0.38441558441558443,343,0.40524781341107874,-4.665730191803676,3.9337901695988275,19,0.4117647058823529
SPXW,"d50ret,d65ret,d80_front",-999999.0,1,score_desc,d65ret,22,3,15,False,False,False,False,False,-14.871239255930774,-11.322098302692746,-14.871239255930774,93,0.44086021505376344,1.3755109589701036,5.101859985197901,0.054858709518257005,-2.6999999999999984,0.21505376344086022,82,0.45121951219512196,-2.699999999999999,0.6860243146920142,0,0.6666666666666666,133,0.39849624060150374,0.9391530465108644,-1.321618478024461,-0.009936981037777903,-4.457064346197027,0.2706766917293233,128,0.40625,-4.457064346197027,-1.8916200413125042,20,0.5,386,0.41450777202072536,1.0080974444581972,0.4411069550589697,0.0011427641322771236,-4.866066924311492,0.37823834196891193,350,0.4085714285714286,-4.866066924311492,10.080954991196,19,0.47058823529411764
SPXW,"d50ret,d65ret,d80_front",-999999.0,1,score_desc,d65ret,22,4,15,False,False,False,False,False,-14.871239255930774,-11.322098302692746,-14.871239255930774,93,0.44086021505376344,1.3755109589701036,5.101859985197901,0.054858709518257005,-2.6999999999999984,0.21505376344086022,82,0.45121951219512196,-2.699999999999999,0.6860243146920142,0,0.6666666666666666,133,0.39849624060150374,0.9391530465108644,-1.321618478024461,-0.009936981037777903,-4.457064346197027,0.2706766917293233,128,0.40625,-4.457064346197027,-1.8916200413125042,20,0.5,386,0.41450777202072536,1.0080974444581972,0.4411069550589697,0.0011427641322771236,-4.866066924311492,0.37823834196891193,350,0.4085714285714286,-4.866066924311492,10.080954991196,19,0.47058823529411764
SPXW,"d50ret,d65ret,d80_front",-999999.0,1,score_desc,d65ret,22,3,30,False,False,False,False,False,-14.871239255930774,-11.322098302692746,-14.871239255930774,93,0.44086021505376344,1.3755109589701036,5.101859985197901,0.054858709518257005,-2.6999999999999984,0.21505376344086022,82,0.45121951219512196,-2.699999999999999,0.6860243146920142,0,0.6666666666666666,133,0.39849624060150374,0.9391530465108644,-1.321618478024461,-0.009936981037777903,-4.457064346197027,0.2706766917293233,128,0.40625,-4.457064346197027,-1.8916200413125042,20,0.5,385,0.412987012987013,1.0044008986939865,0.23973823253115212,0.0006226967078731224,-5.0929688846964885,0.38181818181818183,350,0.4085714285714286,-5.092968884696489,18.548478118420956,19,0.4117647058823529
SPXW,"d50ret,d65ret,d80_front",-999999.0,1,score_desc,d65ret,22,4,30,False,False,False,False,False,-14.871239255930774,-11.322098302692746,-14.871239255930774,93,0.44086021505376344,1.3755109589701036,5.101859985197901,0.054858709518257005,-2.6999999999999984,0.21505376344086022,82,0.45121951219512196,-2.699999999999999,0.6860243146920142,0,0.6666666666666666,133,0.39849624060150374,0.9391530465108644,-1.321618478024461,-0.009936981037777903,-4.457064346197027,0.2706766917293233,128,0.40625,-4.457064346197027,-1.8916200413125042,20,0.5,385,0.412987012987013,1.0044008986939865,0.23973823253115212,0.0006226967078731224,-5.0929688846964885,0.38181818181818183,350,0.4085714285714286,-5.092968884696489,18.548478118420956,19,0.4117647058823529
SPXW,"d50ret,d65ret,d80_front",-999999.0,1,score_desc,d65ret,22,3,0,False,False,False,False,False,-14.871239255930774,-11.322098302692746,-14.871239255930774,93,0.44086021505376344,1.3755109589701036,5.101859985197901,0.054858709518257005,-2.6999999999999984,0.21505376344086022,82,0.45121951219512196,-2.699999999999999,0.6860243146920142,0,0.6666666666666666,133,0.39849624060150374,0.9391530465108644,-1.321618478024461,-0.009936981037777903,-4.457064346197027,0.2706766917293233,128,0.40625,-4.457064346197027,-1.8916200413125042,20,0.5,387,0.4134366925064599,1.0025761274077463,0.14110695505896942,0.0003646174549327375,-5.063256197706873,0.3772609819121447,350,0.4057142857142857,-5.063256197706872,31.513537786954977,19,0.47058823529411764
SPXW,"d50ret,d65ret,d80_front",-999999.0,1,score_desc,d65ret,22,4,0,False,False,False,False,False,-14.871239255930774,-11.322098302692746,-14.871239255930774,93,0.44086021505376344,1.3755109589701036,5.101859985197901,0.054858709518257005,-2.6999999999999984,0.21505376344086022,82,0.45121951219512196,-2.699999999999999,0.6860243146920142,0,0.6666666666666666,133,0.39849624060150374,0.9391530465108644,-1.321618478024461,-0.009936981037777903,-4.457064346197027,0.2706766917293233,128,0.40625,-4.457064346197027,-1.8916200413125042,20,0.5,387,0.4134366925064599,1.0025761274077463,0.14110695505896942,0.0003646174549327375,-5.063256197706873,0.3772609819121447,350,0.4057142857142857,-5.063256197706872,31.513537786954977,19,0.47058823529411764
SPXW,"d65ret,d80,d80_zero",0.0,1,score_desc,d65win,21,3,30,False,False,False,False,False,-14.886321656225821,19.13175956858968,-14.886321656225821,111,0.4594594594594595,1.3094903550294237,5.170759499675952,0.04658341891599956,-2.7376385541754655,0.2072072072072072,102,0.47058823529411764,-2.7376385541754655,0.5728976788685184,0,0.6666666666666666,137,0.45255474452554745,1.1815299413879699,3.881073345724018,0.02832900252353298,-2.3704762549331027,0.18248175182481752,128,0.4375,-2.3704762549331027,0.8005928011877343,21,0.5,378,0.41534391534391535,1.0367904437821447,2.100273899536202,0.00555628015750318,-4.731869177854742,0.37037037037037035,344,0.41569767441860467,-4.731869177854742,1.5998312864102644,20,0.47058823529411764
SPXW,"d65ret,d80,d80_zero",0.0,1,score_desc,d65win,21,4,30,False,False,False,False,False,-14.886321656225821,19.13175956858968,-14.886321656225821,111,0.4594594594594595,1.3094903550294237,5.170759499675952,0.04658341891599956,-2.7376385541754655,0.2072072072072072,102,0.47058823529411764,-2.7376385541754655,0.5728976788685184,0,0.6666666666666666,137,0.45255474452554745,1.1815299413879699,3.881073345724018,0.02832900252353298,-2.3704762549331027,0.18248175182481752,128,0.4375,-2.3704762549331027,0.8005928011877343,21,0.5,378,0.41534391534391535,1.0367904437821447,2.100273899536202,0.00555628015750318,-4.731869177854742,0.37037037037037035,344,0.41569767441860467,-4.731869177854742,1.5998312864102644,20,0.47058823529411764
SPXW,"d65ret,d80,d80_zero",-999999.0,1,score_desc,d65win,21,3,30,False,False,False,False,False,-14.886321656225821,19.13175956858968,-14.886321656225821,111,0.4594594594594595,1.3094903550294237,5.170759499675952,0.04658341891599956,-2.7376385541754655,0.2072072072072072,102,0.47058823529411764,-2.7376385541754655,0.5728976788685184,0,0.6666666666666666,137,0.45255474452554745,1.1815299413879699,3.881073345724018,0.02832900252353298,-2.3704762549331027,0.18248175182481752,128,0.4375,-2.3704762549331027,0.8005928011877343,21,0.5,381,0.4199475065616798,1.0349714565181725,2.0201357529257624,0.0053021935772329725,-5.185880870095096,0.3753280839895013,350,0.41714285714285715,-5.185880870095096,1.6632960877220728,21,0.47058823529411764
SPXW,"d65ret,d80,d80_zero",-999999.0,1,score_desc,d65win,21,4,30,False,False,False,False,False,-14.886321656225821,19.13175956858968,-14.886321656225821,111,0.4594594594594595,1.3094903550294237,5.170759499675952,0.04658341891599956,-2.7376385541754655,0.2072072072072072,102,0.47058823529411764,-2.7376385541754655,0.5728976788685184,0,0.6666666666666666,137,0.45255474452554745,1.1815299413879699,3.881073345724018,0.02832900252353298,-2.3704762549331027,0.18248175182481752,128,0.4375,-2.3704762549331027,0.8005928011877343,21,0.5,381,0.4199475065616798,1.0349714565181725,2.0201357529257624,0.0053021935772329725,-5.185880870095096,0.3753280839895013,350,0.41714285714285715,-5.185880870095096,1.6632960877220728,21,0.47058823529411764
SPXW,"d50ret,d65ret,d80",0.0,1,score_desc,d80,21,2,30,False,False,False,False,False,-14.90292292177978,14.905585237574623,-14.90292292177978,108,0.4537037037037037,1.3481685010181752,5.725312017040756,0.05301214830593293,-2.3999999999999986,0.2037037037037037,102,0.47058823529411764,-2.3999999999999986,0.46215766733435176,0,0.5,135,0.4148148148148148,1.077511106806741,1.7848156363301293,0.013220856565408366,-3.238411134291896,0.2,128,0.4140625,-3.238411134291896,1.5719351772963905,21,0.5,371,0.40431266846361186,1.033778057298787,1.9936412042766707,0.00537369596840073,-5.4107196943099165,0.3584905660377358,341,0.40175953079178883,-5.4107196943099165,2.089292956935336,19,0.5882352941176471
SPXW,"d50ret,d65ret,d80",-999999.0,1,score_desc,d80,21,2,30,False,False,False,False,False,-14.90292292177978,14.905585237574623,-14.90292292177978,108,0.4537037037037037,1.3481685010181752,5.725312017040756,0.05301214830593293,-2.3999999999999986,0.2037037037037037,102,0.47058823529411764,-2.3999999999999986,0.46215766733435176,0,0.5,135,0.4148148148148148,1.077511106806741,1.7848156363301293,0.013220856565408366,-3.238411134291896,0.2,128,0.4140625,-3.238411134291896,1.5719351772963905,21,0.5,375,0.408,1.0309214574977361,1.8331278711383339,0.0048883409897022235,-5.4107196943099165,0.36,349,0.41260744985673353,-5.4107196943099165,1.7267210741745713,19,0.5294117647058824
SPXW,"d50ret,d65ret,d80",-999999.0,1,score_desc,d80,21,3,30,False,False,False,False,False,-14.90292292177978,14.905585237574623,-14.90292292177978,108,0.4537037037037037,1.3481685010181752,5.725312017040756,0.05301214830593293,-2.3999999999999986,0.2037037037037037,102,0.47058823529411764,-2.3999999999999986,0.46215766733435176,0,0.5,135,0.4148148148148148,1.077511106806741,1.7848156363301293,0.013220856565408366,-3.238411134291896,0.2,128,0.4140625,-3.238411134291896,1.5719351772963905,21,0.5,375,0.408,1.027141868151077,1.6149820047004428,0.004306618679201181,-5.410719694309917,0.36,349,0.41260744985673353,-5.410719694309917,1.9599602457108798,19,0.5294117647058824
SPXW,"d50ret,d65ret,d80",-999999.0,1,score_desc,d80,21,4,30,False,False,False,False,False,-14.90292292177978,14.905585237574623,-14.90292292177978,108,0.4537037037037037,1.3481685010181752,5.725312017040756,0.05301214830593293,-2.3999999999999986,0.2037037037037037,102,0.47058823529411764,-2.3999999999999986,0.46215766733435176,0,0.5,135,0.4148148148148148,1.077511106806741,1.7848156363301293,0.013220856565408366,-3.238411134291896,0.2,128,0.4140625,-3.238411134291896,1.5719351772963905,21,0.5,375,0.408,1.027141868151077,1.6149820047004428,0.004306618679201181,-5.410719694309917,0.36,349,0.41260744985673353,-5.410719694309917,1.9599602457108798,19,0.5294117647058824
SPXW,"d50ret,d65ret,d80",0.0,1,score_desc,d80,21,2,15,False,False,False,False,False,-14.90292292177978,14.905585237574623,-14.90292292177978,108,0.4537037037037037,1.3481685010181752,5.725312017040756,0.05301214830593293,-2.3999999999999986,0.2037037037037037,102,0.47058823529411764,-2.3999999999999986,0.46215766733435176,0,0.5,135,0.4148148148148148,1.077511106806741,1.7848156363301293,0.013220856565408366,-3.238411134291896,0.2,128,0.4140625,-3.238411134291896,1.5719351772963905,21,0.5,371,0.40161725067385445,1.0248678309398007,1.475204097361654,0.003976291367551628,-5.4107196943099165,0.3584905660377358,341,0.40175953079178883,-5.4107196943099165,2.8235418639365286,19,0.5882352941176471
SPXW,"d50ret,d65ret,d80",-999999.0,1,score_desc,d80,21,2,15,False,False,False,False,False,-14.90292292177978,14.905585237574623,-14.90292292177978,108,0.4537037037037037,1.3481685010181752,5.725312017040756,0.05301214830593293,-2.3999999999999986,0.2037037037037037,102,0.47058823529411764,-2.3999999999999986,0.46215766733435176,0,0.5,135,0.4148148148148148,1.077511106806741,1.7848156363301293,0.013220856565408366,-3.238411134291896,0.2,128,0.4140625,-3.238411134291896,1.5719351772963905,21,0.5,375,0.4053333333333333,1.0220647305282158,1.314690764223317,0.0035058420379288453,-5.4107196943099165,0.36,349,0.41260744985673353,-5.4107196943099165,2.407638824953107,19,0.5294117647058824
SPXW,"d50ret,d65ret,d80",-999999.0,1,score_desc,d80,21,3,15,False,False,False,False,False,-14.90292292177978,14.905585237574623,-14.90292292177978,108,0.4537037037037037,1.3481685010181752,5.725312017040756,0.05301214830593293,-2.3999999999999986,0.2037037037037037,102,0.47058823529411764,-2.3999999999999986,0.46215766733435176,0,0.5,135,0.4148148148148148,1.077511106806741,1.7848156363301293,0.013220856565408366,-3.238411134291896,0.2,128,0.4140625,-3.238411134291896,1.5719351772963905,21,0.5,375,0.4053333333333333,1.018336409710339,1.096544897785426,0.0029241197274278027,-5.410719694309917,0.36,349,0.41260744985673353,-5.410719694309917,2.8866127899951444,19,0.5294117647058824
SPXW,"d50ret,d65ret,d80",-999999.0,1,score_desc,d80,21,4,15,False,False,False,False,False,-14.90292292177978,14.905585237574623,-14.90292292177978,108,0.4537037037037037,1.3481685010181752,5.725312017040756,0.05301214830593293,-2.3999999999999986,0.2037037037037037,102,0.47058823529411764,-2.3999999999999986,0.46215766733435176,0,0.5,135,0.4148148148148148,1.077511106806741,1.7848156363301293,0.013220856565408366,-3.238411134291896,0.2,128,0.4140625,-3.238411134291896,1.5719351772963905,21,0.5,375,0.4053333333333333,1.018336409710339,1.096544897785426,0.0029241197274278027,-5.410719694309917,0.36,349,0.41260744985673353,-5.410719694309917,2.8866127899951444,19,0.5294117647058824
SPXW,"d50ret,d65ret,d80",0.0,1,score_desc,d80,21,3,30,False,False,False,False,False,-14.90292292177978,14.905585237574623,-14.90292292177978,108,0.4537037037037037,1.3481685010181752,5.725312017040756,0.05301214830593293,-2.3999999999999986,0.2037037037037037,102,0.47058823529411764,-2.3999999999999986,0.46215766733435176,0,0.5,135,0.4148148148148148,1.077511106806741,1.7848156363301293,0.013220856565408366,-3.238411134291896,0.2,128,0.4140625,-3.238411134291896,1.5719351772963905,21,0.5,371,0.40161725067385445,1.0163838845433582,0.975495337838779,0.002629367487436062,-5.4107196943099165,0.3584905660377358,341,0.40175953079178883,-5.4107196943099165,3.7573736998803544,19,0.5882352941176471
SPXW,"d50ret,d65ret,d80",0.0,1,score_desc,d80,21,4,30,False,False,False,False,False,-14.90292292177978,14.905585237574623,-14.90292292177978,108,0.4537037037037037,1.3481685010181752,5.725312017040756,0.05301214830593293,-2.3999999999999986,0.2037037037037037,102,0.47058823529411764,-2.3999999999999986,0.46215766733435176,0,0.5,135,0.4148148148148148,1.077511106806741,1.7848156363301293,0.013220856565408366,-3.238411134291896,0.2,128,0.4140625,-3.238411134291896,1.5719351772963905,21,0.5,371,0.40161725067385445,1.0163838845433582,0.975495337838779,0.002629367487436062,-5.4107196943099165,0.3584905660377358,341,0.40175953079178883,-5.4107196943099165,3.7573736998803544,19,0.5882352941176471
SPXW,"d50ret,d65ret,d80",0.0,1,score_desc,d80,21,2,0,False,False,False,False,False,-14.90292292177978,14.905585237574623,-14.90292292177978,108,0.4537037037037037,1.3481685010181752,5.725312017040756,0.05301214830593293,-2.3999999999999986,0.2037037037037037,102,0.47058823529411764,-2.3999999999999986,0.46215766733435176,0,0.5,135,0.4148148148148148,1.077511106806741,1.7848156363301293,0.013220856565408366,-3.238411134291896,0.2,128,0.4140625,-3.238411134291896,1.5719351772963905,21,0.5,373,0.39946380697050937,1.015221965862002,0.9152950496101697,0.0024538741276412058,-5.875553831633601,0.35656836461126007,340,0.3941176470588235,-5.8755538316336,4.829094610458404,19,0.5882352941176471
SPXW,"d50ret,d65ret,d80",-999999.0,1,score_desc,d80,21,2,0,False,False,False,False,False,-14.90292292177978,14.905585237574623,-14.90292292177978,108,0.4537037037037037,1.3481685010181752,5.725312017040756,0.05301214830593293,-2.3999999999999986,0.2037037037037037,102,0.47058823529411764,-2.3999999999999986,0.46215766733435176,0,0.5,135,0.4148148148148148,1.077511106806741,1.7848156363301293,0.013220856565408366,-3.238411134291896,0.2,128,0.4140625,-3.238411134291896,1.5719351772963905,21,0.5,377,0.4005305039787798,1.0101811372833038,0.6152759457295665,0.0016320316862853221,-5.7106931898921545,0.36074270557029176,349,0.4040114613180516,-5.7106931898921545,5.558556960968775,19,0.5294117647058824
SPXW,"d50ret,d65ret,d80",0.0,1,score_desc,d80,21,3,15,False,False,False,False,False,-14.90292292177978,14.905585237574623,-14.90292292177978,108,0.4537037037037037,1.3481685010181752,5.725312017040756,0.05301214830593293,-2.3999999999999986,0.2037037037037037,102,0.47058823529411764,-2.3999999999999986,0.46215766733435176,0,0.5,135,0.4148148148148148,1.077511106806741,1.7848156363301293,0.013220856565408366,-3.238411134291896,0.2,128,0.4140625,-3.238411134291896,1.5719351772963905,21,0.5,371,0.39892183288409705,1.0076380141385588,0.4570582309237623,0.0012319628865869604,-5.4107196943099165,0.3584905660377358,341,0.40175953079178883,-5.4107196943099165,8.019329439365691,19,0.5882352941176471
SPXW,"d50ret,d65ret,d80",0.0,1,score_desc,d80,21,4,15,False,False,False,False,False,-14.90292292177978,14.905585237574623,-14.90292292177978,108,0.4537037037037037,1.3481685010181752,5.725312017040756,0.05301214830593293,-2.3999999999999986,0.2037037037037037,102,0.47058823529411764,-2.3999999999999986,0.46215766733435176,0,0.5,135,0.4148148148148148,1.077511106806741,1.7848156363301293,0.013220856565408366,-3.238411134291896,0.2,128,0.4140625,-3.238411134291896,1.5719351772963905,21,0.5,371,0.39892183288409705,1.0076380141385588,0.4570582309237623,0.0012319628865869604,-5.4107196943099165,0.3584905660377358,341,0.40175953079178883,-5.4107196943099165,8.019329439365691,19,0.5882352941176471
SPXW,"d50ret,d65ret,d80",-999999.0,1,score_desc,d80,21,3,0,False,False,False,False,False,-14.90292292177978,14.905585237574623,-14.90292292177978,108,0.4537037037037037,1.3481685010181752,5.725312017040756,0.05301214830593293,-2.3999999999999986,0.2037037037037037,102,0.47058823529411764,-2.3999999999999986,0.46215766733435176,0,0.5,135,0.4148148148148148,1.077511106806741,1.7848156363301293,0.013220856565408366,-3.238411134291896,0.2,128,0.4140625,-3.238411134291896,1.5719351772963905,21,0.5,377,0.4005305039787798,1.0065477830477678,0.39713007929167543,0.0010533954357869375,-5.7106931898921545,0.36074270557029176,349,0.4040114613180516,-5.710693189892155,8.611904686624976,19,0.5294117647058824
SPXW,"d50ret,d65ret,d80",-999999.0,1,score_desc,d80,21,4,0,False,False,False,False,False,-14.90292292177978,14.905585237574623,-14.90292292177978,108,0.4537037037037037,1.3481685010181752,5.725312017040756,0.05301214830593293,-2.3999999999999986,0.2037037037037037,102,0.47058823529411764,-2.3999999999999986,0.46215766733435176,0,0.5,135,0.4148148148148148,1.077511106806741,1.7848156363301293,0.013220856565408366,-3.238411134291896,0.2,128,0.4140625,-3.238411134291896,1.5719351772963905,21,0.5,377,0.4005305039787798,1.0065477830477678,0.39713007929167543,0.0010533954357869375,-5.7106931898921545,0.36074270557029176,349,0.4040114613180516,-5.710693189892155,8.611904686624976,19,0.5294117647058824
SPXW,"d50ret,d65ret,d80",0.0,1,score_desc,d80,21,3,0,False,False,False,False,False,-14.90292292177978,14.905585237574623,-14.90292292177978,108,0.4537037037037037,1.3481685010181752,5.725312017040756,0.05301214830593293,-2.3999999999999986,0.2037037037037037,102,0.47058823529411764,-2.3999999999999986,0.46215766733435176,0,0.5,135,0.4148148148148148,1.077511106806741,1.7848156363301293,0.013220856565408366,-3.238411134291896,0.2,128,0.4140625,-3.238411134291896,1.5719351772963905,21,0.5,373,0.3967828418230563,0.9983041359108537,-0.10285081682772135,-0.000275739455302202,-5.875553831633599,0.35656836461126007,340,0.3941176470588235,-5.8755538316336,-38.11390625723411,19,0.5882352941176471
SPXW,"d50ret,d65ret,d80",0.0,1,score_desc,d80,21,4,0,False,False,False,False,False,-14.90292292177978,14.905585237574623,-14.90292292177978,108,0.4537037037037037,1.3481685010181752,5.725312017040756,0.05301214830593293,-2.3999999999999986,0.2037037037037037,102,0.47058823529411764,-2.3999999999999986,0.46215766733435176,0,0.5,135,0.4148148148148148,1.077511106806741,1.7848156363301293,0.013220856565408366,-3.238411134291896,0.2,128,0.4140625,-3.238411134291896,1.5719351772963905,21,0.5,373,0.3967828418230563,0.9983041359108537,-0.10285081682772135,-0.000275739455302202,-5.875553831633599,0.35656836461126007,340,0.3941176470588235,-5.8755538316336,-38.11390625723411,19,0.5882352941176471
SPXW,"d50ret,d65ret,d80",-999999.0,1,score_desc,d80_zero,22,2,0,False,False,False,False,False,-14.910865173777722,16.067688058936998,-14.910865173777722,105,0.44761904761904764,1.3332065930633077,5.379315170483867,0.05123157305222731,-2.3999999999999986,0.20952380952380953,102,0.46078431372549017,-2.3999999999999986,0.46474317283311845,0,0.6666666666666666,135,0.4222222222222222,1.1211649410577589,2.753664623842994,0.020397515732170326,-3.7384111342918955,0.2074074074074074,128,0.421875,-3.7384111342918964,1.0801836380124237,20,0.3333333333333333,375,0.4106666666666667,1.084570500785268,5.087691674019778,0.013567177797386075,-4.923911662282917,0.36,349,0.4269340974212034,-4.923911662282917,0.9827639566942363,19,0.5294117647058824
SPXW,"d50ret,d65ret,d80",-999999.0,1,score_desc,d80_zero,22,3,0,False,False,False,False,False,-14.910865173777722,16.067688058936998,-14.910865173777722,105,0.44761904761904764,1.3332065930633077,5.379315170483867,0.05123157305222731,-2.3999999999999986,0.20952380952380953,102,0.46078431372549017,-2.3999999999999986,0.46474317283311845,0,0.6666666666666666,135,0.4222222222222222,1.1211649410577589,2.753664623842994,0.020397515732170326,-3.7384111342918955,0.2074074074074074,128,0.421875,-3.7384111342918964,1.0801836380124237,20,0.3333333333333333,375,0.4106666666666667,1.084570500785268,5.087691674019778,0.013567177797386075,-4.923911662282917,0.36,349,0.4269340974212034,-4.923911662282917,0.9827639566942363,19,0.5294117647058824
SPXW,"d50ret,d65ret,d80",-999999.0,1,score_desc,d80_zero,22,4,0,False,False,False,False,False,-14.910865173777722,16.067688058936998,-14.910865173777722,105,0.44761904761904764,1.3332065930633077,5.379315170483867,0.05123157305222731,-2.3999999999999986,0.20952380952380953,102,0.46078431372549017,-2.3999999999999986,0.46474317283311845,0,0.6666666666666666,135,0.4222222222222222,1.1211649410577589,2.753664623842994,0.020397515732170326,-3.7384111342918955,0.2074074074074074,128,0.421875,-3.7384111342918964,1.0801836380124237,20,0.3333333333333333,375,0.4106666666666667,1.084570500785268,5.087691674019778,0.013567177797386075,-4.923911662282917,0.36,349,0.4269340974212034,-4.923911662282917,0.9827639566942363,19,0.5294117647058824
SPXW,"d50ret,d65ret,d80",-999999.0,1,score_desc,d80_zero,22,2,15,False,False,False,False,False,-14.910865173777722,16.067688058936998,-14.910865173777722,105,0.44761904761904764,1.3332065930633077,5.379315170483867,0.05123157305222731,-2.3999999999999986,0.20952380952380953,102,0.46078431372549017,-2.3999999999999986,0.46474317283311845,0,0.6666666666666666,135,0.4222222222222222,1.1211649410577589,2.753664623842994,0.020397515732170326,-3.7384111342918955,0.2074074074074074,128,0.421875,-3.7384111342918964,1.0801836380124237,20,0.3333333333333333,373,0.4101876675603217,1.0816531728115164,4.887691674019779,0.013103731029543644,-4.906189658228439,0.35924932975871315,349,0.42120343839541546,-4.906189658228439,1.022977784498394,19,0.5882352941176471
SPXW,"d50ret,d65ret,d80",-999999.0,1,score_desc,d80_zero,22,2,30,False,False,False,False,False,-14.910865173777722,17.463967005269556,-14.910865173777722,105,0.44761904761904764,1.3332065930633077,5.379315170483867,0.05123157305222731,-2.3999999999999986,0.20952380952380953,102,0.46078431372549017,-2.3999999999999986,0.46474317283311845,0,0.6666666666666666,135,0.42962962962962964,1.1584577210449085,3.5536646238429936,0.02632344165809625,-3.738411134291896,0.2074074074074074,128,0.421875,-3.738411134291896,1.054824677932119,20,0.3333333333333333,373,0.4101876675603217,1.0816531728115164,4.887691674019779,0.013103731029543644,-4.906189658228439,0.35656836461126007,349,0.42120343839541546,-4.906189658228439,1.022977784498394,19,0.5882352941176471
SPXW,"d50ret,d65ret,d80",-999999.0,1,score_desc,d80_zero,22,3,15,False,False,False,False,False,-14.910865173777722,16.067688058936998,-14.910865173777722,105,0.44761904761904764,1.3332065930633077,5.379315170483867,0.05123157305222731,-2.3999999999999986,0.20952380952380953,102,0.46078431372549017,-2.3999999999999986,0.46474317283311845,0,0.6666666666666666,135,0.4222222222222222,1.1211649410577589,2.753664623842994,0.020397515732170326,-3.7384111342918955,0.2074074074074074,128,0.421875,-3.7384111342918964,1.0801836380124237,20,0.3333333333333333,373,0.4101876675603217,1.0816531728115164,4.887691674019779,0.013103731029543644,-4.906189658228439,0.35924932975871315,349,0.42120343839541546,-4.906189658228439,1.022977784498394,19,0.5882352941176471
SPXW,"d50ret,d65ret,d80",-999999.0,1,score_desc,d80_zero,22,3,30,False,False,False,False,False,-14.910865173777722,17.463967005269556,-14.910865173777722,105,0.44761904761904764,1.3332065930633077,5.379315170483867,0.05123157305222731,-2.3999999999999986,0.20952380952380953,102,0.46078431372549017,-2.3999999999999986,0.46474317283311845,0,0.6666666666666666,135,0.42962962962962964,1.1584577210449085,3.5536646238429936,0.02632344165809625,-3.738411134291896,0.2074074074074074,128,0.421875,-3.738411134291896,1.054824677932119,20,0.3333333333333333,373,0.4101876675603217,1.0816531728115164,4.887691674019779,0.013103731029543644,-4.906189658228439,0.35656836461126007,349,0.42120343839541546,-4.906189658228439,1.022977784498394,19,0.5882352941176471
SPXW,"d50ret,d65ret,d80",-999999.0,1,score_desc,d80_zero,22,4,15,False,False,False,False,False,-14.910865173777722,16.067688058936998,-14.910865173777722,105,0.44761904761904764,1.3332065930633077,5.379315170483867,0.05123157305222731,-2.3999999999999986,0.20952380952380953,102,0.46078431372549017,-2.3999999999999986,0.46474317283311845,0,0.6666666666666666,135,0.4222222222222222,1.1211649410577589,2.753664623842994,0.020397515732170326,-3.7384111342918955,0.2074074074074074,128,0.421875,-3.7384111342918964,1.0801836380124237,20,0.3333333333333333,373,0.4101876675603217,1.0816531728115164,4.887691674019779,0.013103731029543644,-4.906189658228439,0.35924932975871315,349,0.42120343839541546,-4.906189658228439,1.022977784498394,19,0.5882352941176471
SPXW,"d50ret,d65ret,d80",-999999.0,1,score_desc,d80_zero,22,4,30,False,False,False,False,False,-14.910865173777722,17.463967005269556,-14.910865173777722,105,0.44761904761904764,1.3332065930633077,5.379315170483867,0.05123157305222731,-2.3999999999999986,0.20952380952380953,102,0.46078431372549017,-2.3999999999999986,0.46474317283311845,0,0.6666666666666666,135,0.42962962962962964,1.1584577210449085,3.5536646238429936,0.02632344165809625,-3.738411134291896,0.2074074074074074,128,0.421875,-3.738411134291896,1.054824677932119,20,0.3333333333333333,373,0.4101876675603217,1.0816531728115164,4.887691674019779,0.013103731029543644,-4.906189658228439,0.35656836461126007,349,0.42120343839541546,-4.906189658228439,1.022977784498394,19,0.5882352941176471
SPXW,"d50ret,d65ret,d80",0.0,1,score_desc,d80_zero,22,2,0,False,False,False,False,False,-14.910865173777722,16.067688058936998,-14.910865173777722,105,0.44761904761904764,1.3332065930633077,5.379315170483867,0.05123157305222731,-2.3999999999999986,0.20952380952380953,102,0.46078431372549017,-2.3999999999999986,0.46474317283311845,0,0.6666666666666666,135,0.4222222222222222,1.1211649410577589,2.753664623842994,0.020397515732170326,-3.7384111342918955,0.2074074074074074,128,0.421875,-3.7384111342918964,1.0801836380124237,20,0.3333333333333333,368,0.40217391304347827,1.0722502714500513,4.330530726301115,0.011767746538861725,-4.970624679634627,0.358695652173913,341,0.41935483870967744,-4.970624679634627,1.1545928931142133,17,0.5882352941176471
SPXW,"d50ret,d65ret,d80",0.0,1,score_desc,d80_zero,22,3,0,False,False,False,False,False,-14.910865173777722,16.067688058936998,-14.910865173777722,105,0.44761904761904764,1.3332065930633077,5.379315170483867,0.05123157305222731,-2.3999999999999986,0.20952380952380953,102,0.46078431372549017,-2.3999999999999986,0.46474317283311845,0,0.6666666666666666,135,0.4222222222222222,1.1211649410577589,2.753664623842994,0.020397515732170326,-3.7384111342918955,0.2074074074074074,128,0.421875,-3.7384111342918964,1.0801836380124237,20,0.3333333333333333,368,0.40217391304347827,1.0722502714500513,4.330530726301115,0.011767746538861725,-4.970624679634627,0.358695652173913,341,0.41935483870967744,-4.970624679634627,1.1545928931142133,17,0.5882352941176471
SPXW,"d50ret,d65ret,d80",0.0,1,score_desc,d80_zero,22,4,0,False,False,False,False,False,-14.910865173777722,16.067688058936998,-14.910865173777722,105,0.44761904761904764,1.3332065930633077,5.379315170483867,0.05123157305222731,-2.3999999999999986,0.20952380952380953,102,0.46078431372549017,-2.3999999999999986,0.46474317283311845,0,0.6666666666666666,135,0.4222222222222222,1.1211649410577589,2.753664623842994,0.020397515732170326,-3.7384111342918955,0.2074074074074074,128,0.421875,-3.7384111342918964,1.0801836380124237,20,0.3333333333333333,368,0.40217391304347827,1.0722502714500513,4.330530726301115,0.011767746538861725,-4.970624679634627,0.358695652173913,341,0.41935483870967744,-4.970624679634627,1.1545928931142133,17,0.5882352941176471
SPXW,"d50ret,d65ret,d80",0.0,1,score_desc,d80_zero,22,2,15,False,False,False,False,False,-14.910865173777722,16.067688058936998,-14.910865173777722,105,0.44761904761904764,1.3332065930633077,5.379315170483867,0.05123157305222731,-2.3999999999999986,0.20952380952380953,102,0.46078431372549017,-2.3999999999999986,0.46474317283311845,0,0.6666666666666666,135,0.4222222222222222,1.1211649410577589,2.753664623842994,0.020397515732170326,-3.7384111342918955,0.2074074074074074,128,0.421875,-3.7384111342918964,1.0801836380124237,20,0.3333333333333333,366,0.4016393442622951,1.0692601448748016,4.130530726301117,0.011285603077325457,-4.906189658228439,0.3551912568306011,341,0.41348973607038125,-4.90618965822844,1.210498197764889,17,0.6470588235294118
SPXW,"d50ret,d65ret,d80",0.0,1,score_desc,d80_zero,22,2,30,False,False,False,False,False,-14.910865173777722,17.463967005269556,-14.910865173777722,105,0.44761904761904764,1.3332065930633077,5.379315170483867,0.05123157305222731,-2.3999999999999986,0.20952380952380953,102,0.46078431372549017,-2.3999999999999986,0.46474317283311845,0,0.6666666666666666,135,0.42962962962962964,1.1584577210449085,3.5536646238429936,0.02632344165809625,-3.738411134291896,0.2074074074074074,128,0.421875,-3.738411134291896,1.054824677932119,20,0.3333333333333333,366,0.4016393442622951,1.0692601448748016,4.130530726301117,0.011285603077325457,-4.906189658228439,0.3524590163934426,341,0.41348973607038125,-4.90618965822844,1.210498197764889,17,0.6470588235294118
SPXW,"d50ret,d65ret,d80",0.0,1,score_desc,d80_zero,22,3,15,False,False,False,False,False,-14.910865173777722,16.067688058936998,-14.910865173777722,105,0.44761904761904764,1.3332065930633077,5.379315170483867,0.05123157305222731,-2.3999999999999986,0.20952380952380953,102,0.46078431372549017,-2.3999999999999986,0.46474317283311845,0,0.6666666666666666,135,0.4222222222222222,1.1211649410577589,2.753664623842994,0.020397515732170326,-3.7384111342918955,0.2074074074074074,128,0.421875,-3.7384111342918964,1.0801836380124237,20,0.3333333333333333,366,0.4016393442622951,1.0692601448748016,4.130530726301117,0.011285603077325457,-4.906189658228439,0.3551912568306011,341,0.41348973607038125,-4.90618965822844,1.210498197764889,17,0.6470588235294118
SPXW,"d50ret,d65ret,d80",0.0,1,score_desc,d80_zero,22,3,30,False,False,False,False,False,-14.910865173777722,17.463967005269556,-14.910865173777722,105,0.44761904761904764,1.3332065930633077,5.379315170483867,0.05123157305222731,-2.3999999999999986,0.20952380952380953,102,0.46078431372549017,-2.3999999999999986,0.46474317283311845,0,0.6666666666666666,135,0.42962962962962964,1.1584577210449085,3.5536646238429936,0.02632344165809625,-3.738411134291896,0.2074074074074074,128,0.421875,-3.738411134291896,1.054824677932119,20,0.3333333333333333,366,0.4016393442622951,1.0692601448748016,4.130530726301117,0.011285603077325457,-4.906189658228439,0.3524590163934426,341,0.41348973607038125,-4.90618965822844,1.210498197764889,17,0.6470588235294118
SPXW,"d50ret,d65ret,d80",0.0,1,score_desc,d80_zero,22,4,15,False,False,False,False,False,-14.910865173777722,16.067688058936998,-14.910865173777722,105,0.44761904761904764,1.3332065930633077,5.379315170483867,0.05123157305222731,-2.3999999999999986,0.20952380952380953,102,0.46078431372549017,-2.3999999999999986,0.46474317283311845,0,0.6666666666666666,135,0.4222222222222222,1.1211649410577589,2.753664623842994,0.020397515732170326,-3.7384111342918955,0.2074074074074074,128,0.421875,-3.7384111342918964,1.0801836380124237,20,0.3333333333333333,366,0.4016393442622951,1.0692601448748016,4.130530726301117,0.011285603077325457,-4.906189658228439,0.3551912568306011,341,0.41348973607038125,-4.90618965822844,1.210498197764889,17,0.6470588235294118
SPXW,"d50ret,d65ret,d80",0.0,1,score_desc,d80_zero,22,4,30,False,False,False,False,False,-14.910865173777722,17.463967005269556,-14.910865173777722,105,0.44761904761904764,1.3332065930633077,5.379315170483867,0.05123157305222731,-2.3999999999999986,0.20952380952380953,102,0.46078431372549017,-2.3999999999999986,0.46474317283311845,0,0.6666666666666666,135,0.42962962962962964,1.1584577210449085,3.5536646238429936,0.02632344165809625,-3.738411134291896,0.2074074074074074,128,0.421875,-3.738411134291896,1.054824677932119,20,0.3333333333333333,366,0.4016393442622951,1.0692601448748016,4.130530726301117,0.011285603077325457,-4.906189658228439,0.3524590163934426,341,0.41348973607038125,-4.90618965822844,1.210498197764889,17,0.6470588235294118
SPXW,"d65ret,d80,d80_zero",-999999.0,1,score_desc,d50ret,22,2,15,False,False,False,False,False,-14.910865173777722,18.188217174120407,-14.910865173777722,105,0.44761904761904764,1.3332065930633077,5.379315170483867,0.05123157305222731,-2.3999999999999986,0.2,102,0.46078431372549017,-2.3999999999999986,0.46474317283311845,0,0.6666666666666666,139,0.43884892086330934,1.1650502987474136,3.6320290478267436,0.026129705380048517,-2.313939836243168,0.17266187050359713,128,0.4375,-2.313939836243168,0.8347649440571313,22,0.5,385,0.42597402597402595,1.057967245675951,3.3729064063724437,0.008760795860707646,-6.0847178024524275,0.38441558441558443,350,0.4257142857142857,-6.084717802452433,0.9045753677377676,19,0.4117647058823529
SPXW,"d65ret,d80,d80_zero",0.0,1,score_desc,d50ret,22,2,15,False,False,False,False,False,-14.910865173777722,18.188217174120407,-14.910865173777722,105,0.44761904761904764,1.3332065930633077,5.379315170483867,0.05123157305222731,-2.3999999999999986,0.2,102,0.46078431372549017,-2.3999999999999986,0.46474317283311845,0,0.6666666666666666,139,0.43884892086330934,1.1650502987474136,3.6320290478267436,0.026129705380048517,-2.313939836243168,0.17266187050359713,128,0.4375,-2.313939836243168,0.8347649440571313,22,0.5,382,0.42408376963350786,1.0556830022563344,3.227036005419834,0.008447738234083334,-5.866191456962368,0.38481675392670156,343,0.42857142857142855,-5.866191456962373,1.094108393902332,17,0.4117647058823529
SPXW,"d65ret,d80,d80_zero",-999999.0,1,score_desc,d50ret,22,3,15,False,False,False,False,False,-14.910865173777722,18.188217174120407,-14.910865173777722,105,0.44761904761904764,1.3332065930633077,5.379315170483867,0.05123157305222731,-2.3999999999999986,0.2,102,0.45098039215686275,-2.3999999999999986,0.46474317283311845,0,0.6666666666666666,139,0.43884892086330934,1.1650502987474136,3.6320290478267436,0.026129705380048517,-2.313939836243168,0.17266187050359713,128,0.4375,-2.313939836243168,0.8347649440571313,22,0.5,385,0.42597402597402595,1.0527522767736737,3.0846711122547967,0.008012132759103369,-6.0847178024524275,0.38181818181818183,350,0.4228571428571429,-6.084717802452432,0.989099953239166,19,0.4117647058823529
SPXW,"d65ret,d80,d80_zero",-999999.0,1,score_desc,d50ret,22,4,15,False,False,False,False,False,-14.910865173777722,18.188217174120407,-14.910865173777722,105,0.44761904761904764,1.3332065930633077,5.379315170483867,0.05123157305222731,-2.3999999999999986,0.2,102,0.45098039215686275,-2.3999999999999986,0.46474317283311845,0,0.6666666666666666,139,0.43884892086330934,1.1650502987474136,3.6320290478267436,0.026129705380048517,-2.313939836243168,0.17266187050359713,128,0.4375,-2.313939836243168,0.8347649440571313,22,0.5,385,0.42597402597402595,1.0527522767736737,3.0846711122547967,0.008012132759103369,-6.0847178024524275,0.38181818181818183,350,0.4228571428571429,-6.084717802452432,0.989099953239166,19,0.4117647058823529
SPXW,"d65ret,d80,d80_zero",0.0,1,score_desc,d50ret,22,3,15,False,False,False,False,False,-14.910865173777722,18.188217174120407,-14.910865173777722,105,0.44761904761904764,1.3332065930633077,5.379315170483867,0.05123157305222731,-2.3999999999999986,0.2,102,0.45098039215686275,-2.3999999999999986,0.46474317283311845,0,0.6666666666666666,139,0.43884892086330934,1.1650502987474136,3.6320290478267436,0.026129705380048517,-2.313939836243168,0.17266187050359713,128,0.4375,-2.313939836243168,0.8347649440571313,22,0.5,382,0.42408376963350786,1.0504585003687692,2.938800711302187,0.0076931955793250965,-5.866191456962368,0.38219895287958117,343,0.42565597667638483,-5.8661914569623725,1.2014176964692584,17,0.4117647058823529
SPXW,"d65ret,d80,d80_zero",0.0,1,score_desc,d50ret,22,4,15,False,False,False,False,False,-14.910865173777722,18.188217174120407,-14.910865173777722,105,0.44761904761904764,1.3332065930633077,5.379315170483867,0.05123157305222731,-2.3999999999999986,0.2,102,0.45098039215686275,-2.3999999999999986,0.46474317283311845,0,0.6666666666666666,139,0.43884892086330934,1.1650502987474136,3.6320290478267436,0.026129705380048517,-2.313939836243168,0.17266187050359713,128,0.4375,-2.313939836243168,0.8347649440571313,22,0.5,382,0.42408376963350786,1.0504585003687692,2.938800711302187,0.0076931955793250965,-5.866191456962368,0.38219895287958117,343,0.42565597667638483,-5.8661914569623725,1.2014176964692584,17,0.4117647058823529
SPXW,"d65ret,d80,d80_zero",-999999.0,1,score_desc,d50ret,22,2,0,False,False,False,False,False,-14.910865173777722,17.495657696365868,-14.910865173777722,105,0.44761904761904764,1.3332065930633077,5.379315170483867,0.05123157305222731,-2.3999999999999986,0.2,102,0.46078431372549017,-2.3999999999999986,0.46474317283311845,0,0.6666666666666666,139,0.43884892086330934,1.1394298456495104,3.068235885522487,0.022073639464190553,-2.3139398362431685,0.17985611510791366,128,0.4375,-2.3139398362431685,0.8251942221488666,22,0.5,388,0.42010309278350516,1.0378430549802282,2.2454030478513203,0.005787121257348764,-6.503923948580608,0.38144329896907214,350,0.4257142857142857,-6.503923948580612,1.3497475136390622,19,0.4117647058823529
SPXW,"d65ret,d80,d80_zero",0.0,1,score_desc,d50ret,22,2,0,False,False,False,False,False,-14.910865173777722,17.495657696365868,-14.910865173777722,105,0.44761904761904764,1.3332065930633077,5.379315170483867,0.05123157305222731,-2.3999999999999986,0.2,102,0.46078431372549017,-2.3999999999999986,0.46474317283311845,0,0.6666666666666666,139,0.43884892086330934,1.1394298456495104,3.068235885522487,0.022073639464190553,-2.3139398362431685,0.17985611510791366,128,0.4375,-2.3139398362431685,0.8251942221488666,22,0.5,385,0.41818181818181815,1.0355239478518241,2.0995326468987106,0.005453331550386261,-6.2853976030905505,0.38181818181818183,342,0.4269005847953216,-6.285397603090552,1.6816729123837375,17,0.4117647058823529
SPXW,"d65ret,d80,d80_zero",-999999.0,1,score_desc,d50ret,22,3,0,False,False,False,False,False,-14.910865173777722,17.984566915604162,-14.910865173777722,105,0.44761904761904764,1.3332065930633077,5.379315170483867,0.05123157305222731,-2.3999999999999986,0.2,102,0.45098039215686275,-2.3999999999999986,0.46474317283311845,0,0.6666666666666666,139,0.43884892086330934,1.1526720654417657,3.3596387324617756,0.02417006282346601,-2.313939836243168,0.18705035971223022,128,0.4375,-2.3139398362431685,0.8131500862061958,22,0.5,388,0.42010309278350516,1.0328258006334425,1.9571677537336734,0.005044246787973385,-6.503923948580609,0.3788659793814433,350,0.4228571428571429,-6.503923948580612,1.5485270361588563,19,0.4117647058823529
SPXW,"d65ret,d80,d80_zero",-999999.0,1,score_desc,d50ret,22,4,0,False,False,False,False,False,-14.910865173777722,17.984566915604162,-14.910865173777722,105,0.44761904761904764,1.3332065930633077,5.379315170483867,0.05123157305222731,-2.3999999999999986,0.2,102,0.45098039215686275,-2.3999999999999986,0.46474317283311845,0,0.6666666666666666,139,0.43884892086330934,1.1526720654417657,3.3596387324617756,0.02417006282346601,-2.313939836243168,0.18705035971223022,128,0.4375,-2.3139398362431685,0.8131500862061958,22,0.5,388,0.42010309278350516,1.0328258006334425,1.9571677537336734,0.005044246787973385,-6.503923948580609,0.3788659793814433,350,0.4228571428571429,-6.503923948580612,1.5485270361588563,19,0.4117647058823529
SPXW,"d65ret,d80,d80_zero",0.0,1,score_desc,d50ret,22,3,0,False,False,False,False,False,-14.910865173777722,17.984566915604162,-14.910865173777722,105,0.44761904761904764,1.3332065930633077,5.379315170483867,0.05123157305222731,-2.3999999999999986,0.2,102,0.45098039215686275,-2.3999999999999986,0.46474317283311845,0,0.6666666666666666,139,0.43884892086330934,1.1526720654417657,3.3596387324617756,0.02417006282346601,-2.313939836243168,0.18705035971223022,128,0.4375,-2.3139398362431685,0.8131500862061958,22,0.5,385,0.41818181818181815,1.0304982887626086,1.8112973527810636,0.004704668448781983,-6.2853976030905505,0.37922077922077924,342,0.4239766081871345,-6.285397603090553,1.9492808155070827,17,0.4117647058823529
SPXW,"d65ret,d80,d80_zero",0.0,1,score_desc,d50ret,22,4,0,False,False,False,False,False,-14.910865173777722,17.984566915604162,-14.910865173777722,105,0.44761904761904764,1.3332065930633077,5.379315170483867,0.05123157305222731,-2.3999999999999986,0.2,102,0.45098039215686275,-2.3999999999999986,0.46474317283311845,0,0.6666666666666666,139,0.43884892086330934,1.1526720654417657,3.3596387324617756,0.02417006282346601,-2.313939836243168,0.18705035971223022,128,0.4375,-2.3139398362431685,0.8131500862061958,22,0.5,385,0.41818181818181815,1.0304982887626086,1.8112973527810636,0.004704668448781983,-6.2853976030905505,0.37922077922077924,342,0.4239766081871345,-6.285397603090553,1.9492808155070827,17,0.4117647058823529
SPXW,"d65ret,d80,d80_zero",0.0,1,score_desc,d80,22,2,30,False,False,False,False,False,-14.911210633285865,16.80648159974429,-14.911210633285865,110,0.45454545454545453,1.353874961322339,5.925312017040756,0.053866472882188696,-2.3999999999999986,0.19090909090909092,102,0.4803921568627451,-2.3999999999999986,0.44655823000496825,0,0.5,137,0.4306569343065693,1.1342936775672845,2.9829890390620815,0.021773642620891105,-2.2774802861251233,0.1678832116788321,128,0.4453125,-2.277480286125123,0.8380855468332716,21,0.5,374,0.4304812834224599,1.1065058164917152,6.018539041567697,0.016092350378523256,-3.764195559345003,0.3663101604278075,337,0.42729970326409494,-3.7641955593450036,0.8307663978694753,15,0.5294117647058824
SPXW,"d65ret,d80,d80_zero",-999999.0,1,score_desc,d80,22,2,30,False,False,False,False,False,-14.911210633285865,16.80648159974429,-14.911210633285865,110,0.45454545454545453,1.353874961322339,5.925312017040756,0.053866472882188696,-2.3999999999999986,0.19090909090909092,102,0.4803921568627451,-2.3999999999999986,0.44655823000496825,0,0.5,137,0.4306569343065693,1.1342936775672845,2.9829890390620815,0.021773642620891105,-2.2774802861251233,0.1678832116788321,128,0.4453125,-2.277480286125123,0.8380855468332716,21,0.5,382,0.4293193717277487,1.0866400864485382,5.017958015144389,0.01313601574645128,-3.764195559345005,0.36649214659685864,349,0.4269340974212034,-3.764195559345005,0.9297209168891557,19,0.47058823529411764
SPXW,"d65ret,d80,d80_zero",0.0,1,score_desc,d80,22,2,15,False,False,False,False,False,-14.911210633285865,16.80648159974429,-14.911210633285865,110,0.45454545454545453,1.353874961322339,5.925312017040756,0.053866472882188696,-2.3999999999999986,0.19090909090909092,102,0.4803921568627451,-2.3999999999999986,0.44655823000496825,0,0.5,137,0.4306569343065693,1.1342936775672845,2.9829890390620815,0.021773642620891105,-2.2774802861251233,0.1678832116788321,128,0.4453125,-2.277480286125123,0.8380855468332716,21,0.5,374,0.42245989304812837,1.0679353542105847,3.900101934652681,0.010428080039178292,-4.197867728968895,0.3689839572192513,337,0.42136498516320475,-4.112595461476474,1.282017773836793,15,0.5294117647058824
SPXW,"d65ret,d80,d80_zero",0.0,1,score_desc,d80,22,2,0,False,False,False,False,False,-14.911210633285865,17.572492308376205,-14.911210633285865,110,0.45454545454545453,1.353874961322339,5.925312017040756,0.053866472882188696,-2.3999999999999986,0.19090909090909092,102,0.4803921568627451,-2.3999999999999986,0.44655823000496825,0,0.5,137,0.43795620437956206,1.1480138908576663,3.277590036953746,0.023924014868275518,-2.277480286125123,0.17518248175182483,128,0.4453125,-2.2774802861251224,0.7627555526509799,21,0.5,376,0.42021276595744683,1.0573747551838961,3.3401928869011974,0.008883491720481909,-4.757776776720379,0.3670212765957447,336,0.41369047619047616,-4.672504509227961,1.4969195400684354,15,0.5294117647058824
SPXW,"d65ret,d80,d80_zero",-999999.0,1,score_desc,d80,22,2,15,False,False,False,False,False,-14.911210633285865,16.80648159974429,-14.911210633285865,110,0.45454545454545453,1.353874961322339,5.925312017040756,0.053866472882188696,-2.3999999999999986,0.19090909090909092,102,0.4803921568627451,-2.3999999999999986,0.44655823000496825,0,0.5,137,0.4306569343065693,1.1342936775672845,2.9829890390620815,0.021773642620891105,-2.2774802861251233,0.1678832116788321,128,0.4453125,-2.277480286125123,0.8380855468332716,21,0.5,382,0.4214659685863874,1.0492970940295276,2.899520908229372,0.0075903688697103976,-4.535050885202033,0.36910994764397903,349,0.42120343839541546,-4.449778617709612,1.6089901312697386,19,0.47058823529411764
SPXW,"d65ret,d80,d80_zero",-999999.0,1,score_desc,d80,22,2,0,False,False,False,False,False,-14.911210633285865,17.572492308376205,-14.911210633285865,110,0.45454545454545453,1.353874961322339,5.925312017040756,0.053866472882188696,-2.3999999999999986,0.19090909090909092,102,0.4803921568627451,-2.3999999999999986,0.44655823000496825,0,0.5,137,0.43795620437956206,1.1480138908576663,3.277590036953746,0.023924014868275518,-2.277480286125123,0.17518248175182483,128,0.4453125,-2.2774802861251224,0.7627555526509799,21,0.5,384,0.4166666666666667,1.0368731742180588,2.200106089735624,0.005729442942019855,-5.020779193150066,0.3697916666666667,349,0.41260744985673353,-4.935506925657644,2.161143904143165,19,0.47058823529411764
SPXW,"d65ret,d80_front",0.0,1,score_desc,d80_front,21,3,30,False,False,False,False,False,-14.922624216825117,-8.496454704340136,-14.922624216825117,90,0.43333333333333335,1.4402923690054226,5.275184155657504,0.05861315728508338,-2.3999999999999986,0.24444444444444444,82,0.45121951219512196,-2.3999999999999986,0.5688352919135297,0,0.5,137,0.4306569343065693,0.9668753244413258,-0.6157189790425863,-0.00449429911709917,-2.683300349758268,0.21897810218978103,128,0.4296875,-2.683300349758268,-4.060293876091624,21,0.5,374,0.44385026737967914,1.003056230186527,0.14281991742268696,0.00038187143695905606,-4.541656048661955,0.40641711229946526,338,0.4260355029585799,-4.541656048661955,26.82533446037609,19,0.47058823529411764
SPXW,"d65ret,d80_front",0.0,1,score_desc,d80_front,21,4,30,False,False,False,False,False,-14.922624216825117,-8.496454704340136,-14.922624216825117,90,0.43333333333333335,1.4402923690054226,5.275184155657504,0.05861315728508338,-2.3999999999999986,0.24444444444444444,82,0.45121951219512196,-2.3999999999999986,0.5688352919135297,0,0.5,137,0.4306569343065693,0.9668753244413258,-0.6157189790425863,-0.00449429911709917,-2.683300349758268,0.21897810218978103,128,0.4296875,-2.683300349758268,-4.060293876091624,21,0.5,374,0.44385026737967914,1.003056230186527,0.14281991742268696,0.00038187143695905606,-4.541656048661955,0.40641711229946526,338,0.4260355029585799,-4.541656048661955,26.82533446037609,19,0.47058823529411764
SPXW,"d65ret,d80_front",0.0,1,score_desc,d80_front,21,3,15,False,False,False,False,False,-14.922624216825117,-8.496454704340136,-14.922624216825117,90,0.43333333333333335,1.4402923690054226,5.275184155657504,0.05861315728508338,-2.3999999999999986,0.24444444444444444,82,0.45121951219512196,-2.3999999999999986,0.5688352919135297,0,0.5,137,0.4306569343065693,0.9668753244413258,-0.6157189790425863,-0.00449429911709917,-2.683300349758268,0.21897810218978103,128,0.4296875,-2.683300349758268,-4.060293876091624,21,0.5,376,0.4441489361702128,1.0017861624350148,0.08427078070632632,0.00022412441677214446,-4.267324593668338,0.40691489361702127,338,0.4230769230769231,-4.267324593668337,49.20677585612607,19,0.5294117647058824
SPXW,"d65ret,d80_front",0.0,1,score_desc,d80_front,21,4,15,False,False,False,False,False,-14.922624216825117,-8.496454704340136,-14.922624216825117,90,0.43333333333333335,1.4402923690054226,5.275184155657504,0.05861315728508338,-2.3999999999999986,0.24444444444444444,82,0.45121951219512196,-2.3999999999999986,0.5688352919135297,0,0.5,137,0.4306569343065693,0.9668753244413258,-0.6157189790425863,-0.00449429911709917,-2.683300349758268,0.21897810218978103,128,0.4296875,-2.683300349758268,-4.060293876091624,21,0.5,376,0.4441489361702128,1.0017861624350148,0.08427078070632632,0.00022412441677214446,-4.267324593668338,0.40691489361702127,338,0.4230769230769231,-4.267324593668337,49.20677585612607,19,0.5294117647058824
SPXW,"d65ret,d80_front",-999999.0,1,score_desc,d80_front,21,3,15,False,False,False,False,False,-14.922624216825117,-8.496454704340136,-14.922624216825117,90,0.43333333333333335,1.4402923690054226,5.275184155657504,0.05861315728508338,-2.3999999999999986,0.24444444444444444,82,0.45121951219512196,-2.3999999999999986,0.5688352919135297,0,0.5,137,0.4306569343065693,0.9668753244413258,-0.6157189790425863,-0.00449429911709917,-2.683300349758268,0.21897810218978103,128,0.4296875,-2.683300349758268,-4.060293876091624,21,0.5,379,0.44063324538258575,1.0007087557130747,0.03383587770840757,8.927672218577195e-05,-4.696900256431506,0.40633245382585753,345,0.42028985507246375,-4.696900256431506,119.5136457312159,21,0.5294117647058824
SPXW,"d65ret,d80_front",-999999.0,1,score_desc,d80_front,21,4,15,False,False,False,False,False,-14.922624216825117,-8.496454704340136,-14.922624216825117,90,0.43333333333333335,1.4402923690054226,5.275184155657504,0.05861315728508338,-2.3999999999999986,0.24444444444444444,82,0.45121951219512196,-2.3999999999999986,0.5688352919135297,0,0.5,137,0.4306569343065693,0.9668753244413258,-0.6157189790425863,-0.00449429911709917,-2.683300349758268,0.21897810218978103,128,0.4296875,-2.683300349758268,-4.060293876091624,21,0.5,379,0.44063324538258575,1.0007087557130747,0.03383587770840757,8.927672218577195e-05,-4.696900256431506,0.40633245382585753,345,0.42028985507246375,-4.696900256431506,119.5136457312159,21,0.5294117647058824
SPXW,"d65ret,d80_front",-999999.0,1,score_desc,d80_front,21,3,30,False,False,False,False,False,-14.922624216825117,-8.496454704340136,-14.922624216825117,90,0.43333333333333335,1.4402923690054226,5.275184155657504,0.05861315728508338,-2.3999999999999986,0.24444444444444444,82,0.45121951219512196,-2.3999999999999986,0.5688352919135297,0,0.5,137,0.4306569343065693,0.9668753244413258,-0.6157189790425863,-0.00449429911709917,-2.683300349758268,0.21897810218978103,128,0.4296875,-2.683300349758268,-4.060293876091624,21,0.5,378,0.43915343915343913,0.9956374956458156,-0.2076149855752325,-0.0005492459935852712,-5.1969002564315065,0.40476190476190477,345,0.42318840579710143,-5.1969002564315065,-17.76153297655245,21,0.47058823529411764
SPXW,"d65ret,d80_front",-999999.0,1,score_desc,d80_front,21,4,30,False,False,False,False,False,-14.922624216825117,-8.496454704340136,-14.922624216825117,90,0.43333333333333335,1.4402923690054226,5.275184155657504,0.05861315728508338,-2.3999999999999986,0.24444444444444444,82,0.45121951219512196,-2.3999999999999986,0.5688352919135297,0,0.5,137,0.4306569343065693,0.9668753244413258,-0.6157189790425863,-0.00449429911709917,-2.683300349758268,0.21897810218978103,128,0.4296875,-2.683300349758268,-4.060293876091624,21,0.5,378,0.43915343915343913,0.9956374956458156,-0.2076149855752325,-0.0005492459935852712,-5.1969002564315065,0.40476190476190477,345,0.42318840579710143,-5.1969002564315065,-17.76153297655245,21,0.47058823529411764
SPXW,"d65ret,d80_front",0.0,1,score_desc,d80_front,21,3,0,False,False,False,False,False,-14.922624216825117,-8.496454704340136,-14.922624216825117,90,0.43333333333333335,1.4402923690054226,5.275184155657504,0.05861315728508338,-2.3999999999999986,0.24444444444444444,82,0.45121951219512196,-2.3999999999999986,0.5688352919135297,0,0.5,137,0.4306569343065693,0.9668753244413258,-0.6157189790425863,-0.00449429911709917,-2.683300349758268,0.21897810218978103,128,0.4296875,-2.683300349758268,-4.060293876091624,21,0.5,376,0.44148936170212766,0.9950868689762452,-0.23489923372827937,-0.0006247320045964877,-4.435669943941128,0.40691489361702127,337,0.41839762611275966,-4.435669943941129,-17.606248939848843,19,0.5294117647058824
SPXW,"d65ret,d80_front",0.0,1,score_desc,d80_front,21,4,0,False,False,False,False,False,-14.922624216825117,-8.496454704340136,-14.922624216825117,90,0.43333333333333335,1.4402923690054226,5.275184155657504,0.05861315728508338,-2.3999999999999986,0.24444444444444444,82,0.45121951219512196,-2.3999999999999986,0.5688352919135297,0,0.5,137,0.4306569343065693,0.9668753244413258,-0.6157189790425863,-0.00449429911709917,-2.683300349758268,0.21897810218978103,128,0.4296875,-2.683300349758268,-4.060293876091624,21,0.5,376,0.44148936170212766,0.9950868689762452,-0.23489923372827937,-0.0006247320045964877,-4.435669943941128,0.40691489361702127,337,0.41839762611275966,-4.435669943941129,-17.606248939848843,19,0.5294117647058824
SPXW,"d65ret,d80_front",0.0,1,score_desc,d80_front,21,2,0,False,False,False,False,False,-14.922624216825117,-8.496454704340136,-14.922624216825117,90,0.43333333333333335,1.4402923690054226,5.275184155657504,0.05861315728508338,-2.3999999999999986,0.24444444444444444,82,0.45121951219512196,-2.3999999999999986,0.5688352919135297,0,0.5,137,0.4306569343065693,0.9668753244413258,-0.6157189790425863,-0.00449429911709917,-2.683300349758268,0.21897810218978103,128,0.4296875,-2.683300349758268,-4.060293876091624,21,0.5,376,0.43882978723404253,0.9919930617145789,-0.38157441372968837,-0.0010148255684300223,-4.13566994394113,0.4095744680851064,337,0.42136498516320475,-4.13566994394113,-10.04782645995592,19,0.5294117647058824
SPXW,"d65ret,d80_front",-999999.0,1,score_desc,d80_front,21,3,0,False,False,False,False,False,-14.922624216825117,-8.496454704340136,-14.922624216825117,90,0.43333333333333335,1.4402923690054226,5.275184155657504,0.05861315728508338,-2.3999999999999986,0.24444444444444444,82,0.45121951219512196,-2.3999999999999986,0.5688352919135297,0,0.5,137,0.4306569343065693,0.9668753244413258,-0.6157189790425863,-0.00449429911709917,-2.683300349758268,0.21897810218978103,128,0.4296875,-2.683300349758268,-4.060293876091624,21,0.5,380,0.4368421052631579,0.9912456072871209,-0.42458299053183124,-0.0011173236592942927,-4.994137682149893,0.40789473684210525,345,0.41739130434782606,-4.994137682149894,-9.463046185093267,21,0.5294117647058824
SPXW,"d65ret,d80_front",-999999.0,1,score_desc,d80_front,21,4,0,False,False,False,False,False,-14.922624216825117,-8.496454704340136,-14.922624216825117,90,0.43333333333333335,1.4402923690054226,5.275184155657504,0.05861315728508338,-2.3999999999999986,0.24444444444444444,82,0.45121951219512196,-2.3999999999999986,0.5688352919135297,0,0.5,137,0.4306569343065693,0.9668753244413258,-0.6157189790425863,-0.00449429911709917,-2.683300349758268,0.21897810218978103,128,0.4296875,-2.683300349758268,-4.060293876091624,21,0.5,380,0.4368421052631579,0.9912456072871209,-0.42458299053183124,-0.0011173236592942927,-4.994137682149893,0.40789473684210525,345,0.41739130434782606,-4.994137682149894,-9.463046185093267,21,0.5294117647058824
SPXW,"d65ret,d80_front",-999999.0,1,score_desc,d80_front,21,2,0,False,False,False,False,False,-14.922624216825117,-8.496454704340136,-14.922624216825117,90,0.43333333333333335,1.4402923690054226,5.275184155657504,0.05861315728508338,-2.3999999999999986,0.24444444444444444,82,0.45121951219512196,-2.3999999999999986,0.5688352919135297,0,0.5,137,0.4306569343065693,0.9668753244413258,-0.6157189790425863,-0.00449429911709917,-2.683300349758268,0.21897810218978103,128,0.4296875,-2.683300349758268,-4.060293876091624,21,0.5,380,0.4342105263157895,0.9881835701957931,-0.5712581705332402,-0.0015033109750874744,-4.6941376821498935,0.4105263157894737,345,0.42028985507246375,-4.6941376821498935,-6.505198081025972,21,0.5294117647058824
SPXW,"d65ret,d80_front",0.0,1,score_desc,d80_front,21,2,30,False,False,False,False,False,-14.922624216825117,-8.496454704340136,-14.922624216825117,90,0.43333333333333335,1.4402923690054226,5.275184155657504,0.05861315728508338,-2.3999999999999986,0.24444444444444444,82,0.45121951219512196,-2.3999999999999986,0.5688352919135297,0,0.5,137,0.4306569343065693,0.9668753244413258,-0.6157189790425863,-0.00449429911709917,-2.683300349758268,0.21897810218978103,128,0.4296875,-2.683300349758268,-4.060293876091624,21,0.5,374,0.4385026737967914,0.983079615621459,-0.7924190143233147,-0.0021187674179767775,-5.041656048661958,0.4090909090909091,338,0.4289940828402367,-5.041656048661958,-4.3351747178153035,19,0.4117647058823529
SPXW,"d65ret,d80_front",0.0,1,score_desc,d80_front,21,2,15,False,False,False,False,False,-14.922624216825117,-8.496454704340136,-14.922624216825117,90,0.43333333333333335,1.4402923690054226,5.275184155657504,0.05861315728508338,-2.3999999999999986,0.24444444444444444,82,0.45121951219512196,-2.3999999999999986,0.5688352919135297,0,0.5,137,0.4306569343065693,0.9668753244413258,-0.6157189790425863,-0.00449429911709917,-2.683300349758268,0.21897810218978103,128,0.4296875,-2.683300349758268,-4.060293876091624,21,0.5,376,0.43882978723404253,0.9826803478752013,-0.8188950042213525,-0.0021779122452695544,-4.767324593668341,0.4095744680851064,338,0.4260355029585799,-4.7673245936683415,-4.669263693934735,19,0.47058823529411764
SPXW,"d65ret,d80_front",-999999.0,1,score_desc,d80_front,21,2,15,False,False,False,False,False,-14.922624216825117,-8.496454704340136,-14.922624216825117,90,0.43333333333333335,1.4402923690054226,5.275184155657504,0.05861315728508338,-2.3999999999999986,0.24444444444444444,82,0.45121951219512196,-2.3999999999999986,0.5688352919135297,0,0.5,137,0.4306569343065693,0.9668753244413258,-0.6157189790425863,-0.00449429911709917,-2.683300349758268,0.21897810218978103,128,0.4296875,-2.683300349758268,-4.060293876091624,21,0.5,379,0.43535620052770446,0.9818288803105087,-0.8693299072192717,-0.002293746457042933,-5.196900256431508,0.40897097625329815,345,0.42318840579710143,-5.196900256431508,-4.233151352609756,21,0.47058823529411764
SPXW,"d65ret,d80_front",-999999.0,1,score_desc,d80_front,21,2,30,False,False,False,False,False,-14.922624216825117,-8.496454704340136,-14.922624216825117,90,0.43333333333333335,1.4402923690054226,5.275184155657504,0.05861315728508338,-2.3999999999999986,0.24444444444444444,82,0.45121951219512196,-2.3999999999999986,0.5688352919135297,0,0.5,137,0.4306569343065693,0.9668753244413258,-0.6157189790425863,-0.00449429911709917,-2.683300349758268,0.21897810218978103,128,0.4296875,-2.683300349758268,-4.060293876091624,21,0.5,378,0.43386243386243384,0.9760369025067464,-1.1428539173212338,-0.0030234230616963858,-5.696900256431508,0.4074074074074074,345,0.4260869565217391,-5.696900256431508,-2.868851057512199,21,0.4117647058823529
SPXW,d80,-999999.0,1,score_desc,d80_zero,22,2,30,False,False,False,False,False,-13.088858108805143,-14.949010701671114,-14.949010701671114,64,0.515625,1.4869168242821258,4.4227864846892535,0.06910603882326959,-1.4,0.1875,61,0.5245901639344263,-1.4,0.6783054100362661,0,0.5,110,0.4818181818181818,1.3741564604190035,6.228082014278228,0.05661892740252934,-2.2774802861251215,0.07272727272727272,103,0.4854368932038835,-2.0801442549102322,0.48168922520967633,0,0.8333333333333334,321,0.4454828660436137,1.2666510258912616,11.783670202183165,0.036709252966302695,-3.7916352199073176,0.46105919003115264,298,0.4563758389261745,-3.7916352199073176,0.42431601650508244,0,0.5882352941176471
SPXW,d80,0.0,1,score_desc,d80_zero,22,2,30,False,False,False,False,False,-13.088858108805143,-14.949010701671114,-14.949010701671114,64,0.515625,1.4869168242821258,4.4227864846892535,0.06910603882326959,-1.4,0.1875,61,0.5245901639344263,-1.4,0.6783054100362661,0,0.5,110,0.4818181818181818,1.3741564604190035,6.228082014278228,0.05661892740252934,-2.2774802861251215,0.07272727272727272,103,0.4854368932038835,-2.0801442549102322,0.48168922520967633,0,0.8333333333333334,309,0.4401294498381877,1.2536307375615674,11.110617857045765,0.035956692093999244,-4.325281519884014,0.44983818770226536,285,0.45263157894736844,-4.2006825711248235,0.4500199776765128,0,0.5294117647058824
SPXW,"d65ret,d80,d80_zero",-999999.0,1,score_desc,d65win,22,2,15,False,False,False,False,False,-14.9498534126826,20.871826001838663,-14.9498534126826,115,0.4608695652173913,1.300834868900284,5.072410644343759,0.04410791864646747,-2.9958630366639625,0.2,102,0.47058823529411764,-2.9958630366639625,0.5922414101494439,0,0.6666666666666666,139,0.460431654676259,1.218618146441123,4.610233801583529,0.033167149651680064,-2.0568431598327024,0.18705035971223022,128,0.453125,-2.056843159832702,0.6739700230389601,22,0.6666666666666666,390,0.4205128205128205,1.035773608813123,2.1084106748408664,0.005406181217540683,-5.4338171507977355,0.3769230769230769,350,0.4142857142857143,-5.433817150797736,1.8766834767932954,21,0.4117647058823529
SPXW,"d65ret,d80,d80_zero",0.0,1,score_desc,d65win,22,2,15,False,False,False,False,False,-14.9498534126826,20.871826001838663,-14.9498534126826,115,0.4608695652173913,1.300834868900284,5.072410644343759,0.04410791864646747,-2.9958630366639625,0.2,102,0.47058823529411764,-2.9958630366639625,0.5922414101494439,0,0.6666666666666666,139,0.460431654676259,1.218618146441123,4.610233801583529,0.033167149651680064,-2.0568431598327024,0.18705035971223022,128,0.453125,-2.056843159832702,0.6739700230389601,22,0.6666666666666666,389,0.4138817480719794,1.0259732793809975,1.5302953743400547,0.003933921270797056,-4.979805458557384,0.37275064267352187,345,0.4115942028985507,-4.979805458557385,2.5856573457100387,20,0.4117647058823529
SPXW,"d65ret,d80,d80_zero",0.0,1,score_desc,d65win,22,2,0,False,False,False,False,False,-14.9498534126826,20.399910333801934,-14.9498534126826,115,0.4608695652173913,1.300834868900284,5.072410644343759,0.04410791864646747,-2.9958630366639625,0.2,102,0.47058823529411764,-2.9958630366639625,0.5922414101494439,0,0.6666666666666666,139,0.460431654676259,1.2030009080334128,4.280896454402221,0.030797816218721016,-2.0568431598327024,0.18705035971223022,128,0.4453125,-2.0568431598327024,0.7258197937193797,22,0.6666666666666666,389,0.41131105398457585,1.0195429395982585,1.1629282572077688,0.002989532794878583,-5.0754979021399,0.36246786632390743,344,0.40988372093023256,-5.075497902139901,3.4562058758628678,20,0.4117647058823529
SPXW,"d65ret,d80,d80_zero",-999999.0,1,score_desc,d65win,22,2,0,False,False,False,False,False,-14.9498534126826,20.399910333801934,-14.9498534126826,115,0.4608695652173913,1.300834868900284,5.072410644343759,0.04410791864646747,-2.9958630366639625,0.2,102,0.47058823529411764,-2.9958630366639625,0.5922414101494439,0,0.6666666666666666,139,0.460431654676259,1.2030009080334128,4.280896454402221,0.030797816218721016,-2.0568431598327024,0.18705035971223022,128,0.4453125,-2.0568431598327024,0.7258197937193797,22,0.6666666666666666,391,0.41687979539641945,1.017033737661998,1.019057785597759,0.0026062858966694603,-5.926107594540294,0.36828644501278773,350,0.4114285714285714,-5.926107594540298,3.849226167491567,21,0.4117647058823529
SPXW,"d80,d80_front",0.0,1,score_desc,d50ret,21,3,0,False,False,False,False,False,-15.034909910058538,24.114945321974872,-15.034909910058538,91,0.4725274725274725,1.308066733685568,3.3086419081453924,0.03635870228731201,-1.7160693747459808,0.2087912087912088,89,0.48314606741573035,-1.4160693747459807,0.7555970302634945,0,0.6666666666666666,137,0.48905109489051096,1.3952629158380714,7.346935037178742,0.05362726304510031,-1.9774802861251217,0.10948905109489052,124,0.46774193548387094,-1.9774802861251217,0.573714075016661,21,0.8333333333333334,378,0.4603174603174603,1.2454113076591942,11.355344740500945,0.030040594551589802,-4.46139960270103,0.3994708994708995,338,0.47337278106508873,-4.461399602701028,0.29482511804695527,19,0.7647058823529411
SPXW,"d80,d80_front",0.0,1,score_desc,d50ret,21,4,0,False,False,False,False,False,-15.034909910058538,24.114945321974872,-15.034909910058538,91,0.4725274725274725,1.308066733685568,3.3086419081453924,0.03635870228731201,-1.7160693747459808,0.2087912087912088,89,0.48314606741573035,-1.4160693747459807,0.7555970302634945,0,0.6666666666666666,137,0.48905109489051096,1.3952629158380714,7.346935037178742,0.05362726304510031,-1.9774802861251217,0.10948905109489052,124,0.46774193548387094,-1.9774802861251217,0.573714075016661,21,0.8333333333333334,378,0.4603174603174603,1.2454113076591942,11.355344740500945,0.030040594551589802,-4.46139960270103,0.3994708994708995,338,0.47337278106508873,-4.461399602701028,0.29482511804695527,19,0.7647058823529411
SPXW,"d80,d80_front",0.0,1,score_desc,d50ret,21,2,0,False,False,False,False,False,-15.034909910058538,24.114945321974872,-15.034909910058538,91,0.4725274725274725,1.308066733685568,3.3086419081453924,0.03635870228731201,-1.7160693747459808,0.2087912087912088,89,0.48314606741573035,-1.4160693747459807,0.7555970302634945,0,0.6666666666666666,137,0.48905109489051096,1.3952629158380714,7.346935037178742,0.05362726304510031,-1.9774802861251217,0.10948905109489052,124,0.46774193548387094,-1.9774802861251217,0.573714075016661,21,0.8333333333333334,378,0.4576719576719577,1.2443555166443037,11.309367357476928,0.029918961263166476,-4.46139960270103,0.3994708994708995,338,0.47337278106508873,-4.46139960270103,0.2960237074064727,19,0.7647058823529411
SPXW,"d80,d80_front",0.0,1,score_desc,d50ret,21,3,15,False,False,False,False,False,-15.034909910058538,24.207480779003063,-15.034909910058538,91,0.4725274725274725,1.308066733685568,3.3086419081453924,0.03635870228731201,-1.7160693747459808,0.2087912087912088,89,0.48314606741573035,-1.4160693747459807,0.7555970302634945,0,0.6666666666666666,137,0.48905109489051096,1.403160122120412,7.49372407102609,0.05469871584690577,-1.9774802861251217,0.10948905109489052,124,0.4838709677419355,-1.9774802861251217,0.5337799953784919,21,0.8333333333333334,378,0.4576719576719577,1.232472291133166,10.767004221244205,0.028484138151439697,-3.9999047278380324,0.4074074074074074,340,0.4647058823529412,-3.999904727838029,0.31093522253632,19,0.7647058823529411
SPXW,"d80,d80_front",0.0,1,score_desc,d50ret,21,4,15,False,False,False,False,False,-15.034909910058538,24.207480779003063,-15.034909910058538,91,0.4725274725274725,1.308066733685568,3.3086419081453924,0.03635870228731201,-1.7160693747459808,0.2087912087912088,89,0.48314606741573035,-1.4160693747459807,0.7555970302634945,0,0.6666666666666666,137,0.48905109489051096,1.403160122120412,7.49372407102609,0.05469871584690577,-1.9774802861251217,0.10948905109489052,124,0.4838709677419355,-1.9774802861251217,0.5337799953784919,21,0.8333333333333334,378,0.4576719576719577,1.232472291133166,10.767004221244205,0.028484138151439697,-3.9999047278380324,0.4074074074074074,340,0.4647058823529412,-3.999904727838029,0.31093522253632,19,0.7647058823529411
SPXW,"d80,d80_front",0.0,1,score_desc,d50ret,21,2,15,False,False,False,False,False,-15.034909910058538,24.207480779003063,-15.034909910058538,91,0.4725274725274725,1.308066733685568,3.3086419081453924,0.03635870228731201,-1.7160693747459808,0.2087912087912088,89,0.48314606741573035,-1.4160693747459807,0.7555970302634945,0,0.6666666666666666,137,0.48905109489051096,1.403160122120412,7.49372407102609,0.05469871584690577,-1.9774802861251217,0.10948905109489052,124,0.4838709677419355,-1.9774802861251217,0.5337799953784919,21,0.8333333333333334,378,0.455026455026455,1.231420801242802,10.721026838220189,0.02836250486301637,-3.999904727838037,0.4074074074074074,340,0.4647058823529412,-3.9999047278380297,0.3122686757622037,19,0.7647058823529411
SPXW,"d80,d80_front",0.0,1,score_desc,d50ret,21,3,30,False,False,False,False,False,-15.034909910058538,24.207480779003063,-15.034909910058538,91,0.4725274725274725,1.308066733685568,3.3086419081453924,0.03635870228731201,-1.7160693747459808,0.2087912087912088,89,0.48314606741573035,-1.4160693747459807,0.7555970302634945,0,0.6666666666666666,137,0.48905109489051096,1.403160122120412,7.49372407102609,0.05469871584690577,-1.9774802861251217,0.10948905109489052,124,0.4838709677419355,-1.9774802861251217,0.5337799953784919,21,0.8333333333333334,378,0.455026455026455,1.2261350888033544,10.541335857413284,0.02788713189791874,-4.311151686526333,0.40476190476190477,341,0.4604105571847507,-4.3111516865263315,0.31759170743313964,19,0.7058823529411765
SPXW,"d80,d80_front",0.0,1,score_desc,d50ret,21,4,30,False,False,False,False,False,-15.034909910058538,24.207480779003063,-15.034909910058538,91,0.4725274725274725,1.308066733685568,3.3086419081453924,0.03635870228731201,-1.7160693747459808,0.2087912087912088,89,0.48314606741573035,-1.4160693747459807,0.7555970302634945,0,0.6666666666666666,137,0.48905109489051096,1.403160122120412,7.49372407102609,0.05469871584690577,-1.9774802861251217,0.10948905109489052,124,0.4838709677419355,-1.9774802861251217,0.5337799953784919,21,0.8333333333333334,378,0.455026455026455,1.2261350888033544,10.541335857413284,0.02788713189791874,-4.311151686526333,0.40476190476190477,341,0.4604105571847507,-4.3111516865263315,0.31759170743313964,19,0.7058823529411765
SPXW,"d80,d80_front",0.0,1,score_desc,d50ret,21,2,30,False,False,False,False,False,-15.034909910058538,24.207480779003063,-15.034909910058538,91,0.4725274725274725,1.308066733685568,3.3086419081453924,0.03635870228731201,-1.7160693747459808,0.2087912087912088,89,0.48314606741573035,-1.4160693747459807,0.7555970302634945,0,0.6666666666666666,137,0.48905109489051096,1.403160122120412,7.49372407102609,0.05469871584690577,-1.9774802861251217,0.10948905109489052,124,0.4838709677419355,-1.9774802861251217,0.5337799953784919,21,0.8333333333333334,378,0.4523809523809524,1.2250919632181276,10.495358474389267,0.027765498609495416,-4.311151686526333,0.40476190476190477,341,0.4604105571847507,-4.311151686526333,0.3189829925058255,19,0.7058823529411765
SPXW,"d50ret,d80,d80_front",0.0,1,score_desc,d80,22,2,0,False,False,False,False,False,-15.036435735487572,24.404794106155844,-15.036435735487572,97,0.4845360824742268,1.3296192460260592,3.890783440282667,0.04011116948745018,-1.6,0.18556701030927836,89,0.5280898876404494,-1.6,0.6425441144106375,0,0.5,136,0.47794117647058826,1.431065695303656,8.717617228436904,0.06410012667968312,-2.6831111484103736,0.13970588235294118,124,0.49193548387096775,-2.6831111484103736,0.4873456852940674,20,0.6666666666666666,386,0.4481865284974093,1.1666277310583275,8.907239025410762,0.023075748770494203,-3.1988212919232266,0.32642487046632124,343,0.4577259475218659,-3.1988212919232266,0.49623080490398036,19,0.7647058823529411
SPXW,"d50ret,d80,d80_front",0.0,1,score_desc,d80,22,2,15,False,False,False,False,False,-15.036435735487572,24.404794106155844,-15.036435735487572,97,0.4845360824742268,1.3296192460260592,3.890783440282667,0.04011116948745018,-1.6,0.18556701030927836,89,0.5280898876404494,-1.6,0.6425441144106375,0,0.5,136,0.47794117647058826,1.431065695303656,8.717617228436904,0.06410012667968312,-2.6831111484103736,0.13970588235294118,124,0.49193548387096775,-2.6831111484103736,0.4873456852940674,20,0.6666666666666666,385,0.44675324675324674,1.1618621998714163,8.652493161110364,0.02247400821067627,-3.1988212919232266,0.32727272727272727,343,0.4577259475218659,-3.1988212919232266,0.4853529642494481,19,0.7647058823529411
SPXW,"d50ret,d80,d80_front",0.0,1,score_desc,d80,22,2,30,False,False,False,False,False,-15.036435735487572,24.404794106155844,-15.036435735487572,97,0.4845360824742268,1.3296192460260592,3.890783440282667,0.04011116948745018,-1.6,0.18556701030927836,89,0.5280898876404494,-1.6,0.6425441144106375,0,0.5,136,0.47794117647058826,1.431065695303656,8.717617228436904,0.06410012667968312,-2.6831111484103736,0.13970588235294118,124,0.49193548387096775,-2.6831111484103736,0.4873456852940674,20,0.6666666666666666,384,0.4427083333333333,1.1326448870974386,7.165836635136036,0.018661032904000095,-3.6920781892014407,0.3255208333333333,343,0.4518950437317784,-3.6920781892014434,0.5860464615257405,19,0.7647058823529411
SPXW,"d80,d80_front",0.0,1,score_desc,d65ret,21,3,30,False,False,False,False,False,-15.036470588852913,23.094442568889697,-15.036470588852913,108,0.4722222222222222,1.3291638398662686,4.48442679441805,0.041522470318685646,-2.016069374745981,0.16666666666666666,101,0.48514851485148514,-2.016069374745981,0.6689818203151902,0,0.6666666666666666,133,0.46616541353383456,1.323319505674016,6.130911314229699,0.04609707755059924,-1.9774802861251226,0.13533834586466165,124,0.47580645161290325,-1.9774802861251226,0.6101260232120603,20,0.8333333333333334,378,0.455026455026455,1.158030641819472,7.68570355992335,0.020332549100326322,-5.4973473498577565,0.41005291005291006,342,0.4502923976608187,-5.497347349857758,0.5189770793548542,19,0.5882352941176471
SPXW,"d80,d80_front",0.0,1,score_desc,d65ret,21,4,30,False,False,False,False,False,-15.036470588852913,23.094442568889697,-15.036470588852913,108,0.4722222222222222,1.3291638398662686,4.48442679441805,0.041522470318685646,-2.016069374745981,0.16666666666666666,101,0.48514851485148514,-2.016069374745981,0.6689818203151902,0,0.6666666666666666,133,0.46616541353383456,1.323319505674016,6.130911314229699,0.04609707755059924,-1.9774802861251226,0.13533834586466165,124,0.47580645161290325,-1.9774802861251226,0.6101260232120603,20,0.8333333333333334,378,0.455026455026455,1.158030641819472,7.68570355992335,0.020332549100326322,-5.4973473498577565,0.41005291005291006,342,0.4502923976608187,-5.497347349857758,0.5189770793548542,19,0.5882352941176471
SPXW,"d80,d80_front",0.0,1,score_desc,d65ret,21,2,30,False,False,False,False,False,-15.036470588852913,23.094442568889697,-15.036470588852913,108,0.4722222222222222,1.3291638398662686,4.48442679441805,0.041522470318685646,-2.016069374745981,0.16666666666666666,101,0.48514851485148514,-2.016069374745981,0.6689818203151902,0,0.6666666666666666,133,0.46616541353383456,1.323319505674016,6.130911314229699,0.04609707755059924,-1.9774802861251226,0.13533834586466165,124,0.47580645161290325,-1.9774802861251226,0.6101260232120603,20,0.8333333333333334,378,0.4523809523809524,1.1502319776942391,7.351490882781686,0.01944838857878753,-5.4973473498577565,0.4074074074074074,342,0.4473684210526316,-5.497347349857758,0.5425707587638283,19,0.5882352941176471
SPXW,"d65ret,d80,d80_front",0.0,1,score_desc,d80_zero,21,2,30,False,False,False,False,False,-15.041936425690228,17.058318837396122,-15.041936425690228,104,0.4519230769230769,1.345979979383033,5.278041773150611,0.050750401664909725,-2.3999999999999986,0.21153846153846154,102,0.46078431372549017,-2.3999999999999986,0.47366051794388886,0,0.5,134,0.43283582089552236,1.1391369950751946,3.0470684092948654,0.022739316487275115,-2.422531021583716,0.1791044776119403,128,0.4296875,-2.422531021583716,0.9845528872435924,20,0.5,367,0.44141689373297005,1.1560856062602434,8.448557514321344,0.023020592682074507,-4.507765458977809,0.36239782016348776,348,0.4511494252873563,-4.325981113744006,0.43689341001073845,19,0.6470588235294118
SPXW,"d65ret,d80,d80_front",0.0,1,score_desc,d80_zero,21,3,30,False,False,False,False,False,-15.041936425690228,15.643829068999409,-15.041936425690228,104,0.4519230769230769,1.345979979383033,5.278041773150611,0.050750401664909725,-2.3999999999999986,0.21153846153846154,102,0.46078431372549017,-2.3999999999999986,0.47366051794388886,0,0.5,134,0.4253731343283582,1.101220339229856,2.247068409294865,0.01676916723354377,-2.4225310215837172,0.1791044776119403,128,0.4296875,-2.4225310215837172,1.112560698935065,20,0.5,367,0.44141689373297005,1.1560856062602434,8.448557514321344,0.023020592682074507,-4.507765458977809,0.36239782016348776,348,0.4511494252873563,-4.325981113744006,0.43689341001073845,19,0.6470588235294118
SPXW,"d65ret,d80,d80_front",0.0,1,score_desc,d80_zero,21,4,30,False,False,False,False,False,-15.041936425690228,15.643829068999409,-15.041936425690228,104,0.4519230769230769,1.345979979383033,5.278041773150611,0.050750401664909725,-2.3999999999999986,0.21153846153846154,102,0.46078431372549017,-2.3999999999999986,0.47366051794388886,0,0.5,134,0.4253731343283582,1.101220339229856,2.247068409294865,0.01676916723354377,-2.4225310215837172,0.1791044776119403,128,0.4296875,-2.4225310215837172,1.112560698935065,20,0.5,367,0.44141689373297005,1.1560856062602434,8.448557514321344,0.023020592682074507,-4.507765458977809,0.36239782016348776,348,0.4511494252873563,-4.325981113744006,0.43689341001073845,19,0.6470588235294118
SPXW,"d65ret,d80,d80_front",0.0,1,score_desc,d80_zero,21,2,0,False,False,False,False,False,-15.041936425690228,17.147871076202097,-15.041936425690228,104,0.4519230769230769,1.345979979383033,5.278041773150611,0.050750401664909725,-2.3999999999999986,0.21153846153846154,102,0.46078431372549017,-2.3999999999999986,0.47366051794388886,0,0.5,134,0.43283582089552236,1.1391369950751948,3.0470684092948654,0.022739316487275115,-2.422531021583716,0.1865671641791045,128,0.4296875,-2.422531021583716,0.8946206526277871,20,0.5,368,0.4375,1.148944695511017,8.107822204575992,0.022032125555913024,-4.507765458977805,0.35597826086956524,347,0.4495677233429395,-4.325981113744004,0.4552540755050673,19,0.6470588235294118
SPXW,"d65ret,d80,d80_front",0.0,1,score_desc,d80_zero,21,3,0,False,False,False,False,False,-15.041936425690228,17.147871076202097,-15.041936425690228,104,0.4519230769230769,1.345979979383033,5.278041773150611,0.050750401664909725,-2.3999999999999986,0.21153846153846154,102,0.46078431372549017,-2.3999999999999986,0.47366051794388886,0,0.5,134,0.43283582089552236,1.1391369950751948,3.0470684092948654,0.022739316487275115,-2.422531021583716,0.1865671641791045,128,0.4296875,-2.422531021583716,0.8946206526277871,20,0.5,368,0.4375,1.148944695511017,8.107822204575992,0.022032125555913024,-4.507765458977805,0.35597826086956524,347,0.4495677233429395,-4.325981113744004,0.4552540755050673,19,0.6470588235294118
SPXW,"d65ret,d80,d80_front",0.0,1,score_desc,d80_zero,21,4,0,False,False,False,False,False,-15.041936425690228,17.147871076202097,-15.041936425690228,104,0.4519230769230769,1.345979979383033,5.278041773150611,0.050750401664909725,-2.3999999999999986,0.21153846153846154,102,0.46078431372549017,-2.3999999999999986,0.47366051794388886,0,0.5,134,0.43283582089552236,1.1391369950751948,3.0470684092948654,0.022739316487275115,-2.422531021583716,0.1865671641791045,128,0.4296875,-2.422531021583716,0.8946206526277871,20,0.5,368,0.4375,1.148944695511017,8.107822204575992,0.022032125555913024,-4.507765458977805,0.35597826086956524,347,0.4495677233429395,-4.325981113744004,0.4552540755050673,19,0.6470588235294118
SPXW,"d65ret,d80,d80_front",0.0,1,score_desc,d80_zero,21,2,15,False,False,False,False,False,-15.041936425690228,17.147871076202097,-15.041936425690228,104,0.4519230769230769,1.345979979383033,5.278041773150611,0.050750401664909725,-2.3999999999999986,0.21153846153846154,102,0.46078431372549017,-2.3999999999999986,0.47366051794388886,0,0.5,134,0.43283582089552236,1.1391369950751948,3.0470684092948654,0.022739316487275115,-2.422531021583716,0.1865671641791045,128,0.4296875,-2.422531021583716,0.8946206526277871,20,0.5,368,0.4375,1.1441989840149656,7.849488835185528,0.0213301327043085,-4.507765458977805,0.358695652173913,348,0.4511494252873563,-4.349668361280243,0.47023687524188423,19,0.6470588235294118
SPXW,"d65ret,d80,d80_front",0.0,1,score_desc,d80_zero,21,3,15,False,False,False,False,False,-15.041936425690228,17.147871076202097,-15.041936425690228,104,0.4519230769230769,1.345979979383033,5.278041773150611,0.050750401664909725,-2.3999999999999986,0.21153846153846154,102,0.46078431372549017,-2.3999999999999986,0.47366051794388886,0,0.5,134,0.43283582089552236,1.1391369950751948,3.0470684092948654,0.022739316487275115,-2.422531021583716,0.1865671641791045,128,0.4296875,-2.422531021583716,0.8946206526277871,20,0.5,368,0.4375,1.1441989840149656,7.849488835185528,0.0213301327043085,-4.507765458977805,0.358695652173913,348,0.4511494252873563,-4.349668361280243,0.47023687524188423,19,0.6470588235294118
SPXW,"d65ret,d80,d80_front",0.0,1,score_desc,d80_zero,21,4,15,False,False,False,False,False,-15.041936425690228,17.147871076202097,-15.041936425690228,104,0.4519230769230769,1.345979979383033,5.278041773150611,0.050750401664909725,-2.3999999999999986,0.21153846153846154,102,0.46078431372549017,-2.3999999999999986,0.47366051794388886,0,0.5,134,0.43283582089552236,1.1391369950751948,3.0470684092948654,0.022739316487275115,-2.422531021583716,0.1865671641791045,128,0.4296875,-2.422531021583716,0.8946206526277871,20,0.5,368,0.4375,1.1441989840149656,7.849488835185528,0.0213301327043085,-4.507765458977805,0.358695652173913,348,0.4511494252873563,-4.349668361280243,0.47023687524188423,19,0.6470588235294118
SPXW,"d65ret,d80,d80_front",-999999.0,1,score_desc,d80_zero,21,2,0,False,False,False,False,False,-15.041936425690228,17.147871076202097,-15.041936425690228,104,0.4519230769230769,1.345979979383033,5.278041773150611,0.050750401664909725,-2.3999999999999986,0.21153846153846154,102,0.46078431372549017,-2.3999999999999986,0.47366051794388886,0,0.5,134,0.43283582089552236,1.1391369950751948,3.0470684092948654,0.022739316487275115,-2.422531021583716,0.1865671641791045,128,0.4296875,-2.422531021583716,0.8946206526277871,20,0.5,369,0.43360433604336046,1.1342787131480998,7.3312672089448805,0.01986793281556878,-4.5077654589778,0.3523035230352303,350,0.44571428571428573,-4.325981113744004,0.503476274551849,19,0.6470588235294118
SPXW,"d65ret,d80,d80_front",-999999.0,1,score_desc,d80_zero,21,3,0,False,False,False,False,False,-15.041936425690228,17.147871076202097,-15.041936425690228,104,0.4519230769230769,1.345979979383033,5.278041773150611,0.050750401664909725,-2.3999999999999986,0.21153846153846154,102,0.46078431372549017,-2.3999999999999986,0.47366051794388886,0,0.5,134,0.43283582089552236,1.1391369950751948,3.0470684092948654,0.022739316487275115,-2.422531021583716,0.1865671641791045,128,0.4296875,-2.422531021583716,0.8946206526277871,20,0.5,369,0.43360433604336046,1.1342787131480998,7.3312672089448805,0.01986793281556878,-4.5077654589778,0.3523035230352303,350,0.44571428571428573,-4.325981113744004,0.503476274551849,19,0.6470588235294118
SPXW,"d65ret,d80,d80_front",-999999.0,1,score_desc,d80_zero,21,4,0,False,False,False,False,False,-15.041936425690228,17.147871076202097,-15.041936425690228,104,0.4519230769230769,1.345979979383033,5.278041773150611,0.050750401664909725,-2.3999999999999986,0.21153846153846154,102,0.46078431372549017,-2.3999999999999986,0.47366051794388886,0,0.5,134,0.43283582089552236,1.1391369950751948,3.0470684092948654,0.022739316487275115,-2.422531021583716,0.1865671641791045,128,0.4296875,-2.422531021583716,0.8946206526277871,20,0.5,369,0.43360433604336046,1.1342787131480998,7.3312672089448805,0.01986793281556878,-4.5077654589778,0.3523035230352303,350,0.44571428571428573,-4.325981113744004,0.503476274551849,19,0.6470588235294118
SPXW,"d65ret,d80,d80_front",-999999.0,1,score_desc,d80_zero,21,2,30,False,False,False,False,False,-15.041936425690228,17.058318837396122,-15.041936425690228,104,0.4519230769230769,1.345979979383033,5.278041773150611,0.050750401664909725,-2.3999999999999986,0.21153846153846154,102,0.46078431372549017,-2.3999999999999986,0.47366051794388886,0,0.5,134,0.43283582089552236,1.1391369950751946,3.0470684092948654,0.022739316487275115,-2.422531021583716,0.1791044776119403,128,0.4296875,-2.422531021583716,0.9845528872435924,20,0.5,369,0.43360433604336046,1.1244368269061489,6.830335888080695,0.01851039536065229,-4.507765458977796,0.35501355013550134,350,0.44285714285714284,-4.3259811137440005,0.5404008181420334,19,0.6470588235294118
SPXW,"d65ret,d80,d80_front",-999999.0,1,score_desc,d80_zero,21,3,30,False,False,False,False,False,-15.041936425690228,15.643829068999409,-15.041936425690228,104,0.4519230769230769,1.345979979383033,5.278041773150611,0.050750401664909725,-2.3999999999999986,0.21153846153846154,102,0.46078431372549017,-2.3999999999999986,0.47366051794388886,0,0.5,134,0.4253731343283582,1.101220339229856,2.247068409294865,0.01676916723354377,-2.4225310215837172,0.1791044776119403,128,0.4296875,-2.4225310215837172,1.112560698935065,20,0.5,369,0.43360433604336046,1.1244368269061489,6.830335888080695,0.01851039536065229,-4.507765458977796,0.35501355013550134,350,0.44285714285714284,-4.3259811137440005,0.5404008181420334,19,0.6470588235294118
SPXW,"d65ret,d80,d80_front",-999999.0,1,score_desc,d80_zero,21,4,30,False,False,False,False,False,-15.041936425690228,15.643829068999409,-15.041936425690228,104,0.4519230769230769,1.345979979383033,5.278041773150611,0.050750401664909725,-2.3999999999999986,0.21153846153846154,102,0.46078431372549017,-2.3999999999999986,0.47366051794388886,0,0.5,134,0.4253731343283582,1.101220339229856,2.247068409294865,0.01676916723354377,-2.4225310215837172,0.1791044776119403,128,0.4296875,-2.4225310215837172,1.112560698935065,20,0.5,369,0.43360433604336046,1.1244368269061489,6.830335888080695,0.01851039536065229,-4.507765458977796,0.35501355013550134,350,0.44285714285714284,-4.3259811137440005,0.5404008181420334,19,0.6470588235294118
SPXW,"d65ret,d80,d80_front",-999999.0,1,score_desc,d80_zero,21,2,15,False,False,False,False,False,-15.041936425690228,17.147871076202097,-15.041936425690228,104,0.4519230769230769,1.345979979383033,5.278041773150611,0.050750401664909725,-2.3999999999999986,0.21153846153846154,102,0.46078431372549017,-2.3999999999999986,0.47366051794388886,0,0.5,134,0.43283582089552236,1.1391369950751948,3.0470684092948654,0.022739316487275115,-2.422531021583716,0.1865671641791045,128,0.4296875,-2.422531021583716,0.8946206526277871,20,0.5,369,0.43089430894308944,1.118972272879176,6.531267208944881,0.017699911135351982,-4.507765458977794,0.3523035230352303,350,0.44285714285714284,-4.349668361280218,0.5651459332499116,19,0.6470588235294118
SPXW,"d65ret,d80,d80_front",-999999.0,1,score_desc,d80_zero,21,3,15,False,False,False,False,False,-15.041936425690228,17.147871076202097,-15.041936425690228,104,0.4519230769230769,1.345979979383033,5.278041773150611,0.050750401664909725,-2.3999999999999986,0.21153846153846154,102,0.46078431372549017,-2.3999999999999986,0.47366051794388886,0,0.5,134,0.43283582089552236,1.1391369950751948,3.0470684092948654,0.022739316487275115,-2.422531021583716,0.1865671641791045,128,0.4296875,-2.422531021583716,0.8946206526277871,20,0.5,369,0.43089430894308944,1.118972272879176,6.531267208944881,0.017699911135351982,-4.507765458977794,0.3523035230352303,350,0.44285714285714284,-4.349668361280218,0.5651459332499116,19,0.6470588235294118
SPXW,"d65ret,d80,d80_front",-999999.0,1,score_desc,d80_zero,21,4,15,False,False,False,False,False,-15.041936425690228,17.147871076202097,-15.041936425690228,104,0.4519230769230769,1.345979979383033,5.278041773150611,0.050750401664909725,-2.3999999999999986,0.21153846153846154,102,0.46078431372549017,-2.3999999999999986,0.47366051794388886,0,0.5,134,0.43283582089552236,1.1391369950751948,3.0470684092948654,0.022739316487275115,-2.422531021583716,0.1865671641791045,128,0.4296875,-2.422531021583716,0.8946206526277871,20,0.5,369,0.43089430894308944,1.118972272879176,6.531267208944881,0.017699911135351982,-4.507765458977794,0.3523035230352303,350,0.44285714285714284,-4.349668361280218,0.5651459332499116,19,0.6470588235294118
SPXW,"d65ret,d80,d80_front",-999999.0,1,score_desc,d80_front,21,1,0,False,False,False,False,False,-15.0563164315803,-8.391814757508952,-15.0563164315803,102,0.49019607843137253,1.3022253663748362,3.511756128281531,0.03442898164981893,-2.076334843901635,0.28431372549019607,102,0.49019607843137253,-2.076334843901635,0.711894536145757,0,0.5,128,0.4140625,0.975764499388349,-0.41772922911612964,-0.003263509602469763,-2.9869205764893456,0.203125,128,0.4140625,-2.9869205764893456,-5.984738021061472,20,0.6666666666666666,350,0.4514285714285714,1.1158205921381834,4.7907070651557735,0.01368773447187364,-3.7907932959085544,0.4057142857142857,350,0.4514285714285714,-3.7907932959085544,0.5218436372750148,19,0.7058823529411765
SPXW,"d65ret,d80,d80_front",-999999.0,1,score_desc,d80_front,21,1,15,False,False,False,False,False,-15.0563164315803,-8.391814757508952,-15.0563164315803,102,0.49019607843137253,1.3022253663748362,3.511756128281531,0.03442898164981893,-2.076334843901635,0.28431372549019607,102,0.49019607843137253,-2.076334843901635,0.711894536145757,0,0.5,128,0.4140625,0.975764499388349,-0.41772922911612964,-0.003263509602469763,-2.9869205764893456,0.203125,128,0.4140625,-2.9869205764893456,-5.984738021061472,20,0.6666666666666666,350,0.4514285714285714,1.1158205921381834,4.7907070651557735,0.01368773447187364,-3.7907932959085544,0.4057142857142857,350,0.4514285714285714,-3.7907932959085544,0.5218436372750148,19,0.7058823529411765
SPXW,"d65ret,d80,d80_front",-999999.0,1,score_desc,d80_front,21,1,30,False,False,False,False,False,-15.0563164315803,-8.391814757508952,-15.0563164315803,102,0.49019607843137253,1.3022253663748362,3.511756128281531,0.03442898164981893,-2.076334843901635,0.28431372549019607,102,0.49019607843137253,-2.076334843901635,0.711894536145757,0,0.5,128,0.4140625,0.975764499388349,-0.41772922911612964,-0.003263509602469763,-2.9869205764893456,0.203125,128,0.4140625,-2.9869205764893456,-5.984738021061472,20,0.6666666666666666,350,0.4514285714285714,1.1158205921381834,4.7907070651557735,0.01368773447187364,-3.7907932959085544,0.4057142857142857,350,0.4514285714285714,-3.7907932959085544,0.5218436372750148,19,0.7058823529411765
SPXW,"d65ret,d80,d80_front",0.0,1,score_desc,d80_front,21,1,0,False,False,False,False,False,-15.0563164315803,-8.391814757508952,-15.0563164315803,102,0.49019607843137253,1.3022253663748362,3.511756128281531,0.03442898164981893,-2.076334843901635,0.28431372549019607,102,0.49019607843137253,-2.076334843901635,0.711894536145757,0,0.5,128,0.4140625,0.975764499388349,-0.41772922911612964,-0.003263509602469763,-2.9869205764893456,0.203125,128,0.4140625,-2.9869205764893456,-5.984738021061472,20,0.6666666666666666,349,0.4498567335243553,1.1143641527949946,4.730464114203993,0.013554338436114595,-3.790793295908555,0.4040114613180516,349,0.4498567335243553,-3.790793295908555,0.5284893701007773,19,0.7058823529411765
SPXW,"d65ret,d80,d80_front",0.0,1,score_desc,d80_front,21,1,15,False,False,False,False,False,-15.0563164315803,-8.391814757508952,-15.0563164315803,102,0.49019607843137253,1.3022253663748362,3.511756128281531,0.03442898164981893,-2.076334843901635,0.28431372549019607,102,0.49019607843137253,-2.076334843901635,0.711894536145757,0,0.5,128,0.4140625,0.975764499388349,-0.41772922911612964,-0.003263509602469763,-2.9869205764893456,0.203125,128,0.4140625,-2.9869205764893456,-5.984738021061472,20,0.6666666666666666,349,0.4498567335243553,1.1143641527949946,4.730464114203993,0.013554338436114595,-3.790793295908555,0.4040114613180516,349,0.4498567335243553,-3.790793295908555,0.5284893701007773,19,0.7058823529411765
SPXW,"d65ret,d80,d80_front",0.0,1,score_desc,d80_front,21,1,30,False,False,False,False,False,-15.0563164315803,-8.391814757508952,-15.0563164315803,102,0.49019607843137253,1.3022253663748362,3.511756128281531,0.03442898164981893,-2.076334843901635,0.28431372549019607,102,0.49019607843137253,-2.076334843901635,0.711894536145757,0,0.5,128,0.4140625,0.975764499388349,-0.41772922911612964,-0.003263509602469763,-2.9869205764893456,0.203125,128,0.4140625,-2.9869205764893456,-5.984738021061472,20,0.6666666666666666,349,0.4498567335243553,1.1143641527949946,4.730464114203993,0.013554338436114595,-3.790793295908555,0.4040114613180516,349,0.4498567335243553,-3.790793295908555,0.5284893701007773,19,0.7058823529411765
SPXW,"d80,d80_front",0.0,1,score_desc,d80_zero,21,3,30,False,False,False,False,False,-15.061283536432164,16.542024123340035,-15.061283536432164,91,0.4725274725274725,1.308066733685568,3.308641908145392,0.036358702287312,-1.3566371440091163,0.1978021978021978,89,0.47191011235955055,-1.3566371440091163,0.9067164363161935,0,0.6666666666666666,129,0.4573643410852713,1.253610668360977,4.732981791788669,0.03668978133169511,-2.0801442549102322,0.10852713178294573,123,0.4634146341463415,-2.0801442549102322,0.5282082437623767,16,0.8333333333333334,351,0.47293447293447294,1.309520939342302,13.411444803449399,0.03820924445427179,-4.690129486323498,0.4358974358974359,331,0.4743202416918429,-4.690129486323498,0.2533423028946829,12,0.7058823529411765
SPXW,"d80,d80_front",0.0,1,score_desc,d80_zero,21,4,30,False,False,False,False,False,-15.061283536432164,16.542024123340035,-15.061283536432164,91,0.4725274725274725,1.308066733685568,3.308641908145392,0.036358702287312,-1.3566371440091163,0.1978021978021978,89,0.47191011235955055,-1.3566371440091163,0.9067164363161935,0,0.6666666666666666,129,0.4573643410852713,1.253610668360977,4.732981791788669,0.03668978133169511,-2.0801442549102322,0.10852713178294573,123,0.4634146341463415,-2.0801442549102322,0.5282082437623767,16,0.8333333333333334,351,0.47293447293447294,1.309520939342302,13.411444803449399,0.03820924445427179,-4.690129486323498,0.4358974358974359,331,0.4743202416918429,-4.690129486323498,0.2533423028946829,12,0.7058823529411765
SPXW,"d80,d80_front",0.0,1,score_desc,d80_zero,21,2,30,False,False,False,False,False,-15.061283536432164,18.05825284180726,-15.061283536432164,91,0.4725274725274725,1.308066733685568,3.308641908145392,0.036358702287312,-1.3566371440091163,0.1978021978021978,89,0.47191011235955055,-1.3566371440091163,0.9067164363161935,0,0.6666666666666666,129,0.46511627906976744,1.3013214015164618,5.532981791788669,0.042891331719292006,-2.0801442549102322,0.10852713178294573,123,0.4634146341463415,-2.0801442549102322,0.5422031217330607,16,0.8333333333333334,351,0.4700854700854701,1.2997324442175338,13.077232126307734,0.03725707158492232,-4.690129486323498,0.43304843304843305,331,0.47129909365558914,-4.690129486323498,0.2572007288715757,12,0.7058823529411765
SPXW,"d50ret,d65ret,d80",0.0,1,score_desc,d80_front,21,2,0,False,False,False,False,False,-15.06556043261061,16.17733881891035,-15.06556043261061,110,0.44545454545454544,1.3254951321902324,5.303907700852821,0.04821734273502564,-2.3999999999999986,0.22727272727272727,102,0.46078431372549017,-2.3999999999999986,0.5657547393968744,0,0.6666666666666666,137,0.4306569343065693,1.1119837389207907,2.4772265263331494,0.018081945447687223,-3.473802147563629,0.21897810218978103,128,0.4140625,-3.473802147563629,1.0910813069725565,21,0.3333333333333333,380,0.40789473684210525,1.0573724351021505,3.3264921783214305,0.008753926785056395,-5.695176840986404,0.35526315789473684,344,0.39825581395348836,-5.695176840986404,1.007247939126511,20,0.5882352941176471
SPXW,"d50ret,d65ret,d80",0.0,1,score_desc,d80_front,21,3,0,False,False,False,False,False,-15.06556043261061,16.17733881891035,-15.06556043261061,110,0.44545454545454544,1.3254951321902324,5.303907700852821,0.04821734273502564,-2.3999999999999986,0.22727272727272727,102,0.46078431372549017,-2.3999999999999986,0.5657547393968744,0,0.6666666666666666,137,0.4306569343065693,1.1119837389207907,2.4772265263331494,0.018081945447687223,-3.473802147563629,0.21897810218978103,128,0.4140625,-3.473802147563629,1.0910813069725565,21,0.3333333333333333,380,0.40789473684210525,1.0512535562335272,2.9890125196962725,0.00786582242025335,-5.738089388528698,0.35526315789473684,344,0.3953488372093023,-5.738089388528698,1.1209730200377983,20,0.5882352941176471
SPXW,"d50ret,d65ret,d80",0.0,1,score_desc,d80_front,21,4,0,False,False,False,False,False,-15.06556043261061,16.17733881891035,-15.06556043261061,110,0.44545454545454544,1.3254951321902324,5.303907700852821,0.04821734273502564,-2.3999999999999986,0.22727272727272727,102,0.46078431372549017,-2.3999999999999986,0.5657547393968744,0,0.6666666666666666,137,0.4306569343065693,1.1119837389207907,2.4772265263331494,0.018081945447687223,-3.473802147563629,0.21897810218978103,128,0.4140625,-3.473802147563629,1.0910813069725565,21,0.3333333333333333,380,0.40789473684210525,1.0512535562335272,2.9890125196962725,0.00786582242025335,-5.738089388528698,0.35526315789473684,344,0.3953488372093023,-5.738089388528698,1.1209730200377983,20,0.5882352941176471
SPXW,"d50ret,d65ret,d80",-999999.0,1,score_desc,d80_front,21,2,0,False,False,False,False,False,-15.06556043261061,16.17733881891035,-15.06556043261061,110,0.44545454545454544,1.3254951321902324,5.303907700852821,0.04821734273502564,-2.3999999999999986,0.22727272727272727,102,0.46078431372549017,-2.3999999999999986,0.5657547393968744,0,0.6666666666666666,137,0.4306569343065693,1.1119837389207907,2.4772265263331494,0.018081945447687223,-3.473802147563629,0.21897810218978103,128,0.4140625,-3.473802147563629,1.0910813069725565,21,0.3333333333333333,382,0.4083769633507853,1.0443752734992378,2.5806361078610056,0.006755591905395303,-5.462220446447185,0.3612565445026178,349,0.4068767908309456,-5.462220446447184,1.0680838355132618,21,0.5294117647058824
SPXW,"d50ret,d65ret,d80",-999999.0,1,score_desc,d80_front,21,3,0,False,False,False,False,False,-15.06556043261061,16.17733881891035,-15.06556043261061,110,0.44545454545454544,1.3254951321902324,5.303907700852821,0.04821734273502564,-2.3999999999999986,0.22727272727272727,102,0.46078431372549017,-2.3999999999999986,0.5657547393968744,0,0.6666666666666666,137,0.4306569343065693,1.1119837389207907,2.4772265263331494,0.018081945447687223,-3.473802147563629,0.21897810218978103,128,0.4140625,-3.473802147563629,1.0910813069725565,21,0.3333333333333333,382,0.4083769633507853,1.0383496016757774,2.2431564492358476,0.005872137301664523,-5.505132993989479,0.3612565445026178,349,0.4040114613180516,-5.50513299398948,1.2287755109935246,21,0.5294117647058824
SPXW,"d50ret,d65ret,d80",-999999.0,1,score_desc,d80_front,21,4,0,False,False,False,False,False,-15.06556043261061,16.17733881891035,-15.06556043261061,110,0.44545454545454544,1.3254951321902324,5.303907700852821,0.04821734273502564,-2.3999999999999986,0.22727272727272727,102,0.46078431372549017,-2.3999999999999986,0.5657547393968744,0,0.6666666666666666,137,0.4306569343065693,1.1119837389207907,2.4772265263331494,0.018081945447687223,-3.473802147563629,0.21897810218978103,128,0.4140625,-3.473802147563629,1.0910813069725565,21,0.3333333333333333,382,0.4083769633507853,1.0383496016757774,2.2431564492358476,0.005872137301664523,-5.505132993989479,0.3612565445026178,349,0.4040114613180516,-5.50513299398948,1.2287755109935246,21,0.5294117647058824
SPXW,"d50ret,d65ret,d80",-999999.0,1,score_desc,d80_front,21,2,30,False,False,False,False,False,-15.06556043261061,16.17733881891035,-15.06556043261061,110,0.44545454545454544,1.3254951321902324,5.303907700852821,0.04821734273502564,-2.3999999999999986,0.22727272727272727,102,0.46078431372549017,-2.3999999999999986,0.5657547393968744,0,0.6666666666666666,137,0.4306569343065693,1.1119837389207907,2.4772265263331494,0.018081945447687223,-3.473802147563629,0.21897810218978103,128,0.4140625,-3.473802147563629,1.0910813069725565,21,0.3333333333333333,381,0.4068241469816273,1.0331422635337788,1.9035997318491038,0.004996324755509459,-5.918859904040671,0.36220472440944884,349,0.4068767908309456,-5.918859904040671,1.4265150504422297,21,0.5882352941176471
SPXW,"d50ret,d65ret,d80",0.0,1,score_desc,d80_front,21,2,15,False,False,False,False,False,-15.06556043261061,16.17733881891035,-15.06556043261061,110,0.44545454545454544,1.3254951321902324,5.303907700852821,0.04821734273502564,-2.3999999999999986,0.22727272727272727,102,0.46078431372549017,-2.3999999999999986,0.5657547393968744,0,0.6666666666666666,137,0.4306569343065693,1.1119837389207907,2.4772265263331494,0.018081945447687223,-3.473802147563629,0.21897810218978103,128,0.4140625,-3.473802147563629,1.0910813069725565,21,0.3333333333333333,380,0.4026315789473684,1.0321837937290819,1.861914018365512,0.004899773732540821,-5.800866801164328,0.35526315789473684,344,0.39825581395348836,-5.700538921396491,1.756497214632083,20,0.5882352941176471
SPXW,"d50ret,d65ret,d80",0.0,1,score_desc,d80_front,21,2,30,False,False,False,False,False,-15.06556043261061,16.17733881891035,-15.06556043261061,110,0.44545454545454544,1.3254951321902324,5.303907700852821,0.04821734273502564,-2.3999999999999986,0.22727272727272727,102,0.46078431372549017,-2.3999999999999986,0.5657547393968744,0,0.6666666666666666,137,0.4306569343065693,1.1119837389207907,2.4772265263331494,0.018081945447687223,-3.473802147563629,0.21897810218978103,128,0.4140625,-3.473802147563629,1.0910813069725565,21,0.3333333333333333,379,0.40369393139841686,1.029039285784832,1.666956159984721,0.004398301213680003,-6.15181629857989,0.3562005277044855,345,0.4,-6.15181629857989,1.6638937069578454,20,0.6470588235294118
SPXW,"d50ret,d65ret,d80",-999999.0,1,score_desc,d80_front,21,3,30,False,False,False,False,False,-15.06556043261061,16.17733881891035,-15.06556043261061,110,0.44545454545454544,1.3254951321902324,5.303907700852821,0.04821734273502564,-2.3999999999999986,0.22727272727272727,102,0.46078431372549017,-2.3999999999999986,0.5657547393968744,0,0.6666666666666666,137,0.4306569343065693,1.1119837389207907,2.4772265263331494,0.018081945447687223,-3.473802147563629,0.21897810218978103,128,0.4140625,-3.473802147563629,1.0910813069725565,21,0.3333333333333333,381,0.4068241469816273,1.0271073649544162,1.5661200732239458,0.004110551373291196,-5.961772451582966,0.36220472440944884,349,0.4040114613180516,-5.961772451582966,1.7339115396883347,21,0.5882352941176471
SPXW,"d50ret,d65ret,d80",-999999.0,1,score_desc,d80_front,21,4,30,False,False,False,False,False,-15.06556043261061,16.17733881891035,-15.06556043261061,110,0.44545454545454544,1.3254951321902324,5.303907700852821,0.04821734273502564,-2.3999999999999986,0.22727272727272727,102,0.46078431372549017,-2.3999999999999986,0.5657547393968744,0,0.6666666666666666,137,0.4306569343065693,1.1119837389207907,2.4772265263331494,0.018081945447687223,-3.473802147563629,0.21897810218978103,128,0.4140625,-3.473802147563629,1.0910813069725565,21,0.3333333333333333,381,0.4068241469816273,1.0271073649544162,1.5661200732239458,0.004110551373291196,-5.961772451582966,0.36220472440944884,349,0.4040114613180516,-5.961772451582966,1.7339115396883347,21,0.5882352941176471
SPXW,"d50ret,d65ret,d80",0.0,1,score_desc,d80_front,21,3,15,False,False,False,False,False,-15.06556043261061,16.17733881891035,-15.06556043261061,110,0.44545454545454544,1.3254951321902324,5.303907700852821,0.04821734273502564,-2.3999999999999986,0.22727272727272727,102,0.46078431372549017,-2.3999999999999986,0.5657547393968744,0,0.6666666666666666,137,0.4306569343065693,1.1119837389207907,2.4772265263331494,0.018081945447687223,-3.473802147563629,0.21897810218978103,128,0.4140625,-3.473802147563629,1.0910813069725565,21,0.3333333333333333,380,0.4026315789473684,1.026197525417265,1.524434359740354,0.004011669367737774,-5.843779348706622,0.35526315789473684,344,0.3953488372093023,-5.743451468938784,2.145351005930149,20,0.5882352941176471
SPXW,"d50ret,d65ret,d80",0.0,1,score_desc,d80_front,21,4,15,False,False,False,False,False,-15.06556043261061,16.17733881891035,-15.06556043261061,110,0.44545454545454544,1.3254951321902324,5.303907700852821,0.04821734273502564,-2.3999999999999986,0.22727272727272727,102,0.46078431372549017,-2.3999999999999986,0.5657547393968744,0,0.6666666666666666,137,0.4306569343065693,1.1119837389207907,2.4772265263331494,0.018081945447687223,-3.473802147563629,0.21897810218978103,128,0.4140625,-3.473802147563629,1.0910813069725565,21,0.3333333333333333,380,0.4026315789473684,1.026197525417265,1.524434359740354,0.004011669367737774,-5.843779348706622,0.35526315789473684,344,0.3953488372093023,-5.743451468938784,2.145351005930149,20,0.5882352941176471
SPXW,"d50ret,d65ret,d80",-999999.0,1,score_desc,d80_front,21,2,15,False,False,False,False,False,-15.06556043261061,16.17733881891035,-15.06556043261061,110,0.44545454545454544,1.3254951321902324,5.303907700852821,0.04821734273502564,-2.3999999999999986,0.22727272727272727,102,0.46078431372549017,-2.3999999999999986,0.5657547393968744,0,0.6666666666666666,137,0.4306569343065693,1.1119837389207907,2.4772265263331494,0.018081945447687223,-3.473802147563629,0.21897810218978103,128,0.4140625,-3.473802147563629,1.0910813069725565,21,0.3333333333333333,382,0.4031413612565445,1.02497625049369,1.4532750557389216,0.003804384962667334,-5.56791040662511,0.3612565445026178,349,0.4040114613180516,-5.467582526857273,1.8663518509864674,21,0.5294117647058824
SPXW,"d50ret,d65ret,d80",0.0,1,score_desc,d80_front,21,3,30,False,False,False,False,False,-15.06556043261061,16.17733881891035,-15.06556043261061,110,0.44545454545454544,1.3254951321902324,5.303907700852821,0.04821734273502564,-2.3999999999999986,0.22727272727272727,102,0.46078431372549017,-2.3999999999999986,0.5657547393968744,0,0.6666666666666666,137,0.4306569343065693,1.1119837389207907,2.4772265263331494,0.018081945447687223,-3.473802147563629,0.21897810218978103,128,0.4140625,-3.473802147563629,1.0910813069725565,21,0.3333333333333333,379,0.40369393139841686,1.0230248411274918,1.3294765013595629,0.0035078535655925142,-6.194728846122183,0.3562005277044855,345,0.39710144927536234,-6.1947288461221826,2.086263173163863,20,0.6470588235294118
SPXW,"d50ret,d65ret,d80",0.0,1,score_desc,d80_front,21,4,30,False,False,False,False,False,-15.06556043261061,16.17733881891035,-15.06556043261061,110,0.44545454545454544,1.3254951321902324,5.303907700852821,0.04821734273502564,-2.3999999999999986,0.22727272727272727,102,0.46078431372549017,-2.3999999999999986,0.5657547393968744,0,0.6666666666666666,137,0.4306569343065693,1.1119837389207907,2.4772265263331494,0.018081945447687223,-3.473802147563629,0.21897810218978103,128,0.4140625,-3.473802147563629,1.0910813069725565,21,0.3333333333333333,379,0.40369393139841686,1.0230248411274918,1.3294765013595629,0.0035078535655925142,-6.194728846122183,0.3562005277044855,345,0.39710144927536234,-6.1947288461221826,2.086263173163863,20,0.6470588235294118
SPXW,"d50ret,d65ret,d80",-999999.0,1,score_desc,d80_front,21,3,15,False,False,False,False,False,-15.06556043261061,16.17733881891035,-15.06556043261061,110,0.44545454545454544,1.3254951321902324,5.303907700852821,0.04821734273502564,-2.3999999999999986,0.22727272727272727,102,0.46078431372549017,-2.3999999999999986,0.5657547393968744,0,0.6666666666666666,137,0.4306569343065693,1.1119837389207907,2.4772265263331494,0.018081945447687223,-3.473802147563629,0.21897810218978103,128,0.4140625,-3.473802147563629,1.0910813069725565,21,0.3333333333333333,382,0.4031413612565445,1.0190656827398341,1.1157953971137635,0.0029209303589365536,-5.610822954167405,0.3612565445026178,349,0.40114613180515757,-5.510495074399568,2.4308422469628246,21,0.5294117647058824
SPXW,"d50ret,d65ret,d80",-999999.0,1,score_desc,d80_front,21,4,15,False,False,False,False,False,-15.06556043261061,16.17733881891035,-15.06556043261061,110,0.44545454545454544,1.3254951321902324,5.303907700852821,0.04821734273502564,-2.3999999999999986,0.22727272727272727,102,0.46078431372549017,-2.3999999999999986,0.5657547393968744,0,0.6666666666666666,137,0.4306569343065693,1.1119837389207907,2.4772265263331494,0.018081945447687223,-3.473802147563629,0.21897810218978103,128,0.4140625,-3.473802147563629,1.0910813069725565,21,0.3333333333333333,382,0.4031413612565445,1.0190656827398341,1.1157953971137635,0.0029209303589365536,-5.610822954167405,0.3612565445026178,349,0.40114613180515757,-5.510495074399568,2.4308422469628246,21,0.5294117647058824
SPXW,"d65ret,d80,d80_zero",-999999.0,1,score_desc,d65win,22,3,15,False,False,False,False,False,-15.06690659616746,19.712836056612982,-15.06690659616746,115,0.4608695652173913,1.2962169147136275,5.012340570159255,0.04358557017529787,-2.995863036663962,0.2,102,0.47058823529411764,-2.995863036663962,0.5993390893563623,0,0.6666666666666666,139,0.45323741007194246,1.1980436592678876,4.235770765289898,0.030473170973308615,-2.3787445281393063,0.17985611510791366,128,0.4453125,-2.3787445281393063,0.7335522986583503,22,0.5,390,0.4205128205128205,1.035773608813123,2.108410674840867,0.005406181217540685,-5.4338171507977355,0.3769230769230769,350,0.4142857142857143,-5.433817150797736,1.8766834767932952,21,0.4117647058823529
SPXW,"d65ret,d80,d80_zero",-999999.0,1,score_desc,d65win,22,4,15,False,False,False,False,False,-15.06690659616746,19.712836056612982,-15.06690659616746,115,0.4608695652173913,1.2962169147136275,5.012340570159255,0.04358557017529787,-2.995863036663962,0.2,102,0.47058823529411764,-2.995863036663962,0.5993390893563623,0,0.6666666666666666,139,0.45323741007194246,1.1980436592678876,4.235770765289898,0.030473170973308615,-2.3787445281393063,0.17985611510791366,128,0.4453125,-2.3787445281393063,0.7335522986583503,22,0.5,390,0.4205128205128205,1.035773608813123,2.108410674840867,0.005406181217540685,-5.4338171507977355,0.3769230769230769,350,0.4142857142857143,-5.433817150797736,1.8766834767932952,21,0.4117647058823529
SPXW,"d65ret,d80,d80_zero",0.0,1,score_desc,d65win,22,3,15,False,False,False,False,False,-15.06690659616746,19.712836056612982,-15.06690659616746,115,0.4608695652173913,1.2962169147136275,5.012340570159255,0.04358557017529787,-2.995863036663962,0.2,102,0.47058823529411764,-2.995863036663962,0.5993390893563623,0,0.6666666666666666,139,0.45323741007194246,1.1980436592678876,4.235770765289898,0.030473170973308615,-2.3787445281393063,0.17985611510791366,128,0.4453125,-2.3787445281393063,0.7335522986583503,22,0.5,389,0.4138817480719794,1.0259732793809975,1.5302953743400542,0.003933921270797055,-4.979805458557384,0.37275064267352187,345,0.4115942028985507,-4.979805458557385,2.585657345710039,20,0.4117647058823529
SPXW,"d65ret,d80,d80_zero",0.0,1,score_desc,d65win,22,4,15,False,False,False,False,False,-15.06690659616746,19.712836056612982,-15.06690659616746,115,0.4608695652173913,1.2962169147136275,5.012340570159255,0.04358557017529787,-2.995863036663962,0.2,102,0.47058823529411764,-2.995863036663962,0.5993390893563623,0,0.6666666666666666,139,0.45323741007194246,1.1980436592678876,4.235770765289898,0.030473170973308615,-2.3787445281393063,0.17985611510791366,128,0.4453125,-2.3787445281393063,0.7335522986583503,22,0.5,389,0.4138817480719794,1.0259732793809975,1.5302953743400542,0.003933921270797055,-4.979805458557384,0.37275064267352187,345,0.4115942028985507,-4.979805458557385,2.585657345710039,20,0.4117647058823529
SPXW,"d50ret,d80,d80_front",0.0,1,score_desc,d65ret,22,2,0,False,False,False,False,False,-15.075247040233052,24.037483140962202,-15.075247040233052,112,0.4732142857142857,1.3170683374020105,4.506507493230506,0.04023667404670095,-1.6,0.16964285714285715,100,0.51,-1.6,0.6657039857376204,0,0.6666666666666666,133,0.47368421052631576,1.3907569152910535,7.785209268607484,0.05853540803464274,-2.1777454259441873,0.15789473684210525,125,0.496,-2.1777454259441873,0.3211217468592424,20,0.6666666666666666,389,0.4473007712082262,1.1816557168594068,9.948684781386117,0.02557502514495146,-3.7115126942032015,0.3341902313624679,344,0.45058139534883723,-3.7115126942032015,0.48978438598547425,19,0.7647058823529411
SPXW,"d50ret,d80,d80_front",0.0,1,score_desc,d50ret,22,2,15,False,False,False,False,False,-15.079187987124676,23.657162145920765,-15.079187987124676,92,0.4782608695652174,1.2985384469871692,3.344786593725779,0.03635637601875846,-1.4,0.1956521739130435,89,0.4943820224719101,-1.4,0.7474318405513681,0,0.6666666666666666,138,0.4782608695652174,1.39707984675067,8.033051642185695,0.058210519146273156,-2.9777454259441907,0.13043478260869565,125,0.48,-2.977745425944189,0.4614632100562405,21,0.5,385,0.4623376623376623,1.250510769825702,12.73568517017078,0.03307970174070333,-2.8044215513509503,0.34025974025974026,344,0.46511627906976744,-2.8044215513509467,0.277970084345382,19,0.8235294117647058
SPXW,"d50ret,d80,d80_front",0.0,1,score_desc,d50ret,22,2,0,False,False,False,False,False,-15.079187987124676,23.657162145920765,-15.079187987124676,92,0.4782608695652174,1.2985384469871692,3.344786593725779,0.03635637601875846,-1.4,0.1956521739130435,89,0.4943820224719101,-1.4,0.7474318405513681,0,0.6666666666666666,138,0.4782608695652174,1.39707984675067,8.033051642185695,0.058210519146273156,-2.9777454259441907,0.13043478260869565,125,0.48,-2.977745425944189,0.4614632100562405,21,0.5,386,0.46113989637305697,1.2422510153371682,12.453262318628981,0.03226233761302845,-2.9459161195742087,0.33419689119170987,344,0.47093023255813954,-2.9459161195742087,0.28427406332338045,19,0.8235294117647058
SPXW,"d50ret,d80,d80_front",0.0,1,score_desc,d50ret,22,3,15,False,False,False,False,False,-15.079187987124676,24.13365473498982,-15.079187987124676,92,0.4782608695652174,1.2985384469871692,3.344786593725779,0.03635637601875846,-1.4,0.1956521739130435,89,0.48314606741573035,-1.4,0.7474318405513681,0,0.6666666666666666,138,0.4855072463768116,1.427939235496229,8.528965124665138,0.061804095106269115,-2.9777454259441924,0.13043478260869565,125,0.48,-2.977745425944189,0.45760197430555705,21,0.5,385,0.4623376623376623,1.240782329166552,12.310504178113977,0.031975335527568774,-2.8044215513509503,0.33766233766233766,344,0.4622093023255814,-2.8044215513509467,0.2875706331542765,19,0.8235294117647058
SPXW,"d50ret,d80,d80_front",0.0,1,score_desc,d50ret,22,4,15,False,False,False,False,False,-15.079187987124676,24.13365473498982,-15.079187987124676,92,0.4782608695652174,1.2985384469871692,3.344786593725779,0.03635637601875846,-1.4,0.1956521739130435,89,0.48314606741573035,-1.4,0.7474318405513681,0,0.6666666666666666,138,0.4855072463768116,1.427939235496229,8.528965124665138,0.061804095106269115,-2.9777454259441924,0.13043478260869565,125,0.48,-2.977745425944189,0.45760197430555705,21,0.5,385,0.4623376623376623,1.240782329166552,12.310504178113977,0.031975335527568774,-2.8044215513509503,0.33766233766233766,344,0.4622093023255814,-2.8044215513509467,0.2875706331542765,19,0.8235294117647058
SPXW,"d50ret,d80,d80_front",0.0,1,score_desc,d50ret,22,3,0,False,False,False,False,False,-15.079187987124676,24.13365473498982,-15.079187987124676,92,0.4782608695652174,1.2985384469871692,3.344786593725779,0.03635637601875846,-1.4,0.1956521739130435,89,0.48314606741573035,-1.4,0.7474318405513681,0,0.6666666666666666,138,0.4855072463768116,1.427939235496229,8.528965124665138,0.061804095106269115,-2.9777454259441924,0.13043478260869565,125,0.48,-2.977745425944189,0.45760197430555705,21,0.5,386,0.46113989637305697,1.2326754395053823,12.028081326572178,0.031160832452259528,-2.9459161195742087,0.3316062176165803,344,0.4680232558139535,-2.9459161195742087,0.29432287534735924,19,0.8235294117647058
SPXW,"d50ret,d80,d80_front",0.0,1,score_desc,d50ret,22,4,0,False,False,False,False,False,-15.079187987124676,24.13365473498982,-15.079187987124676,92,0.4782608695652174,1.2985384469871692,3.344786593725779,0.03635637601875846,-1.4,0.1956521739130435,89,0.48314606741573035,-1.4,0.7474318405513681,0,0.6666666666666666,138,0.4855072463768116,1.427939235496229,8.528965124665138,0.061804095106269115,-2.9777454259441924,0.13043478260869565,125,0.48,-2.977745425944189,0.45760197430555705,21,0.5,386,0.46113989637305697,1.2326754395053823,12.028081326572178,0.031160832452259528,-2.9459161195742087,0.3316062176165803,344,0.4680232558139535,-2.9459161195742087,0.29432287534735924,19,0.8235294117647058
SPXW,"d50ret,d80,d80_front",0.0,1,score_desc,d65ret,22,3,0,False,False,False,False,False,-15.111582782510187,24.037483140962202,-15.111582782510187,112,0.4732142857142857,1.313493448446635,4.467824340059854,0.039891288750534416,-1.6,0.16964285714285715,100,0.51,-1.6,0.6714677596209635,0,0.6666666666666666,133,0.47368421052631576,1.3907569152910535,7.785209268607484,0.05853540803464274,-2.1777454259441873,0.15789473684210525,125,0.496,-2.1777454259441873,0.3211217468592424,20,0.6666666666666666,389,0.4473007712082262,1.1813309331345496,9.93089744743048,0.025529299350721027,-3.7115126942032015,0.3341902313624679,344,0.45058139534883723,-3.7115126942032015,0.49066164390560657,19,0.7647058823529411
SPXW,"d50ret,d80,d80_front",0.0,1,score_desc,d65ret,22,4,0,False,False,False,False,False,-15.111582782510187,24.037483140962202,-15.111582782510187,112,0.4732142857142857,1.313493448446635,4.467824340059854,0.039891288750534416,-1.6,0.16964285714285715,100,0.51,-1.6,0.6714677596209635,0,0.6666666666666666,133,0.47368421052631576,1.3907569152910535,7.785209268607484,0.05853540803464274,-2.1777454259441873,0.15789473684210525,125,0.496,-2.1777454259441873,0.3211217468592424,20,0.6666666666666666,389,0.4473007712082262,1.1813309331345496,9.93089744743048,0.025529299350721027,-3.7115126942032015,0.3341902313624679,344,0.45058139534883723,-3.7115126942032015,0.49066164390560657,19,0.7647058823529411
SPXW,"d50ret,d80,d80_front",0.0,1,score_desc,d50ret,22,1,0,False,True,False,False,False,-15.126318067087293,6.208489048543598,-15.126318067087293,89,0.48314606741573035,1.2942285520907342,2.9688851586857217,0.03335826020995193,-1.8,0.21348314606741572,89,0.48314606741573035,-1.8,0.842066926262217,0,0.6666666666666666,127,0.5039370078740157,1.4339694937082006,7.4358050927955315,0.058549646399964815,-1.9353773138242145,0.2125984251968504,127,0.5039370078740157,-1.9353773138242145,0.33621107180743914,19,1.0,348,0.4425287356321839,1.2004146411989451,8.964185949785666,0.025759155028119728,-3.2787760316824484,0.4166666666666667,348,0.4425287356321839,-3.2787760316824484,0.2788875659211169,19,0.6470588235294118
SPXW,"d50ret,d80,d80_front",0.0,1,score_desc,d50ret,22,1,15,False,True,False,False,False,-15.126318067087293,6.208489048543598,-15.126318067087293,89,0.48314606741573035,1.2942285520907342,2.9688851586857217,0.03335826020995193,-1.8,0.21348314606741572,89,0.48314606741573035,-1.8,0.842066926262217,0,0.6666666666666666,127,0.5039370078740157,1.4339694937082006,7.4358050927955315,0.058549646399964815,-1.9353773138242145,0.2125984251968504,127,0.5039370078740157,-1.9353773138242145,0.33621107180743914,19,1.0,348,0.4425287356321839,1.2004146411989451,8.964185949785666,0.025759155028119728,-3.2787760316824484,0.4166666666666667,348,0.4425287356321839,-3.2787760316824484,0.2788875659211169,19,0.6470588235294118
SPXW,"d50ret,d80,d80_front",0.0,1,score_desc,d50ret,22,1,30,False,True,False,False,False,-15.126318067087293,6.208489048543598,-15.126318067087293,89,0.48314606741573035,1.2942285520907342,2.9688851586857217,0.03335826020995193,-1.8,0.21348314606741572,89,0.48314606741573035,-1.8,0.842066926262217,0,0.6666666666666666,127,0.5039370078740157,1.4339694937082006,7.4358050927955315,0.058549646399964815,-1.9353773138242145,0.2125984251968504,127,0.5039370078740157,-1.9353773138242145,0.33621107180743914,19,1.0,348,0.4425287356321839,1.2004146411989451,8.964185949785666,0.025759155028119728,-3.2787760316824484,0.4166666666666667,348,0.4425287356321839,-3.2787760316824484,0.2788875659211169,19,0.6470588235294118
SPXW,"d50ret,d80,d80_front",0.0,1,score_desc,d50ret,21,1,0,False,False,False,False,False,-15.126318067087293,25.849407853325577,-15.126318067087293,89,0.48314606741573035,1.2942285520907342,2.9688851586857217,0.03335826020995193,-1.8,0.21348314606741572,89,0.48314606741573035,-1.8,0.842066926262217,0,0.6666666666666666,127,0.5039370078740157,1.4463170306286854,7.673885600535578,0.060424296067209275,-1.9353773138242147,0.18110236220472442,127,0.5039370078740157,-1.9353773138242147,0.32578020186090856,19,1.0,348,0.4367816091954023,1.1646178723644591,7.50194546082547,0.021557314542601926,-3.2787760316824484,0.4109195402298851,348,0.4367816091954023,-3.2787760316824484,0.3332468908304906,19,0.6470588235294118
SPXW,"d50ret,d80,d80_front",0.0,1,score_desc,d50ret,21,1,15,False,False,False,False,False,-15.126318067087293,25.849407853325577,-15.126318067087293,89,0.48314606741573035,1.2942285520907342,2.9688851586857217,0.03335826020995193,-1.8,0.21348314606741572,89,0.48314606741573035,-1.8,0.842066926262217,0,0.6666666666666666,127,0.5039370078740157,1.4463170306286854,7.673885600535578,0.060424296067209275,-1.9353773138242147,0.18110236220472442,127,0.5039370078740157,-1.9353773138242147,0.32578020186090856,19,1.0,348,0.4367816091954023,1.1646178723644591,7.50194546082547,0.021557314542601926,-3.2787760316824484,0.4109195402298851,348,0.4367816091954023,-3.2787760316824484,0.3332468908304906,19,0.6470588235294118
SPXW,"d50ret,d80,d80_front",0.0,1,score_desc,d50ret,21,1,30,False,False,False,False,False,-15.126318067087293,25.849407853325577,-15.126318067087293,89,0.48314606741573035,1.2942285520907342,2.9688851586857217,0.03335826020995193,-1.8,0.21348314606741572,89,0.48314606741573035,-1.8,0.842066926262217,0,0.6666666666666666,127,0.5039370078740157,1.4463170306286854,7.673885600535578,0.060424296067209275,-1.9353773138242147,0.18110236220472442,127,0.5039370078740157,-1.9353773138242147,0.32578020186090856,19,1.0,348,0.4367816091954023,1.1646178723644591,7.50194546082547,0.021557314542601926,-3.2787760316824484,0.4109195402298851,348,0.4367816091954023,-3.2787760316824484,0.3332468908304906,19,0.6470588235294118
SPXW,"d80,d80_front",0.0,1,score_desc,d50ret,22,1,0,False,True,False,False,False,-15.126318067087293,6.1928335627766735,-15.126318067087293,89,0.48314606741573035,1.2942285520907342,2.9688851586857217,0.03335826020995193,-1.8,0.21348314606741572,89,0.48314606741573035,-1.8,0.842066926262217,0,0.6666666666666666,127,0.5196850393700787,1.437361190975265,7.237474818493649,0.056987990696800384,-1.9353773138242152,0.2047244094488189,127,0.5196850393700787,-1.9353773138242152,0.34542434518899373,19,1.0,348,0.4224137931034483,1.0790271727556031,3.5975168562418003,0.010337692115637356,-3.864104925819449,0.4454022988505747,348,0.4224137931034483,-3.864104925819449,0.694923776566168,19,0.5882352941176471
SPXW,"d80,d80_front",0.0,1,score_desc,d50ret,22,1,15,False,True,False,False,False,-15.126318067087293,6.1928335627766735,-15.126318067087293,89,0.48314606741573035,1.2942285520907342,2.9688851586857217,0.03335826020995193,-1.8,0.21348314606741572,89,0.48314606741573035,-1.8,0.842066926262217,0,0.6666666666666666,127,0.5196850393700787,1.437361190975265,7.237474818493649,0.056987990696800384,-1.9353773138242152,0.2047244094488189,127,0.5196850393700787,-1.9353773138242152,0.34542434518899373,19,1.0,348,0.4224137931034483,1.0790271727556031,3.5975168562418003,0.010337692115637356,-3.864104925819449,0.4454022988505747,348,0.4224137931034483,-3.864104925819449,0.694923776566168,19,0.5882352941176471
SPXW,"d80,d80_front",0.0,1,score_desc,d50ret,22,1,30,False,True,False,False,False,-15.126318067087293,6.1928335627766735,-15.126318067087293,89,0.48314606741573035,1.2942285520907342,2.9688851586857217,0.03335826020995193,-1.8,0.21348314606741572,89,0.48314606741573035,-1.8,0.842066926262217,0,0.6666666666666666,127,0.5196850393700787,1.437361190975265,7.237474818493649,0.056987990696800384,-1.9353773138242152,0.2047244094488189,127,0.5196850393700787,-1.9353773138242152,0.34542434518899373,19,1.0,348,0.4224137931034483,1.0790271727556031,3.5975168562418003,0.010337692115637356,-3.864104925819449,0.4454022988505747,348,0.4224137931034483,-3.864104925819449,0.694923776566168,19,0.5882352941176471
SPXW,"d80,d80_front",0.0,1,score_desc,d50ret,21,1,0,False,False,False,False,False,-15.126318067087293,26.08276821809753,-15.126318067087293,89,0.48314606741573035,1.2942285520907342,2.9688851586857217,0.03335826020995193,-1.8,0.21348314606741572,89,0.48314606741573035,-1.8,0.842066926262217,0,0.6666666666666666,127,0.5196850393700787,1.4553381911340584,7.5349591144166554,0.0593303867276902,-1.935377313824215,0.1732283464566929,127,0.5196850393700787,-1.935377313824215,0.3317868036226957,19,1.0,347,0.41786743515850144,1.052864701769361,2.435276367281604,0.007018087513779838,-4.578961521049315,0.4438040345821326,347,0.41786743515850144,-4.578961521049315,1.0265775308248257,19,0.5882352941176471
SPXW,"d80,d80_front",0.0,1,score_desc,d50ret,21,1,15,False,False,False,False,False,-15.126318067087293,26.08276821809753,-15.126318067087293,89,0.48314606741573035,1.2942285520907342,2.9688851586857217,0.03335826020995193,-1.8,0.21348314606741572,89,0.48314606741573035,-1.8,0.842066926262217,0,0.6666666666666666,127,0.5196850393700787,1.4553381911340584,7.5349591144166554,0.0593303867276902,-1.935377313824215,0.1732283464566929,127,0.5196850393700787,-1.935377313824215,0.3317868036226957,19,1.0,347,0.41786743515850144,1.052864701769361,2.435276367281604,0.007018087513779838,-4.578961521049315,0.4438040345821326,347,0.41786743515850144,-4.578961521049315,1.0265775308248257,19,0.5882352941176471
SPXW,"d80,d80_front",0.0,1,score_desc,d50ret,21,1,30,False,False,False,False,False,-15.126318067087293,26.08276821809753,-15.126318067087293,89,0.48314606741573035,1.2942285520907342,2.9688851586857217,0.03335826020995193,-1.8,0.21348314606741572,89,0.48314606741573035,-1.8,0.842066926262217,0,0.6666666666666666,127,0.5196850393700787,1.4553381911340584,7.5349591144166554,0.0593303867276902,-1.935377313824215,0.1732283464566929,127,0.5196850393700787,-1.935377313824215,0.3317868036226957,19,1.0,347,0.41786743515850144,1.052864701769361,2.435276367281604,0.007018087513779838,-4.578961521049315,0.4438040345821326,347,0.41786743515850144,-4.578961521049315,1.0265775308248257,19,0.5882352941176471
SPXW,"d50ret,d80",-999999.0,1,score_desc,d50ret,22,2,15,False,False,False,False,False,-15.130216250236813,24.23056290776122,-15.130216250236813,64,0.484375,1.317112291233639,3.070677099470382,0.04797932967922472,-1.4,0.203125,61,0.5081967213114754,-1.4,0.8141526832734024,0,0.5,138,0.4782608695652174,1.3862405667544173,7.927829549788823,0.057448040215861036,-2.5774802861251214,0.15942028985507245,127,0.47244094488188976,-2.5774802861251214,0.46758797903889204,21,0.6666666666666666,382,0.43455497382198954,1.149845314805513,8.143500363025069,0.021318063777552538,-3.525241694505966,0.3612565445026178,348,0.4396551724137931,-3.525241694505966,0.37655350839853186,19,0.6470588235294118
SPXW,"d50ret,d80",0.0,1,score_desc,d50ret,22,2,15,False,False,False,False,False,-15.130216250236813,24.129195652881283,-15.130216250236813,64,0.484375,1.317112291233639,3.070677099470382,0.04797932967922472,-1.4,0.203125,61,0.5081967213114754,-1.4,0.8141526832734024,0,0.5,138,0.4855072463768116,1.4088129172906436,8.402157224954586,0.060885197282279604,-2.9820592432616495,0.14492753623188406,122,0.4918032786885246,-2.700000000000001,0.500699723263427,21,0.5,378,0.4312169312169312,1.1492762307791242,8.043203058744053,0.021278314970222364,-3.3409551935602524,0.373015873015873,336,0.44345238095238093,-3.3409551935602524,0.4434133524037514,17,0.6470588235294118
SPXW,"d50ret,d80",-999999.0,1,score_desc,d50ret,22,3,15,False,False,False,False,False,-15.130216250236813,24.702164745631702,-15.130216250236813,64,0.484375,1.317112291233639,3.070677099470382,0.04797932967922472,-1.4,0.203125,61,0.4918032786885246,-1.4,0.8141526832734024,0,0.5,138,0.4855072463768116,1.4164886116001547,8.423743032268268,0.061041616175857016,-2.4833333333333405,0.15942028985507245,127,0.47244094488188976,-2.4833333333333387,0.46331794130940857,21,0.6666666666666666,382,0.43455497382198954,1.1437790502736567,7.855265068907421,0.020563521122794297,-3.525241694505966,0.3586387434554974,348,0.4367816091954023,-3.525241694505966,0.3903704846930542,19,0.6470588235294118
SPXW,"d50ret,d80",-999999.0,1,score_desc,d50ret,22,4,15,False,False,False,False,False,-15.130216250236813,24.702164745631702,-15.130216250236813,64,0.484375,1.317112291233639,3.070677099470382,0.04797932967922472,-1.4,0.203125,61,0.4918032786885246,-1.4,0.8141526832734024,0,0.5,138,0.4855072463768116,1.4164886116001547,8.423743032268268,0.061041616175857016,-2.4833333333333405,0.15942028985507245,127,0.47244094488188976,-2.4833333333333387,0.46331794130940857,21,0.6666666666666666,382,0.43455497382198954,1.1437790502736567,7.855265068907421,0.020563521122794297,-3.525241694505966,0.3586387434554974,348,0.4367816091954023,-3.525241694505966,0.3903704846930542,19,0.6470588235294118
SPXW,"d50ret,d80",0.0,1,score_desc,d50ret,22,3,15,False,False,False,False,False,-15.130216250236813,24.60315042787913,-15.130216250236813,64,0.484375,1.317112291233639,3.070677099470382,0.04797932967922472,-1.4,0.203125,61,0.4918032786885246,-1.4,0.8141526832734024,0,0.5,138,0.4927536231884058,1.439355079277301,8.89807070743403,0.06447877324227558,-2.9820592432616504,0.14492753623188406,122,0.4918032786885246,-2.700000000000001,0.49481190075861753,21,0.5,378,0.4312169312169312,1.1431609532952245,7.754967764626406,0.020515787737106893,-3.3409551935602524,0.37037037037037035,336,0.44047619047619047,-3.3409551935602524,0.4598940628238216,17,0.6470588235294118
SPXW,"d50ret,d80",0.0,1,score_desc,d50ret,22,4,15,False,False,False,False,False,-15.130216250236813,24.60315042787913,-15.130216250236813,64,0.484375,1.317112291233639,3.070677099470382,0.04797932967922472,-1.4,0.203125,61,0.4918032786885246,-1.4,0.8141526832734024,0,0.5,138,0.4927536231884058,1.439355079277301,8.89807070743403,0.06447877324227558,-2.9820592432616504,0.14492753623188406,122,0.4918032786885246,-2.700000000000001,0.49481190075861753,21,0.5,378,0.4312169312169312,1.1431609532952245,7.754967764626406,0.020515787737106893,-3.3409551935602524,0.37037037037037035,336,0.44047619047619047,-3.3409551935602524,0.4598940628238216,17,0.6470588235294118
SPXW,"d50ret,d80",-999999.0,1,score_desc,d50ret,22,2,0,False,False,False,False,False,-15.130216250236813,24.23056290776122,-15.130216250236813,64,0.484375,1.317112291233639,3.070677099470382,0.04797932967922472,-1.4,0.203125,61,0.5081967213114754,-1.4,0.8141526832734024,0,0.5,138,0.4782608695652174,1.3862405667544173,7.927829549788823,0.057448040215861036,-2.5774802861251214,0.15942028985507245,127,0.47244094488188976,-2.5774802861251214,0.46758797903889204,21,0.6666666666666666,382,0.4319371727748691,1.1374693171591148,7.51191661117153,0.019664703170606097,-3.525241694505966,0.35602094240837695,348,0.4367816091954023,-3.525241694505966,0.40550806379787663,19,0.6470588235294118
SPXW,"d50ret,d80",-999999.0,1,score_desc,d50ret,22,3,0,False,False,False,False,False,-15.130216250236813,24.702164745631702,-15.130216250236813,64,0.484375,1.317112291233639,3.070677099470382,0.04797932967922472,-1.4,0.203125,61,0.4918032786885246,-1.4,0.8141526832734024,0,0.5,138,0.4855072463768116,1.4164886116001547,8.423743032268268,0.061041616175857016,-2.4833333333333405,0.15942028985507245,127,0.47244094488188976,-2.4833333333333387,0.46331794130940857,21,0.6666666666666666,382,0.4319371727748691,1.1315009285813797,7.223681317053883,0.01891016051584786,-3.525241694505966,0.35340314136125656,348,0.4339080459770115,-3.525241694505966,0.42168841989414024,19,0.6470588235294118
SPXW,"d50ret,d80",-999999.0,1,score_desc,d50ret,22,4,0,False,False,False,False,False,-15.130216250236813,24.702164745631702,-15.130216250236813,64,0.484375,1.317112291233639,3.070677099470382,0.04797932967922472,-1.4,0.203125,61,0.4918032786885246,-1.4,0.8141526832734024,0,0.5,138,0.4855072463768116,1.4164886116001547,8.423743032268268,0.061041616175857016,-2.4833333333333405,0.15942028985507245,127,0.47244094488188976,-2.4833333333333387,0.46331794130940857,21,0.6666666666666666,382,0.4319371727748691,1.1315009285813797,7.223681317053883,0.01891016051584786,-3.525241694505966,0.35340314136125656,348,0.4339080459770115,-3.525241694505966,0.42168841989414024,19,0.6470588235294118
SPXW,"d50ret,d80",0.0,1,score_desc,d50ret,22,2,0,False,False,False,False,False,-15.130216250236813,24.129195652881283,-15.130216250236813,64,0.484375,1.317112291233639,3.070677099470382,0.04797932967922472,-1.4,0.203125,61,0.5081967213114754,-1.4,0.8141526832734024,0,0.5,138,0.4855072463768116,1.4088129172906436,8.402157224954586,0.060885197282279604,-2.9820592432616495,0.14492753623188406,122,0.4918032786885246,-2.700000000000001,0.500699723263427,21,0.5,379,0.42744063324538256,1.1216549265915154,6.643839126053387,0.017529918538399438,-3.3409551935602524,0.3641160949868074,334,0.4431137724550898,-3.3409551935602533,0.45849134854304663,17,0.6470588235294118
SPXW,"d50ret,d80",0.0,1,score_desc,d50ret,22,3,0,False,False,False,False,False,-15.130216250236813,24.60315042787913,-15.130216250236813,64,0.484375,1.317112291233639,3.070677099470382,0.04797932967922472,-1.4,0.203125,61,0.4918032786885246,-1.4,0.8141526832734024,0,0.5,138,0.4927536231884058,1.439355079277301,8.89807070743403,0.06447877324227558,-2.9820592432616504,0.14492753623188406,122,0.4918032786885246,-2.700000000000001,0.49481190075861753,21,0.5,379,0.42744063324538256,1.1157660710247843,6.35560383193574,0.01676940325049008,-3.3409551935602533,0.36147757255936674,334,0.44011976047904194,-3.3409551935602533,0.4792845559537501,17,0.6470588235294118
SPXW,"d50ret,d80",0.0,1,score_desc,d50ret,22,4,0,False,False,False,False,False,-15.130216250236813,24.60315042787913,-15.130216250236813,64,0.484375,1.317112291233639,3.070677099470382,0.04797932967922472,-1.4,0.203125,61,0.4918032786885246,-1.4,0.8141526832734024,0,0.5,138,0.4927536231884058,1.439355079277301,8.89807070743403,0.06447877324227558,-2.9820592432616504,0.14492753623188406,122,0.4918032786885246,-2.700000000000001,0.49481190075861753,21,0.5,379,0.42744063324538256,1.1157660710247843,6.35560383193574,0.01676940325049008,-3.3409551935602533,0.36147757255936674,334,0.44011976047904194,-3.3409551935602533,0.4792845559537501,17,0.6470588235294118
SPXW,"d50ret,d65ret,d80_front",0.0,1,score_desc,d50ret,22,1,0,False,False,False,False,False,-15.142839037729228,18.577047071417972,-15.142839037729228,82,0.45121951219512196,1.3616460807589787,4.210205483433728,0.051343969310167416,-2.3999999999999986,0.24390243902439024,82,0.45121951219512196,-2.3999999999999986,0.5937952458227926,0,0.5,128,0.4453125,1.147216473779414,2.7575104324327238,0.021543050253380654,-2.382059243261642,0.2421875,128,0.4453125,-2.382059243261642,0.906614883699445,20,0.8333333333333334,344,0.4127906976744186,1.092178858440606,4.161102131839584,0.012096227127440651,-4.498296845530706,0.436046511627907,344,0.4127906976744186,-4.498296845530706,0.6008023645636339,18,0.47058823529411764
SPXW,"d50ret,d65ret,d80_front",0.0,1,score_desc,d50ret,22,1,15,False,False,False,False,False,-15.142839037729228,18.577047071417972,-15.142839037729228,82,0.45121951219512196,1.3616460807589787,4.210205483433728,0.051343969310167416,-2.3999999999999986,0.24390243902439024,82,0.45121951219512196,-2.3999999999999986,0.5937952458227926,0,0.5,128,0.4453125,1.147216473779414,2.7575104324327238,0.021543050253380654,-2.382059243261642,0.2421875,128,0.4453125,-2.382059243261642,0.906614883699445,20,0.8333333333333334,344,0.4127906976744186,1.092178858440606,4.161102131839584,0.012096227127440651,-4.498296845530706,0.436046511627907,344,0.4127906976744186,-4.498296845530706,0.6008023645636339,18,0.47058823529411764
SPXW,"d50ret,d65ret,d80_front",0.0,1,score_desc,d50ret,22,1,30,False,False,False,False,False,-15.142839037729228,18.577047071417972,-15.142839037729228,82,0.45121951219512196,1.3616460807589787,4.210205483433728,0.051343969310167416,-2.3999999999999986,0.24390243902439024,82,0.45121951219512196,-2.3999999999999986,0.5937952458227926,0,0.5,128,0.4453125,1.147216473779414,2.7575104324327238,0.021543050253380654,-2.382059243261642,0.2421875,128,0.4453125,-2.382059243261642,0.906614883699445,20,0.8333333333333334,344,0.4127906976744186,1.092178858440606,4.161102131839584,0.012096227127440651,-4.498296845530706,0.436046511627907,344,0.4127906976744186,-4.498296845530706,0.6008023645636339,18,0.47058823529411764
SPXW,"d50ret,d65ret,d80_front",0.0,1,score_desc,d50ret,21,1,0,False,False,False,False,False,-15.142839037729228,17.012717848573605,-15.142839037729228,82,0.45121951219512196,1.3616460807589787,4.210205483433728,0.051343969310167416,-2.3999999999999986,0.24390243902439024,82,0.45121951219512196,-2.3999999999999986,0.5937952458227926,0,0.5,128,0.4375,1.115010243354066,2.1955909401727713,0.017153054220099776,-2.3820592432616428,0.2109375,128,0.4375,-2.3820592432616428,1.138645616657206,20,0.6666666666666666,344,0.4127906976744186,1.0910162711209221,4.138707721097437,0.012031127096213479,-4.520691256272852,0.436046511627907,344,0.4127906976744186,-4.520691256272852,0.6040532863086765,18,0.47058823529411764
SPXW,"d50ret,d65ret,d80_front",0.0,1,score_desc,d50ret,21,1,15,False,False,False,False,False,-15.142839037729228,17.012717848573605,-15.142839037729228,82,0.45121951219512196,1.3616460807589787,4.210205483433728,0.051343969310167416,-2.3999999999999986,0.24390243902439024,82,0.45121951219512196,-2.3999999999999986,0.5937952458227926,0,0.5,128,0.4375,1.115010243354066,2.1955909401727713,0.017153054220099776,-2.3820592432616428,0.2109375,128,0.4375,-2.3820592432616428,1.138645616657206,20,0.6666666666666666,344,0.4127906976744186,1.0910162711209221,4.138707721097437,0.012031127096213479,-4.520691256272852,0.436046511627907,344,0.4127906976744186,-4.520691256272852,0.6040532863086765,18,0.47058823529411764
SPXW,"d50ret,d65ret,d80_front",0.0,1,score_desc,d50ret,21,1,30,False,False,False,False,False,-15.142839037729228,17.012717848573605,-15.142839037729228,82,0.45121951219512196,1.3616460807589787,4.210205483433728,0.051343969310167416,-2.3999999999999986,0.24390243902439024,82,0.45121951219512196,-2.3999999999999986,0.5937952458227926,0,0.5,128,0.4375,1.115010243354066,2.1955909401727713,0.017153054220099776,-2.3820592432616428,0.2109375,128,0.4375,-2.3820592432616428,1.138645616657206,20,0.6666666666666666,344,0.4127906976744186,1.0910162711209221,4.138707721097437,0.012031127096213479,-4.520691256272852,0.436046511627907,344,0.4127906976744186,-4.520691256272852,0.6040532863086765,18,0.47058823529411764
SPXW,"d50ret,d65ret,d80_front",-999999.0,1,score_desc,d50ret,22,1,0,False,False,False,False,False,-15.142839037729228,18.577047071417972,-15.142839037729228,82,0.45121951219512196,1.3616460807589787,4.210205483433728,0.051343969310167416,-2.3999999999999986,0.24390243902439024,82,0.45121951219512196,-2.3999999999999986,0.5937952458227926,0,0.5,128,0.4453125,1.147216473779414,2.7575104324327238,0.021543050253380654,-2.382059243261642,0.2421875,128,0.4453125,-2.382059243261642,0.906614883699445,20,0.8333333333333334,350,0.4057142857142857,1.0726888244934047,3.3441509307937927,0.009554716945125122,-4.81591232986566,0.43142857142857144,350,0.4057142857142857,-4.81591232986566,0.7475739138982526,19,0.47058823529411764
SPXW,"d50ret,d65ret,d80_front",-999999.0,1,score_desc,d50ret,22,1,15,False,False,False,False,False,-15.142839037729228,18.577047071417972,-15.142839037729228,82,0.45121951219512196,1.3616460807589787,4.210205483433728,0.051343969310167416,-2.3999999999999986,0.24390243902439024,82,0.45121951219512196,-2.3999999999999986,0.5937952458227926,0,0.5,128,0.4453125,1.147216473779414,2.7575104324327238,0.021543050253380654,-2.382059243261642,0.2421875,128,0.4453125,-2.382059243261642,0.906614883699445,20,0.8333333333333334,350,0.4057142857142857,1.0726888244934047,3.3441509307937927,0.009554716945125122,-4.81591232986566,0.43142857142857144,350,0.4057142857142857,-4.81591232986566,0.7475739138982526,19,0.47058823529411764
SPXW,"d50ret,d65ret,d80_front",-999999.0,1,score_desc,d50ret,22,1,30,False,False,False,False,False,-15.142839037729228,18.577047071417972,-15.142839037729228,82,0.45121951219512196,1.3616460807589787,4.210205483433728,0.051343969310167416,-2.3999999999999986,0.24390243902439024,82,0.45121951219512196,-2.3999999999999986,0.5937952458227926,0,0.5,128,0.4453125,1.147216473779414,2.7575104324327238,0.021543050253380654,-2.382059243261642,0.2421875,128,0.4453125,-2.382059243261642,0.906614883699445,20,0.8333333333333334,350,0.4057142857142857,1.0726888244934047,3.3441509307937927,0.009554716945125122,-4.81591232986566,0.43142857142857144,350,0.4057142857142857,-4.81591232986566,0.7475739138982526,19,0.47058823529411764
SPXW,"d50ret,d65ret,d80_front",-999999.0,1,score_desc,d50ret,21,1,0,False,False,False,False,False,-15.142839037729228,17.012717848573605,-15.142839037729228,82,0.45121951219512196,1.3616460807589787,4.210205483433728,0.051343969310167416,-2.3999999999999986,0.24390243902439024,82,0.45121951219512196,-2.3999999999999986,0.5937952458227926,0,0.5,128,0.4375,1.115010243354066,2.1955909401727713,0.017153054220099776,-2.3820592432616428,0.2109375,128,0.4375,-2.3820592432616428,1.138645616657206,20,0.6666666666666666,350,0.4057142857142857,1.071686974581907,3.3217565200516455,0.009490732914433272,-4.838306740607806,0.43142857142857144,350,0.4057142857142857,-4.838306740607806,0.7526138610427506,19,0.47058823529411764
SPXW,"d50ret,d65ret,d80_front",-999999.0,1,score_desc,d50ret,21,1,15,False,False,False,False,False,-15.142839037729228,17.012717848573605,-15.142839037729228,82,0.45121951219512196,1.3616460807589787,4.210205483433728,0.051343969310167416,-2.3999999999999986,0.24390243902439024,82,0.45121951219512196,-2.3999999999999986,0.5937952458227926,0,0.5,128,0.4375,1.115010243354066,2.1955909401727713,0.017153054220099776,-2.3820592432616428,0.2109375,128,0.4375,-2.3820592432616428,1.138645616657206,20,0.6666666666666666,350,0.4057142857142857,1.071686974581907,3.3217565200516455,0.009490732914433272,-4.838306740607806,0.43142857142857144,350,0.4057142857142857,-4.838306740607806,0.7526138610427506,19,0.47058823529411764
SPXW,"d50ret,d65ret,d80_front",-999999.0,1,score_desc,d50ret,21,1,30,False,False,False,False,False,-15.142839037729228,17.012717848573605,-15.142839037729228,82,0.45121951219512196,1.3616460807589787,4.210205483433728,0.051343969310167416,-2.3999999999999986,0.24390243902439024,82,0.45121951219512196,-2.3999999999999986,0.5937952458227926,0,0.5,128,0.4375,1.115010243354066,2.1955909401727713,0.017153054220099776,-2.3820592432616428,0.2109375,128,0.4375,-2.3820592432616428,1.138645616657206,20,0.6666666666666666,350,0.4057142857142857,1.071686974581907,3.3217565200516455,0.009490732914433272,-4.838306740607806,0.43142857142857144,350,0.4057142857142857,-4.838306740607806,0.7526138610427506,19,0.47058823529411764
SPXW,"d65ret,d80_front",0.0,1,score_desc,d50ret,21,1,0,False,False,False,False,False,-15.142839037729228,18.298912316226357,-15.142839037729228,82,0.45121951219512196,1.3616460807589787,4.210205483433728,0.051343969310167416,-2.3999999999999986,0.24390243902439024,82,0.45121951219512196,-2.3999999999999986,0.5937952458227926,0,0.5,128,0.4609375,1.1393510743775483,2.50913024538385,0.019602580042061328,-2.382059243261642,0.1953125,128,0.4609375,-2.382059243261642,0.9963611911336021,20,0.6666666666666666,343,0.40233236151603496,0.9744281927426784,-1.17840164315939,-0.003435573303671691,-4.9167060867476415,0.44314868804664725,343,0.40233236151603496,-4.9167060867476415,-2.12151774780057,18,0.5294117647058824
SPXW,"d65ret,d80_front",0.0,1,score_desc,d50ret,21,1,15,False,False,False,False,False,-15.142839037729228,18.298912316226357,-15.142839037729228,82,0.45121951219512196,1.3616460807589787,4.210205483433728,0.051343969310167416,-2.3999999999999986,0.24390243902439024,82,0.45121951219512196,-2.3999999999999986,0.5937952458227926,0,0.5,128,0.4609375,1.1393510743775483,2.50913024538385,0.019602580042061328,-2.382059243261642,0.1953125,128,0.4609375,-2.382059243261642,0.9963611911336021,20,0.6666666666666666,343,0.40233236151603496,0.9744281927426784,-1.17840164315939,-0.003435573303671691,-4.9167060867476415,0.44314868804664725,343,0.40233236151603496,-4.9167060867476415,-2.12151774780057,18,0.5294117647058824
SPXW,"d65ret,d80_front",0.0,1,score_desc,d50ret,21,1,30,False,False,False,False,False,-15.142839037729228,18.298912316226357,-15.142839037729228,82,0.45121951219512196,1.3616460807589787,4.210205483433728,0.051343969310167416,-2.3999999999999986,0.24390243902439024,82,0.45121951219512196,-2.3999999999999986,0.5937952458227926,0,0.5,128,0.4609375,1.1393510743775483,2.50913024538385,0.019602580042061328,-2.382059243261642,0.1953125,128,0.4609375,-2.382059243261642,0.9963611911336021,20,0.6666666666666666,343,0.40233236151603496,0.9744281927426784,-1.17840164315939,-0.003435573303671691,-4.9167060867476415,0.44314868804664725,343,0.40233236151603496,-4.9167060867476415,-2.12151774780057,18,0.5294117647058824
SPXW,"d65ret,d80_front",-999999.0,1,score_desc,d50ret,21,1,0,False,False,False,False,False,-15.142839037729228,18.298912316226357,-15.142839037729228,82,0.45121951219512196,1.3616460807589787,4.210205483433728,0.051343969310167416,-2.3999999999999986,0.24390243902439024,82,0.45121951219512196,-2.3999999999999986,0.5937952458227926,0,0.5,128,0.4609375,1.1393510743775483,2.50913024538385,0.019602580042061328,-2.382059243261642,0.1953125,128,0.4609375,-2.382059243261642,0.9963611911336021,20,0.6666666666666666,349,0.3954154727793696,0.9560748727769158,-2.0621463589296045,-0.005908728822147864,-5.518618309644085,0.4383954154727794,349,0.3954154727793696,-5.518618309644085,-1.2123290808988318,19,0.5294117647058824
SPXW,"d65ret,d80_front",-999999.0,1,score_desc,d50ret,21,1,15,False,False,False,False,False,-15.142839037729228,18.298912316226357,-15.142839037729228,82,0.45121951219512196,1.3616460807589787,4.210205483433728,0.051343969310167416,-2.3999999999999986,0.24390243902439024,82,0.45121951219512196,-2.3999999999999986,0.5937952458227926,0,0.5,128,0.4609375,1.1393510743775483,2.50913024538385,0.019602580042061328,-2.382059243261642,0.1953125,128,0.4609375,-2.382059243261642,0.9963611911336021,20,0.6666666666666666,349,0.3954154727793696,0.9560748727769158,-2.0621463589296045,-0.005908728822147864,-5.518618309644085,0.4383954154727794,349,0.3954154727793696,-5.518618309644085,-1.2123290808988318,19,0.5294117647058824
SPXW,"d65ret,d80_front",-999999.0,1,score_desc,d50ret,21,1,30,False,False,False,False,False,-15.142839037729228,18.298912316226357,-15.142839037729228,82,0.45121951219512196,1.3616460807589787,4.210205483433728,0.051343969310167416,-2.3999999999999986,0.24390243902439024,82,0.45121951219512196,-2.3999999999999986,0.5937952458227926,0,0.5,128,0.4609375,1.1393510743775483,2.50913024538385,0.019602580042061328,-2.382059243261642,0.1953125,128,0.4609375,-2.382059243261642,0.9963611911336021,20,0.6666666666666666,349,0.3954154727793696,0.9560748727769158,-2.0621463589296045,-0.005908728822147864,-5.518618309644085,0.4383954154727794,349,0.3954154727793696,-5.518618309644085,-1.2123290808988318,19,0.5294117647058824
SPXW,"d65ret,d80_front",0.0,1,score_desc,d50ret,22,1,0,False,False,False,False,False,-15.142839037729228,20.28117968817762,-15.142839037729228,82,0.45121951219512196,1.3616460807589787,4.210205483433728,0.051343969310167416,-2.3999999999999986,0.24390243902439024,82,0.45121951219512196,-2.3999999999999986,0.5937952458227926,0,0.5,128,0.46875,1.1887242210240072,3.3509163744338153,0.026179034175264182,-2.382059243261642,0.234375,128,0.46875,-2.382059243261642,0.746064574775433,20,0.8333333333333334,344,0.39825581395348836,0.9554172383206111,-2.072013974814873,-0.006023296438415328,-5.693929741574443,0.4418604651162791,344,0.39825581395348836,-5.693929741574443,-1.2065555688268783,18,0.47058823529411764
SPXW,"d65ret,d80_front",0.0,1,score_desc,d50ret,22,1,15,False,False,False,False,False,-15.142839037729228,20.28117968817762,-15.142839037729228,82,0.45121951219512196,1.3616460807589787,4.210205483433728,0.051343969310167416,-2.3999999999999986,0.24390243902439024,82,0.45121951219512196,-2.3999999999999986,0.5937952458227926,0,0.5,128,0.46875,1.1887242210240072,3.3509163744338153,0.026179034175264182,-2.382059243261642,0.234375,128,0.46875,-2.382059243261642,0.746064574775433,20,0.8333333333333334,344,0.39825581395348836,0.9554172383206111,-2.072013974814873,-0.006023296438415328,-5.693929741574443,0.4418604651162791,344,0.39825581395348836,-5.693929741574443,-1.2065555688268783,18,0.47058823529411764
SPXW,"d65ret,d80_front",0.0,1,score_desc,d50ret,22,1,30,False,False,False,False,False,-15.142839037729228,20.28117968817762,-15.142839037729228,82,0.45121951219512196,1.3616460807589787,4.210205483433728,0.051343969310167416,-2.3999999999999986,0.24390243902439024,82,0.45121951219512196,-2.3999999999999986,0.5937952458227926,0,0.5,128,0.46875,1.1887242210240072,3.3509163744338153,0.026179034175264182,-2.382059243261642,0.234375,128,0.46875,-2.382059243261642,0.746064574775433,20,0.8333333333333334,344,0.39825581395348836,0.9554172383206111,-2.072013974814873,-0.006023296438415328,-5.693929741574443,0.4418604651162791,344,0.39825581395348836,-5.693929741574443,-1.2065555688268783,18,0.47058823529411764
SPXW,"d65ret,d80_front",-999999.0,1,score_desc,d50ret,22,1,0,False,False,False,False,False,-15.142839037729228,20.28117968817762,-15.142839037729228,82,0.45121951219512196,1.3616460807589787,4.210205483433728,0.051343969310167416,-2.3999999999999986,0.24390243902439024,82,0.45121951219512196,-2.3999999999999986,0.5937952458227926,0,0.5,128,0.46875,1.1887242210240072,3.3509163744338153,0.026179034175264182,-2.382059243261642,0.234375,128,0.46875,-2.382059243261642,0.746064574775433,20,0.8333333333333334,350,0.3914285714285714,0.9375637975408958,-2.9557586905850877,-0.008445024830243108,-6.295841964470884,0.43714285714285717,350,0.3914285714285714,-6.295841964470884,-0.845806529458306,19,0.47058823529411764
SPXW,"d65ret,d80_front",-999999.0,1,score_desc,d50ret,22,1,15,False,False,False,False,False,-15.142839037729228,20.28117968817762,-15.142839037729228,82,0.45121951219512196,1.3616460807589787,4.210205483433728,0.051343969310167416,-2.3999999999999986,0.24390243902439024,82,0.45121951219512196,-2.3999999999999986,0.5937952458227926,0,0.5,128,0.46875,1.1887242210240072,3.3509163744338153,0.026179034175264182,-2.382059243261642,0.234375,128,0.46875,-2.382059243261642,0.746064574775433,20,0.8333333333333334,350,0.3914285714285714,0.9375637975408958,-2.9557586905850877,-0.008445024830243108,-6.295841964470884,0.43714285714285717,350,0.3914285714285714,-6.295841964470884,-0.845806529458306,19,0.47058823529411764
SPXW,"d65ret,d80_front",-999999.0,1,score_desc,d50ret,22,1,30,False,False,False,False,False,-15.142839037729228,20.28117968817762,-15.142839037729228,82,0.45121951219512196,1.3616460807589787,4.210205483433728,0.051343969310167416,-2.3999999999999986,0.24390243902439024,82,0.45121951219512196,-2.3999999999999986,0.5937952458227926,0,0.5,128,0.46875,1.1887242210240072,3.3509163744338153,0.026179034175264182,-2.382059243261642,0.234375,128,0.46875,-2.382059243261642,0.746064574775433,20,0.8333333333333334,350,0.3914285714285714,0.9375637975408958,-2.9557586905850877,-0.008445024830243108,-6.295841964470884,0.43714285714285717,350,0.3914285714285714,-6.295841964470884,-0.845806529458306,19,0.47058823529411764
SPXW,"d80,d80_front",0.0,1,score_desc,d80,22,3,0,False,False,False,False,False,-15.149805162067143,22.72429715460437,-15.149805162067143,97,0.4742268041237113,1.3053808944651153,3.5546387547022817,0.036645760357755484,-2.016069374745981,0.18556701030927836,89,0.5056179775280899,-2.016069374745981,0.7033063477105389,0,0.6666666666666666,137,0.46715328467153283,1.3431479936728143,6.615760673311228,0.04829022389278269,-2.1999999999999984,0.10948905109489052,123,0.4634146341463415,-2.180144254910232,0.6801938918609223,20,0.6666666666666666,375,0.4666666666666667,1.23400357505788,10.72953647457972,0.02861209726554592,-2.9683029518329986,0.4106666666666667,332,0.47289156626506024,-2.968302951832998,0.41849674862157193,11,0.7058823529411765
SPXW,"d80,d80_front",0.0,1,score_desc,d80,22,3,15,False,False,False,False,False,-15.149805162067143,22.72429715460437,-15.149805162067143,97,0.4742268041237113,1.3053808944651153,3.5546387547022817,0.036645760357755484,-2.016069374745981,0.18556701030927836,89,0.5056179775280899,-2.016069374745981,0.7033063477105389,0,0.6666666666666666,137,0.46715328467153283,1.3431479936728143,6.615760673311228,0.04829022389278269,-2.1999999999999984,0.10948905109489052,123,0.4634146341463415,-2.180144254910232,0.6801938918609223,20,0.6666666666666666,375,0.4666666666666667,1.23400357505788,10.72953647457972,0.02861209726554592,-2.9683029518329986,0.4106666666666667,332,0.47289156626506024,-2.968302951832998,0.41849674862157193,11,0.7058823529411765
SPXW,"d80,d80_front",0.0,1,score_desc,d80,22,4,0,False,False,False,False,False,-15.149805162067143,22.72429715460437,-15.149805162067143,97,0.4742268041237113,1.3053808944651153,3.5546387547022817,0.036645760357755484,-2.016069374745981,0.18556701030927836,89,0.5056179775280899,-2.016069374745981,0.7033063477105389,0,0.6666666666666666,137,0.46715328467153283,1.3431479936728143,6.615760673311228,0.04829022389278269,-2.1999999999999984,0.10948905109489052,123,0.4634146341463415,-2.180144254910232,0.6801938918609223,20,0.6666666666666666,375,0.4666666666666667,1.23400357505788,10.72953647457972,0.02861209726554592,-2.9683029518329986,0.4106666666666667,332,0.47289156626506024,-2.968302951832998,0.41849674862157193,11,0.7058823529411765
SPXW,"d80,d80_front",0.0,1,score_desc,d80,22,4,15,False,False,False,False,False,-15.149805162067143,22.72429715460437,-15.149805162067143,97,0.4742268041237113,1.3053808944651153,3.5546387547022817,0.036645760357755484,-2.016069374745981,0.18556701030927836,89,0.5056179775280899,-2.016069374745981,0.7033063477105389,0,0.6666666666666666,137,0.46715328467153283,1.3431479936728143,6.615760673311228,0.04829022389278269,-2.1999999999999984,0.10948905109489052,123,0.4634146341463415,-2.180144254910232,0.6801938918609223,20,0.6666666666666666,375,0.4666666666666667,1.23400357505788,10.72953647457972,0.02861209726554592,-2.9683029518329986,0.4106666666666667,332,0.47289156626506024,-2.968302951832998,0.41849674862157193,11,0.7058823529411765
SPXW,"d80,d80_front",0.0,1,score_desc,d80,22,3,30,False,False,False,False,False,-15.149805162067143,22.72429715460437,-15.149805162067143,97,0.4742268041237113,1.3053808944651153,3.5546387547022817,0.036645760357755484,-2.016069374745981,0.18556701030927836,89,0.5056179775280899,-2.016069374745981,0.7033063477105389,0,0.6666666666666666,137,0.46715328467153283,1.3431479936728143,6.615760673311228,0.04829022389278269,-2.1999999999999984,0.10948905109489052,123,0.4634146341463415,-2.180144254910232,0.6801938918609223,20,0.6666666666666666,374,0.46524064171123,1.2177610381309905,10.042879948605393,0.026852620183436877,-3.388168900440821,0.4090909090909091,332,0.46987951807228917,-3.3881689004408204,0.4471104057608216,11,0.7058823529411765
SPXW,"d80,d80_front",0.0,1,score_desc,d80,22,4,30,False,False,False,False,False,-15.149805162067143,22.72429715460437,-15.149805162067143,97,0.4742268041237113,1.3053808944651153,3.5546387547022817,0.036645760357755484,-2.016069374745981,0.18556701030927836,89,0.5056179775280899,-2.016069374745981,0.7033063477105389,0,0.6666666666666666,137,0.46715328467153283,1.3431479936728143,6.615760673311228,0.04829022389278269,-2.1999999999999984,0.10948905109489052,123,0.4634146341463415,-2.180144254910232,0.6801938918609223,20,0.6666666666666666,374,0.46524064171123,1.2177610381309905,10.042879948605393,0.026852620183436877,-3.388168900440821,0.4090909090909091,332,0.46987951807228917,-3.3881689004408204,0.4471104057608216,11,0.7058823529411765
SPXW,"d65ret,d80,d80_front",-999999.0,1,score_desc,d80_front,22,1,0,False,False,False,False,False,-15.18656917000688,16.65158813847393,-15.18656917000688,102,0.49019607843137253,1.2971145271282154,3.324618564474091,0.03259429965170677,-2.076334843901635,0.2549019607843137,102,0.49019607843137253,-2.076334843901635,0.7519659628669209,0,0.5,128,0.4375,1.0936989168117577,1.493748173507803,0.011669907605529712,-2.4229759338177708,0.203125,128,0.4375,-2.4229759338177708,1.6736422138205482,20,0.8333333333333334,350,0.4514285714285714,1.122051359529479,5.020397355753243,0.014343992445009265,-3.561103005311086,0.4085714285714286,350,0.4514285714285714,-3.561103005311086,0.4979685516595745,19,0.7058823529411765
SPXW,"d65ret,d80,d80_front",-999999.0,1,score_desc,d80_front,22,1,15,False,False,False,False,False,-15.18656917000688,16.65158813847393,-15.18656917000688,102,0.49019607843137253,1.2971145271282154,3.324618564474091,0.03259429965170677,-2.076334843901635,0.2549019607843137,102,0.49019607843137253,-2.076334843901635,0.7519659628669209,0,0.5,128,0.4375,1.0936989168117577,1.493748173507803,0.011669907605529712,-2.4229759338177708,0.203125,128,0.4375,-2.4229759338177708,1.6736422138205482,20,0.8333333333333334,350,0.4514285714285714,1.122051359529479,5.020397355753243,0.014343992445009265,-3.561103005311086,0.4085714285714286,350,0.4514285714285714,-3.561103005311086,0.4979685516595745,19,0.7058823529411765
SPXW,"d65ret,d80,d80_front",-999999.0,1,score_desc,d80_front,22,1,30,False,False,False,False,False,-15.18656917000688,16.65158813847393,-15.18656917000688,102,0.49019607843137253,1.2971145271282154,3.324618564474091,0.03259429965170677,-2.076334843901635,0.2549019607843137,102,0.49019607843137253,-2.076334843901635,0.7519659628669209,0,0.5,128,0.4375,1.0936989168117577,1.493748173507803,0.011669907605529712,-2.4229759338177708,0.203125,128,0.4375,-2.4229759338177708,1.6736422138205482,20,0.8333333333333334,350,0.4514285714285714,1.122051359529479,5.020397355753243,0.014343992445009265,-3.561103005311086,0.4085714285714286,350,0.4514285714285714,-3.561103005311086,0.4979685516595745,19,0.7058823529411765
SPXW,"d65ret,d80,d80_front",0.0,1,score_desc,d80_front,22,1,0,False,False,False,False,False,-15.18656917000688,16.65158813847393,-15.18656917000688,102,0.49019607843137253,1.2971145271282154,3.324618564474091,0.03259429965170677,-2.076334843901635,0.2549019607843137,102,0.49019607843137253,-2.076334843901635,0.7519659628669209,0,0.5,128,0.4375,1.0936989168117577,1.493748173507803,0.011669907605529712,-2.4229759338177708,0.203125,128,0.4375,-2.4229759338177708,1.6736422138205482,20,0.8333333333333334,349,0.4498567335243553,1.1205867873960988,4.960154404801463,0.014212476804588718,-3.561103005311086,0.4068767908309456,349,0.4498567335243553,-3.561103005311086,0.5040165680286047,19,0.7058823529411765
SPXW,"d65ret,d80,d80_front",0.0,1,score_desc,d80_front,22,1,15,False,False,False,False,False,-15.18656917000688,16.65158813847393,-15.18656917000688,102,0.49019607843137253,1.2971145271282154,3.324618564474091,0.03259429965170677,-2.076334843901635,0.2549019607843137,102,0.49019607843137253,-2.076334843901635,0.7519659628669209,0,0.5,128,0.4375,1.0936989168117577,1.493748173507803,0.011669907605529712,-2.4229759338177708,0.203125,128,0.4375,-2.4229759338177708,1.6736422138205482,20,0.8333333333333334,349,0.4498567335243553,1.1205867873960988,4.960154404801463,0.014212476804588718,-3.561103005311086,0.4068767908309456,349,0.4498567335243553,-3.561103005311086,0.5040165680286047,19,0.7058823529411765
SPXW,"d65ret,d80,d80_front",0.0,1,score_desc,d80_front,22,1,30,False,False,False,False,False,-15.18656917000688,16.65158813847393,-15.18656917000688,102,0.49019607843137253,1.2971145271282154,3.324618564474091,0.03259429965170677,-2.076334843901635,0.2549019607843137,102,0.49019607843137253,-2.076334843901635,0.7519659628669209,0,0.5,128,0.4375,1.0936989168117577,1.493748173507803,0.011669907605529712,-2.4229759338177708,0.203125,128,0.4375,-2.4229759338177708,1.6736422138205482,20,0.8333333333333334,349,0.4498567335243553,1.1205867873960988,4.960154404801463,0.014212476804588718,-3.561103005311086,0.4068767908309456,349,0.4498567335243553,-3.561103005311086,0.5040165680286047,19,0.7058823529411765
SPXW,"d50ret,d65ret,d80_zero",0.0,1,score_desc,d80_front,22,3,15,False,False,False,False,False,-15.203259172021042,12.955944593295227,-15.203259172021042,94,0.43617021276595747,1.359860457659408,4.9119808689794695,0.052255115627441166,-1.8999999999999986,0.23404255319148937,82,0.45121951219512196,-1.8999999999999986,0.6729499290772087,0,0.6666666666666666,139,0.41007194244604317,1.0052351898421357,0.11953198004405641,0.000859942302475226,-3.443563084930198,0.2589928057553957,128,0.3828125,-3.443563084930198,23.729629792486104,22,0.6666666666666666,382,0.42408376963350786,1.0593669547303757,3.1998413119661664,0.008376547937084205,-3.9520154464977164,0.40575916230366493,332,0.39759036144578314,-3.9520154464977155,1.235353598424146,19,0.5294117647058824
SPXW,"d50ret,d65ret,d80_zero",0.0,1,score_desc,d80_front,22,4,15,False,False,False,False,False,-15.203259172021042,12.955944593295227,-15.203259172021042,94,0.43617021276595747,1.359860457659408,4.9119808689794695,0.052255115627441166,-1.8999999999999986,0.23404255319148937,82,0.45121951219512196,-1.8999999999999986,0.6729499290772087,0,0.6666666666666666,139,0.41007194244604317,1.0052351898421357,0.11953198004405641,0.000859942302475226,-3.443563084930198,0.2589928057553957,128,0.3828125,-3.443563084930198,23.729629792486104,22,0.6666666666666666,382,0.42408376963350786,1.0593669547303757,3.1998413119661664,0.008376547937084205,-3.9520154464977164,0.40575916230366493,332,0.39759036144578314,-3.9520154464977155,1.235353598424146,19,0.5294117647058824
SPXW,"d50ret,d65ret,d80_zero",-999999.0,1,score_desc,d80_front,22,2,15,False,False,False,False,False,-15.203259172021042,12.955944593295227,-15.203259172021042,94,0.43617021276595747,1.359860457659408,4.9119808689794695,0.052255115627441166,-1.8999999999999986,0.23404255319148937,82,0.45121951219512196,-1.8999999999999986,0.6729499290772087,0,0.6666666666666666,139,0.41007194244604317,1.0052351898421357,0.11953198004405641,0.000859942302475226,-3.443563084930198,0.2589928057553957,128,0.3828125,-3.443563084930198,23.729629792486104,22,0.6666666666666666,390,0.4128205128205128,1.0432593320231904,2.4469307994181326,0.006274181536969571,-3.8580389191553195,0.4307692307692308,349,0.3982808022922636,-3.8580389191553186,1.175920583805059,21,0.47058823529411764
SPXW,"d50ret,d65ret,d80_zero",-999999.0,1,score_desc,d80_front,22,3,15,False,False,False,False,False,-15.203259172021042,12.955944593295227,-15.203259172021042,94,0.43617021276595747,1.359860457659408,4.9119808689794695,0.052255115627441166,-1.8999999999999986,0.23404255319148937,82,0.45121951219512196,-1.8999999999999986,0.6729499290772087,0,0.6666666666666666,139,0.41007194244604317,1.0052351898421357,0.11953198004405641,0.000859942302475226,-3.443563084930198,0.2589928057553957,128,0.3828125,-3.443563084930198,23.729629792486104,22,0.6666666666666666,390,0.4128205128205128,1.0432593320231904,2.4469307994181326,0.006274181536969571,-3.8580389191553195,0.4307692307692308,349,0.3982808022922636,-3.8580389191553186,1.175920583805059,21,0.47058823529411764
SPXW,"d50ret,d65ret,d80_zero",-999999.0,1,score_desc,d80_front,22,4,15,False,False,False,False,False,-15.203259172021042,12.955944593295227,-15.203259172021042,94,0.43617021276595747,1.359860457659408,4.9119808689794695,0.052255115627441166,-1.8999999999999986,0.23404255319148937,82,0.45121951219512196,-1.8999999999999986,0.6729499290772087,0,0.6666666666666666,139,0.41007194244604317,1.0052351898421357,0.11953198004405641,0.000859942302475226,-3.443563084930198,0.2589928057553957,128,0.3828125,-3.443563084930198,23.729629792486104,22,0.6666666666666666,390,0.4128205128205128,1.0432593320231904,2.4469307994181326,0.006274181536969571,-3.8580389191553195,0.4307692307692308,349,0.3982808022922636,-3.8580389191553186,1.175920583805059,21,0.47058823529411764
SPXW,"d50ret,d65ret,d80_zero",-999999.0,1,score_desc,d80_front,22,3,30,False,False,False,False,False,-15.203259172021042,13.661347020344875,-15.203259172021042,94,0.43617021276595747,1.359860457659408,4.9119808689794695,0.052255115627441166,-1.8999999999999986,0.23404255319148937,82,0.45121951219512196,-1.8999999999999986,0.6729499290772087,0,0.6666666666666666,139,0.4172661870503597,1.0198787578666013,0.4479162433347992,0.0032224190167971165,-3.4435630849301972,0.2589928057553957,128,0.3828125,-3.4435630849301972,6.332544704542372,22,0.6666666666666666,390,0.4128205128205128,1.0427614781743468,2.3998852084575666,0.006153551816557863,-3.858038919155319,0.4282051282051282,349,0.3982808022922636,-3.858038919155319,1.245496492650493,21,0.47058823529411764
SPXW,"d50ret,d65ret,d80_zero",-999999.0,1,score_desc,d80_front,22,4,30,False,False,False,False,False,-15.203259172021042,13.661347020344875,-15.203259172021042,94,0.43617021276595747,1.359860457659408,4.9119808689794695,0.052255115627441166,-1.8999999999999986,0.23404255319148937,82,0.45121951219512196,-1.8999999999999986,0.6729499290772087,0,0.6666666666666666,139,0.4172661870503597,1.0198787578666013,0.4479162433347992,0.0032224190167971165,-3.4435630849301972,0.2589928057553957,128,0.3828125,-3.4435630849301972,6.332544704542372,22,0.6666666666666666,390,0.4128205128205128,1.0427614781743468,2.3998852084575666,0.006153551816557863,-3.858038919155319,0.4282051282051282,349,0.3982808022922636,-3.858038919155319,1.245496492650493,21,0.47058823529411764
SPXW,"d50ret,d65ret,d80_zero",-999999.0,1,score_desc,d80_front,22,2,0,False,False,False,False,False,-15.203259172021042,-8.079861996621256,-15.203259172021042,94,0.43617021276595747,1.359860457659408,4.9119808689794695,0.052255115627441166,-1.8999999999999986,0.23404255319148937,82,0.45121951219512196,-1.8999999999999986,0.6729499290772087,0,0.6666666666666666,139,0.4028776978417266,0.9884701347054927,-0.26417996216629436,-0.0019005752673834126,-3.46398811935678,0.2589928057553957,128,0.3828125,-3.46398811935678,-10.659493541032077,22,0.6666666666666666,390,0.4153846153846154,1.0414392156199328,2.349680409060983,0.006024821561694828,-3.8580389191553195,0.43333333333333335,349,0.40114613180515757,-3.8580389191553186,1.2695710628801744,21,0.47058823529411764
SPXW,"d50ret,d65ret,d80_zero",-999999.0,1,score_desc,d80_front,22,3,0,False,False,False,False,False,-15.203259172021042,-8.047434845041112,-15.203259172021042,94,0.43617021276595747,1.359860457659408,4.9119808689794695,0.052255115627441166,-1.8999999999999986,0.23404255319148937,82,0.45121951219512196,-1.8999999999999986,0.6729499290772087,0,0.6666666666666666,139,0.4028776978417266,0.9890728814856092,-0.2502168494187025,-0.0018001212188395862,-3.4639881193567805,0.2589928057553957,128,0.3828125,-3.4639881193567805,-11.025500750761495,22,0.6666666666666666,390,0.4153846153846154,1.0414392156199328,2.349680409060983,0.006024821561694828,-3.8580389191553195,0.43333333333333335,349,0.40114613180515757,-3.8580389191553186,1.2695710628801744,21,0.47058823529411764
SPXW,"d50ret,d65ret,d80_zero",-999999.0,1,score_desc,d80_front,22,4,0,False,False,False,False,False,-15.203259172021042,-8.047434845041112,-15.203259172021042,94,0.43617021276595747,1.359860457659408,4.9119808689794695,0.052255115627441166,-1.8999999999999986,0.23404255319148937,82,0.45121951219512196,-1.8999999999999986,0.6729499290772087,0,0.6666666666666666,139,0.4028776978417266,0.9890728814856092,-0.2502168494187025,-0.0018001212188395862,-3.4639881193567805,0.2589928057553957,128,0.3828125,-3.4639881193567805,-11.025500750761495,22,0.6666666666666666,390,0.4153846153846154,1.0414392156199328,2.349680409060983,0.006024821561694828,-3.8580389191553195,0.43333333333333335,349,0.40114613180515757,-3.8580389191553186,1.2695710628801744,21,0.47058823529411764
SPXW,"d50ret,d65ret,d80_zero",0.0,1,score_desc,d80_front,22,2,15,False,False,False,False,False,-15.203259172021042,12.955944593295227,-15.203259172021042,94,0.43617021276595747,1.359860457659408,4.9119808689794695,0.052255115627441166,-1.8999999999999986,0.23404255319148937,82,0.45121951219512196,-1.8999999999999986,0.6729499290772087,0,0.6666666666666666,139,0.41007194244604317,1.0052351898421357,0.11953198004405641,0.000859942302475226,-3.443563084930198,0.2589928057553957,128,0.3828125,-3.443563084930198,23.729629792486104,22,0.6666666666666666,382,0.418848167539267,1.0393901887021664,2.1411221122548705,0.005605031707473483,-3.9520154464977177,0.40575916230366493,333,0.3963963963963964,-3.9520154464977177,1.8461980549818835,19,0.47058823529411764
SPXW,"d50ret,d65ret,d80_zero",-999999.0,1,score_desc,d80_front,22,2,30,False,False,False,False,False,-15.203259172021042,13.661347020344875,-15.203259172021042,94,0.43617021276595747,1.359860457659408,4.9119808689794695,0.052255115627441166,-1.8999999999999986,0.23404255319148937,82,0.45121951219512196,-1.8999999999999986,0.6729499290772087,0,0.6666666666666666,139,0.4172661870503597,1.0198787578666013,0.4479162433347992,0.0032224190167971165,-3.4435630849301972,0.2589928057553957,128,0.3828125,-3.4435630849301972,6.332544704542372,22,0.6666666666666666,390,0.41025641025641024,1.0380449057852974,2.1411660087462705,0.005490169253195566,-3.858038919155319,0.4282051282051282,349,0.3982808022922636,-3.858038919155319,1.3800059264092768,21,0.47058823529411764
SPXW,"d50ret,d65ret,d80_zero",0.0,1,score_desc,d80_front,22,3,0,False,False,False,False,False,-15.203259172021042,-8.047434845041112,-15.203259172021042,94,0.43617021276595747,1.359860457659408,4.9119808689794695,0.052255115627441166,-1.8999999999999986,0.23404255319148937,82,0.45121951219512196,-1.8999999999999986,0.6729499290772087,0,0.6666666666666666,139,0.4028776978417266,0.9890728814856092,-0.2502168494187025,-0.0018001212188395862,-3.4639881193567805,0.2589928057553957,128,0.3828125,-3.4639881193567805,-11.025500750761495,22,0.6666666666666666,383,0.42036553524804177,1.0372253513571028,2.0482208159781443,0.005347835028663562,-3.9520154464977213,0.4046997389033943,331,0.39274924471299094,-3.952015446497722,1.7719530737948028,19,0.4117647058823529
SPXW,"d50ret,d65ret,d80_zero",0.0,1,score_desc,d80_front,22,4,0,False,False,False,False,False,-15.203259172021042,-8.047434845041112,-15.203259172021042,94,0.43617021276595747,1.359860457659408,4.9119808689794695,0.052255115627441166,-1.8999999999999986,0.23404255319148937,82,0.45121951219512196,-1.8999999999999986,0.6729499290772087,0,0.6666666666666666,139,0.4028776978417266,0.9890728814856092,-0.2502168494187025,-0.0018001212188395862,-3.4639881193567805,0.2589928057553957,128,0.3828125,-3.4639881193567805,-11.025500750761495,22,0.6666666666666666,383,0.42036553524804177,1.0372253513571028,2.0482208159781443,0.005347835028663562,-3.9520154464977213,0.4046997389033943,331,0.39274924471299094,-3.952015446497722,1.7719530737948028,19,0.4117647058823529
SPXW,"d50ret,d65ret,d80_zero",0.0,1,score_desc,d80_front,22,3,30,False,False,False,False,False,-15.203259172021042,13.661347020344875,-15.203259172021042,94,0.43617021276595747,1.359860457659408,4.9119808689794695,0.052255115627441166,-1.8999999999999986,0.23404255319148937,82,0.45121951219512196,-1.8999999999999986,0.6729499290772087,0,0.6666666666666666,139,0.4172661870503597,1.0198787578666013,0.4479162433347992,0.0032224190167971165,-3.4435630849301972,0.2589928057553957,128,0.3828125,-3.4435630849301972,6.332544704542372,22,0.6666666666666666,382,0.4214659685863874,1.0339820968518827,1.8369119361426742,0.004808669989902288,-3.8745899591841213,0.4083769633507853,334,0.40119760479041916,-3.8745899591841213,1.7723041821062029,19,0.5294117647058824
SPXW,"d50ret,d65ret,d80_zero",0.0,1,score_desc,d80_front,22,4,30,False,False,False,False,False,-15.203259172021042,13.661347020344875,-15.203259172021042,94,0.43617021276595747,1.359860457659408,4.9119808689794695,0.052255115627441166,-1.8999999999999986,0.23404255319148937,82,0.45121951219512196,-1.8999999999999986,0.6729499290772087,0,0.6666666666666666,139,0.4172661870503597,1.0198787578666013,0.4479162433347992,0.0032224190167971165,-3.4435630849301972,0.2589928057553957,128,0.3828125,-3.4435630849301972,6.332544704542372,22,0.6666666666666666,382,0.4214659685863874,1.0339820968518827,1.8369119361426742,0.004808669989902288,-3.8745899591841213,0.4083769633507853,334,0.40119760479041916,-3.8745899591841213,1.7723041821062029,19,0.5294117647058824
SPXW,"d50ret,d65ret,d80_zero",0.0,1,score_desc,d80_front,22,2,0,False,False,False,False,False,-15.203259172021042,-8.079861996621256,-15.203259172021042,94,0.43617021276595747,1.359860457659408,4.9119808689794695,0.052255115627441166,-1.8999999999999986,0.23404255319148937,82,0.45121951219512196,-1.8999999999999986,0.6729499290772087,0,0.6666666666666666,139,0.4028776978417266,0.9884701347054927,-0.26417996216629436,-0.0019005752673834126,-3.46398811935678,0.2589928057553957,128,0.3828125,-3.46398811935678,-10.659493541032077,22,0.6666666666666666,383,0.4177545691906005,1.0323202822038409,1.7834193214841811,0.004656447314580108,-3.952015446497722,0.4046997389033943,332,0.39156626506024095,-3.9520154464977217,2.0350520637303546,19,0.4117647058823529
SPXW,"d50ret,d65ret,d80_zero",0.0,1,score_desc,d80_front,22,2,30,False,False,False,False,False,-15.203259172021042,13.661347020344875,-15.203259172021042,94,0.43617021276595747,1.359860457659408,4.9119808689794695,0.052255115627441166,-1.8999999999999986,0.23404255319148937,82,0.45121951219512196,-1.8999999999999986,0.6729499290772087,0,0.6666666666666666,139,0.4172661870503597,1.0198787578666013,0.4479162433347992,0.0032224190167971165,-3.4435630849301972,0.2589928057553957,128,0.3828125,-3.4435630849301972,6.332544704542372,22,0.6666666666666666,382,0.418848167539267,1.0219824824577866,1.191728721172589,0.0031197086941690813,-3.874589959184122,0.4083769633507853,335,0.4,-3.8745899591841217,2.6796564646783274,19,0.47058823529411764
SPXW,d80,-999999.0,1,score_desc,d80,21,2,0,False,False,False,False,False,-14.857559247075098,-15.310832677069012,-15.310832677069012,67,0.4925373134328358,1.3528697603565902,3.5227864846892536,0.05257890275655602,-2.2,0.1791044776119403,61,0.5409836065573771,-2.2,0.7096654909020198,0,0.5,114,0.47368421052631576,1.3539884280590728,6.110860895800786,0.05360404294562093,-2.2774802861251224,0.07017543859649122,103,0.46601941747572817,-2.2774802861251224,0.6545722555636455,0,0.8333333333333334,310,0.4483870967741935,1.2576398764046048,10.599104980846,0.034190661228535486,-2.890461119954401,0.42258064516129035,275,0.44,-2.890461119954401,0.4717379447637955,0,0.6470588235294118
SPXW,d80,-999999.0,1,score_desc,d80,21,2,15,False,False,False,False,False,-14.857559247075098,-15.310832677069012,-15.310832677069012,67,0.4925373134328358,1.3528697603565902,3.5227864846892536,0.05257890275655602,-2.2,0.1791044776119403,61,0.5409836065573771,-2.2,0.7096654909020198,0,0.5,114,0.47368421052631576,1.3539884280590728,6.110860895800786,0.05360404294562093,-2.2774802861251224,0.07017543859649122,103,0.46601941747572817,-2.2774802861251224,0.6545722555636455,0,0.8333333333333334,310,0.4483870967741935,1.2576398764046048,10.599104980846,0.034190661228535486,-2.890461119954401,0.42258064516129035,275,0.44,-2.890461119954401,0.4717379447637955,0,0.6470588235294118
SPXW,d80,-999999.0,1,score_desc,d80,21,2,30,False,False,False,False,False,-14.857559247075098,-15.310832677069012,-15.310832677069012,67,0.4925373134328358,1.3528697603565902,3.5227864846892536,0.05257890275655602,-2.2,0.1791044776119403,61,0.5409836065573771,-2.2,0.7096654909020198,0,0.5,114,0.47368421052631576,1.3539884280590728,6.110860895800786,0.05360404294562093,-2.2774802861251224,0.07017543859649122,103,0.46601941747572817,-2.2774802861251224,0.6545722555636455,0,0.8333333333333334,310,0.4483870967741935,1.2576398764046048,10.599104980846,0.034190661228535486,-2.890461119954401,0.42258064516129035,275,0.44,-2.890461119954401,0.4717379447637955,0,0.6470588235294118
SPXW,d80,0.0,1,score_desc,d80,21,2,0,False,False,False,False,False,-14.857559247075098,-15.310832677069012,-15.310832677069012,67,0.4925373134328358,1.3528697603565902,3.5227864846892536,0.05257890275655602,-2.2,0.1791044776119403,61,0.5409836065573771,-2.2,0.7096654909020198,0,0.5,114,0.47368421052631576,1.3539884280590728,6.110860895800786,0.05360404294562093,-2.2774802861251224,0.07017543859649122,103,0.46601941747572817,-2.2774802861251224,0.6545722555636455,0,0.8333333333333334,307,0.44299674267100975,1.209531845592003,8.689047671176825,0.028303086876797473,-3.649908786860861,0.42671009771986973,269,0.43866171003717475,-3.649908786860861,0.5754370546942588,0,0.5882352941176471
SPXW,d80,0.0,1,score_desc,d80,21,2,15,False,False,False,False,False,-14.857559247075098,-15.310832677069012,-15.310832677069012,67,0.4925373134328358,1.3528697603565902,3.5227864846892536,0.05257890275655602,-2.2,0.1791044776119403,61,0.5409836065573771,-2.2,0.7096654909020198,0,0.5,114,0.47368421052631576,1.3539884280590728,6.110860895800786,0.05360404294562093,-2.2774802861251224,0.07017543859649122,103,0.46601941747572817,-2.2774802861251224,0.6545722555636455,0,0.8333333333333334,307,0.44299674267100975,1.209531845592003,8.689047671176825,0.028303086876797473,-3.649908786860861,0.42671009771986973,269,0.43866171003717475,-3.649908786860861,0.5754370546942588,0,0.5882352941176471
SPXW,d80,0.0,1,score_desc,d80,21,2,30,False,False,False,False,False,-14.857559247075098,-15.310832677069012,-15.310832677069012,67,0.4925373134328358,1.3528697603565902,3.5227864846892536,0.05257890275655602,-2.2,0.1791044776119403,61,0.5409836065573771,-2.2,0.7096654909020198,0,0.5,114,0.47368421052631576,1.3539884280590728,6.110860895800786,0.05360404294562093,-2.2774802861251224,0.07017543859649122,103,0.46601941747572817,-2.2774802861251224,0.6545722555636455,0,0.8333333333333334,307,0.44299674267100975,1.209531845592003,8.689047671176825,0.028303086876797473,-3.649908786860861,0.42671009771986973,269,0.43866171003717475,-3.649908786860861,0.5754370546942588,0,0.5882352941176471
SPXW,"d50ret,d80,d80_front",0.0,1,score_desc,d65ret,21,2,0,False,False,False,False,False,-15.332876228918773,23.67929800384267,-15.332876228918773,108,0.4722222222222222,1.322078392142645,4.396927614144786,0.04071229272356284,-2.1,0.17592592592592593,100,0.5,-2.1,0.6822946073410644,0,0.5,132,0.4696969696969697,1.365660806643935,7.285209268607484,0.055190979307632455,-2.1777454259441864,0.1590909090909091,125,0.488,-2.1777454259441864,0.34316104147792825,20,0.6666666666666666,381,0.4540682414698163,1.215646372608776,11.421528066211415,0.029977763953310803,-3.4115126942032097,0.3333333333333333,344,0.45058139534883723,-3.4115126942032097,0.42662509243656194,19,0.7647058823529411
SPXW,"d50ret,d80,d80_front",0.0,1,score_desc,d65ret,21,3,0,False,False,False,False,False,-15.332876228918773,23.67929800384267,-15.332876228918773,108,0.4722222222222222,1.322078392142645,4.396927614144786,0.04071229272356284,-2.1,0.17592592592592593,100,0.5,-2.1,0.6822946073410644,0,0.5,132,0.4696969696969697,1.365660806643935,7.285209268607484,0.055190979307632455,-2.1777454259441864,0.1590909090909091,125,0.488,-2.1777454259441864,0.34316104147792825,20,0.6666666666666666,381,0.4540682414698163,1.2153105354052358,11.40374073225578,0.029931078037416747,-3.4115126942032097,0.3333333333333333,344,0.45058139534883723,-3.4115126942032097,0.42729053399395883,19,0.7647058823529411
SPXW,"d50ret,d80,d80_front",0.0,1,score_desc,d65ret,21,4,0,False,False,False,False,False,-15.332876228918773,23.67929800384267,-15.332876228918773,108,0.4722222222222222,1.322078392142645,4.396927614144786,0.04071229272356284,-2.1,0.17592592592592593,100,0.5,-2.1,0.6822946073410644,0,0.5,132,0.4696969696969697,1.365660806643935,7.285209268607484,0.055190979307632455,-2.1777454259441864,0.1590909090909091,125,0.488,-2.1777454259441864,0.34316104147792825,20,0.6666666666666666,381,0.4540682414698163,1.2153105354052358,11.40374073225578,0.029931078037416747,-3.4115126942032097,0.3333333333333333,344,0.45058139534883723,-3.4115126942032097,0.42729053399395883,19,0.7647058823529411
SPXW,"d65ret,d80_front",0.0,1,score_desc,d65ret,22,2,0,False,False,False,False,False,-15.356208217163928,-7.857361072091738,-15.356208217163928,93,0.43010752688172044,1.368405830254413,4.896704198627512,0.0526527333185754,-2.6999999999999984,0.21505376344086022,82,0.45121951219512196,-2.699999999999999,0.7147664751693615,0,0.6666666666666666,133,0.44360902255639095,0.9726248594036788,-0.5129435238478826,-0.0038567182244201694,-2.6798183423520623,0.23308270676691728,128,0.453125,-2.6798183423520623,-4.873830906853197,20,0.5,382,0.43717277486910994,1.0135166024863849,0.6829425945976886,0.001787807839260965,-4.460675408824629,0.42408376963350786,342,0.4269005847953216,-4.460675408824629,7.321259560542459,19,0.5882352941176471
SPXW,"d65ret,d80_front",0.0,1,score_desc,d65ret,22,2,15,False,False,False,False,False,-15.356208217163928,-7.857361072091738,-15.356208217163928,93,0.43010752688172044,1.368405830254413,4.896704198627512,0.0526527333185754,-2.6999999999999984,0.21505376344086022,82,0.45121951219512196,-2.699999999999999,0.7147664751693615,0,0.6666666666666666,133,0.44360902255639095,0.9726248594036788,-0.5129435238478826,-0.0038567182244201694,-2.6798183423520623,0.23308270676691728,128,0.453125,-2.6798183423520623,-4.873830906853197,20,0.5,382,0.43717277486910994,1.0135166024863849,0.6829425945976886,0.001787807839260965,-4.460675408824629,0.42408376963350786,342,0.4269005847953216,-4.460675408824629,7.321259560542459,19,0.5882352941176471
SPXW,"d65ret,d80_front",0.0,1,score_desc,d65ret,22,2,30,False,False,False,False,False,-15.356208217163928,-7.857361072091738,-15.356208217163928,93,0.43010752688172044,1.368405830254413,4.896704198627512,0.0526527333185754,-2.6999999999999984,0.21505376344086022,82,0.45121951219512196,-2.699999999999999,0.7147664751693615,0,0.6666666666666666,133,0.44360902255639095,0.9726248594036788,-0.5129435238478826,-0.0038567182244201694,-2.6798183423520623,0.23308270676691728,128,0.453125,-2.6798183423520623,-4.873830906853197,20,0.5,381,0.43832020997375326,1.012139553062781,0.6123903718118135,0.0016073238105296943,-4.380347514957762,0.4225721784776903,342,0.4298245614035088,-4.380347514957762,8.164726668068013,19,0.5882352941176471
SPXW,"d65ret,d80_front",-999999.0,1,score_desc,d65ret,22,2,0,False,False,False,False,False,-15.356208217163928,-7.857361072091738,-15.356208217163928,93,0.43010752688172044,1.368405830254413,4.896704198627512,0.0526527333185754,-2.6999999999999984,0.21505376344086022,82,0.45121951219512196,-2.699999999999999,0.7147664751693615,0,0.6666666666666666,133,0.44360902255639095,0.9726248594036788,-0.5129435238478826,-0.0038567182244201694,-2.6798183423520623,0.23308270676691728,128,0.453125,-2.6798183423520623,-4.873830906853197,20,0.5,385,0.43116883116883115,1.0017370853832739,0.08866264484060782,0.00023029258400157876,-4.984820179606139,0.42077922077922075,345,0.42318840579710143,-4.778651978123954,56.393535394626326,19,0.5882352941176471
SPXW,"d65ret,d80_front",-999999.0,1,score_desc,d65ret,22,2,15,False,False,False,False,False,-15.356208217163928,-7.857361072091738,-15.356208217163928,93,0.43010752688172044,1.368405830254413,4.896704198627512,0.0526527333185754,-2.6999999999999984,0.21505376344086022,82,0.45121951219512196,-2.699999999999999,0.7147664751693615,0,0.6666666666666666,133,0.44360902255639095,0.9726248594036788,-0.5129435238478826,-0.0038567182244201694,-2.6798183423520623,0.23308270676691728,128,0.453125,-2.6798183423520623,-4.873830906853197,20,0.5,385,0.43116883116883115,1.0017370853832739,0.08866264484060782,0.00023029258400157876,-4.984820179606139,0.42077922077922075,345,0.42318840579710143,-4.778651978123954,56.393535394626326,19,0.5882352941176471
SPXW,"d65ret,d80_front",-999999.0,1,score_desc,d65ret,22,2,30,False,False,False,False,False,-15.356208217163928,-7.857361072091738,-15.356208217163928,93,0.43010752688172044,1.368405830254413,4.896704198627512,0.0526527333185754,-2.6999999999999984,0.21505376344086022,82,0.45121951219512196,-2.699999999999999,0.7147664751693615,0,0.6666666666666666,133,0.44360902255639095,0.9726248594036788,-0.5129435238478826,-0.0038567182244201694,-2.6798183423520623,0.23308270676691728,128,0.453125,-2.6798183423520623,-4.873830906853197,20,0.5,384,0.4322916666666667,1.000355380080908,0.018110422054734343,4.716255743420402e-05,-4.904492285739272,0.4192708333333333,345,0.4260869565217391,-4.698324084257087,276.08412354437223,19,0.5882352941176471
SPXW,d80,-999999.0,1,score_desc,d80_zero,21,2,30,False,False,False,False,False,-13.731907768431373,-15.366878186237347,-15.366878186237347,63,0.5079365079365079,1.4318704382574183,3.9227864846892544,0.06226645213792467,-1.4,0.19047619047619047,61,0.5081967213114754,-1.4,0.7647625002556433,0,0.5,109,0.47706422018348627,1.3441186044979325,5.728082014278228,0.05255121114016723,-2.277480286125122,0.07339449541284404,103,0.47572815533980584,-2.277480286125122,0.5237355178438411,0,0.8333333333333334,315,0.4444444444444444,1.2583349527409924,11.183670202183166,0.035503714927565606,-3.4916352199073177,0.4634920634920635,298,0.45302013422818793,-3.4916352199073177,0.36914591374828726,0,0.7058823529411765
SPXW,d80,0.0,1,score_desc,d80_zero,21,2,30,False,False,False,False,False,-13.731907768431373,-15.366878186237347,-15.366878186237347,63,0.5079365079365079,1.4318704382574183,3.9227864846892544,0.06226645213792467,-1.4,0.19047619047619047,61,0.5081967213114754,-1.4,0.7647625002556433,0,0.5,109,0.47706422018348627,1.3441186044979325,5.728082014278228,0.05255121114016723,-2.277480286125122,0.07339449541284404,103,0.47572815533980584,-2.277480286125122,0.5237355178438411,0,0.8333333333333334,302,0.44039735099337746,1.2537329967960638,10.810617857045763,0.03579674787101246,-3.725281519884014,0.45364238410596025,285,0.44912280701754387,-3.600682571124823,0.38188438537337904,0,0.6470588235294118
SPXW,"d50ret,d65ret,d80",-999999.0,1,score_desc,d65win,22,2,30,False,False,False,False,False,-15.381129531734224,18.603294725386863,-15.381129531734224,115,0.45217391304347826,1.2905750319382867,4.9572793487719204,0.043106776945842785,-2.4732483842357498,0.20869565217391303,102,0.47058823529411764,-2.4732483842357498,0.65741359074182,0,0.6666666666666666,139,0.45323741007194246,1.152962953589008,3.339922753888465,0.02402822125099615,-2.742495556131684,0.2158273381294964,128,0.4296875,-2.7424955561316833,0.909386073164159,22,0.5,389,0.4087403598971722,1.022488770558915,1.3556675067545791,0.003485006444099175,-5.341034117730448,0.36246786632390743,349,0.4068767908309456,-5.341034117730448,2.53361929670139,20,0.4117647058823529
SPXW,"d50ret,d65ret,d80",0.0,1,score_desc,d65win,22,2,30,False,False,False,False,False,-15.381129531734224,18.603294725386863,-15.381129531734224,115,0.45217391304347826,1.2905750319382867,4.9572793487719204,0.043106776945842785,-2.4732483842357498,0.20869565217391303,102,0.47058823529411764,-2.4732483842357498,0.65741359074182,0,0.6666666666666666,139,0.45323741007194246,1.152962953589008,3.339922753888465,0.02402822125099615,-2.742495556131684,0.2158273381294964,128,0.4296875,-2.7424955561316833,0.909386073164159,22,0.5,387,0.39276485788113696,0.9958766916399187,-0.25041946549201954,-0.0006470787222016009,-5.506446296495364,0.36175710594315247,344,0.39244186046511625,-5.506446296495364,-13.715967919170897,19,0.4117647058823529
SPXW,"d65ret,d80_front",0.0,1,score_desc,d65ret,22,3,0,False,False,False,False,False,-15.39571265833025,-7.857361072091738,-15.39571265833025,93,0.43010752688172044,1.364434853937889,4.858021045456861,0.052236785435020014,-2.6999999999999984,0.21505376344086022,82,0.43902439024390244,-2.699999999999999,0.7204579739878114,0,0.6666666666666666,133,0.44360902255639095,0.9726248594036788,-0.5129435238478826,-0.0038567182244201694,-2.6798183423520623,0.23308270676691728,128,0.453125,-2.6798183423520623,-4.873830906853197,20,0.5,382,0.43717277486910994,1.0135166024863849,0.6829425945976886,0.001787807839260965,-4.460675408824629,0.4214659685863874,342,0.4269005847953216,-4.460675408824629,6.881983986909911,19,0.5882352941176471
SPXW,"d65ret,d80_front",0.0,1,score_desc,d65ret,22,3,15,False,False,False,False,False,-15.39571265833025,-7.857361072091738,-15.39571265833025,93,0.43010752688172044,1.364434853937889,4.858021045456861,0.052236785435020014,-2.6999999999999984,0.21505376344086022,82,0.43902439024390244,-2.699999999999999,0.7204579739878114,0,0.6666666666666666,133,0.44360902255639095,0.9726248594036788,-0.5129435238478826,-0.0038567182244201694,-2.6798183423520623,0.23308270676691728,128,0.453125,-2.6798183423520623,-4.873830906853197,20,0.5,382,0.43717277486910994,1.0135166024863849,0.6829425945976886,0.001787807839260965,-4.460675408824629,0.4214659685863874,342,0.4269005847953216,-4.460675408824629,6.881983986909911,19,0.5882352941176471
SPXW,"d65ret,d80_front",0.0,1,score_desc,d65ret,22,4,0,False,False,False,False,False,-15.39571265833025,-7.857361072091738,-15.39571265833025,93,0.43010752688172044,1.364434853937889,4.858021045456861,0.052236785435020014,-2.6999999999999984,0.21505376344086022,82,0.43902439024390244,-2.699999999999999,0.7204579739878114,0,0.6666666666666666,133,0.44360902255639095,0.9726248594036788,-0.5129435238478826,-0.0038567182244201694,-2.6798183423520623,0.23308270676691728,128,0.453125,-2.6798183423520623,-4.873830906853197,20,0.5,382,0.43717277486910994,1.0135166024863849,0.6829425945976886,0.001787807839260965,-4.460675408824629,0.4214659685863874,342,0.4269005847953216,-4.460675408824629,6.881983986909911,19,0.5882352941176471
SPXW,"d65ret,d80_front",0.0,1,score_desc,d65ret,22,4,15,False,False,False,False,False,-15.39571265833025,-7.857361072091738,-15.39571265833025,93,0.43010752688172044,1.364434853937889,4.858021045456861,0.052236785435020014,-2.6999999999999984,0.21505376344086022,82,0.43902439024390244,-2.699999999999999,0.7204579739878114,0,0.6666666666666666,133,0.44360902255639095,0.9726248594036788,-0.5129435238478826,-0.0038567182244201694,-2.6798183423520623,0.23308270676691728,128,0.453125,-2.6798183423520623,-4.873830906853197,20,0.5,382,0.43717277486910994,1.0135166024863849,0.6829425945976886,0.001787807839260965,-4.460675408824629,0.4214659685863874,342,0.4269005847953216,-4.460675408824629,6.881983986909911,19,0.5882352941176471
SPXW,"d65ret,d80_front",0.0,1,score_desc,d65ret,22,3,30,False,False,False,False,False,-15.39571265833025,-7.857361072091738,-15.39571265833025,93,0.43010752688172044,1.364434853937889,4.858021045456861,0.052236785435020014,-2.6999999999999984,0.21505376344086022,82,0.43902439024390244,-2.699999999999999,0.7204579739878114,0,0.6666666666666666,133,0.44360902255639095,0.9726248594036788,-0.5129435238478826,-0.0038567182244201694,-2.6798183423520623,0.23308270676691728,128,0.453125,-2.6798183423520623,-4.873830906853197,20,0.5,381,0.43832020997375326,1.012139553062781,0.6123903718118135,0.0016073238105296943,-4.380347514957762,0.4199475065616798,342,0.4298245614035088,-4.380347514957762,7.674843067983932,19,0.5882352941176471
SPXW,"d65ret,d80_front",0.0,1,score_desc,d65ret,22,4,30,False,False,False,False,False,-15.39571265833025,-7.857361072091738,-15.39571265833025,93,0.43010752688172044,1.364434853937889,4.858021045456861,0.052236785435020014,-2.6999999999999984,0.21505376344086022,82,0.43902439024390244,-2.699999999999999,0.7204579739878114,0,0.6666666666666666,133,0.44360902255639095,0.9726248594036788,-0.5129435238478826,-0.0038567182244201694,-2.6798183423520623,0.23308270676691728,128,0.453125,-2.6798183423520623,-4.873830906853197,20,0.5,381,0.43832020997375326,1.012139553062781,0.6123903718118135,0.0016073238105296943,-4.380347514957762,0.4199475065616798,342,0.4298245614035088,-4.380347514957762,7.674843067983932,19,0.5882352941176471
SPXW,"d65ret,d80_front",-999999.0,1,score_desc,d65ret,22,3,0,False,False,False,False,False,-15.39571265833025,-7.857361072091738,-15.39571265833025,93,0.43010752688172044,1.364434853937889,4.858021045456861,0.052236785435020014,-2.6999999999999984,0.21505376344086022,82,0.43902439024390244,-2.699999999999999,0.7204579739878114,0,0.6666666666666666,133,0.44360902255639095,0.9726248594036788,-0.5129435238478826,-0.0038567182244201694,-2.6798183423520623,0.23308270676691728,128,0.453125,-2.6798183423520623,-4.873830906853197,20,0.5,385,0.43116883116883115,1.0017370853832739,0.08866264484060782,0.00023029258400157876,-4.984820179606139,0.41818181818181815,345,0.42318840579710143,-4.778651978123954,53.00992327094875,19,0.5882352941176471
SPXW,"d65ret,d80_front",-999999.0,1,score_desc,d65ret,22,3,15,False,False,False,False,False,-15.39571265833025,-7.857361072091738,-15.39571265833025,93,0.43010752688172044,1.364434853937889,4.858021045456861,0.052236785435020014,-2.6999999999999984,0.21505376344086022,82,0.43902439024390244,-2.699999999999999,0.7204579739878114,0,0.6666666666666666,133,0.44360902255639095,0.9726248594036788,-0.5129435238478826,-0.0038567182244201694,-2.6798183423520623,0.23308270676691728,128,0.453125,-2.6798183423520623,-4.873830906853197,20,0.5,385,0.43116883116883115,1.0017370853832739,0.08866264484060782,0.00023029258400157876,-4.984820179606139,0.41818181818181815,345,0.42318840579710143,-4.778651978123954,53.00992327094875,19,0.5882352941176471
SPXW,"d65ret,d80_front",-999999.0,1,score_desc,d65ret,22,4,0,False,False,False,False,False,-15.39571265833025,-7.857361072091738,-15.39571265833025,93,0.43010752688172044,1.364434853937889,4.858021045456861,0.052236785435020014,-2.6999999999999984,0.21505376344086022,82,0.43902439024390244,-2.699999999999999,0.7204579739878114,0,0.6666666666666666,133,0.44360902255639095,0.9726248594036788,-0.5129435238478826,-0.0038567182244201694,-2.6798183423520623,0.23308270676691728,128,0.453125,-2.6798183423520623,-4.873830906853197,20,0.5,385,0.43116883116883115,1.0017370853832739,0.08866264484060782,0.00023029258400157876,-4.984820179606139,0.41818181818181815,345,0.42318840579710143,-4.778651978123954,53.00992327094875,19,0.5882352941176471
SPXW,"d65ret,d80_front",-999999.0,1,score_desc,d65ret,22,4,15,False,False,False,False,False,-15.39571265833025,-7.857361072091738,-15.39571265833025,93,0.43010752688172044,1.364434853937889,4.858021045456861,0.052236785435020014,-2.6999999999999984,0.21505376344086022,82,0.43902439024390244,-2.699999999999999,0.7204579739878114,0,0.6666666666666666,133,0.44360902255639095,0.9726248594036788,-0.5129435238478826,-0.0038567182244201694,-2.6798183423520623,0.23308270676691728,128,0.453125,-2.6798183423520623,-4.873830906853197,20,0.5,385,0.43116883116883115,1.0017370853832739,0.08866264484060782,0.00023029258400157876,-4.984820179606139,0.41818181818181815,345,0.42318840579710143,-4.778651978123954,53.00992327094875,19,0.5882352941176471
SPXW,"d65ret,d80_front",-999999.0,1,score_desc,d65ret,22,3,30,False,False,False,False,False,-15.39571265833025,-7.857361072091738,-15.39571265833025,93,0.43010752688172044,1.364434853937889,4.858021045456861,0.052236785435020014,-2.6999999999999984,0.21505376344086022,82,0.43902439024390244,-2.699999999999999,0.7204579739878114,0,0.6666666666666666,133,0.44360902255639095,0.9726248594036788,-0.5129435238478826,-0.0038567182244201694,-2.6798183423520623,0.23308270676691728,128,0.453125,-2.6798183423520623,-4.873830906853197,20,0.5,384,0.4322916666666667,1.000355380080908,0.018110422054734343,4.716255743420402e-05,-4.904492285739272,0.4166666666666667,345,0.4260869565217391,-4.698324084257087,259.5190761317099,19,0.5882352941176471
SPXW,"d65ret,d80_front",-999999.0,1,score_desc,d65ret,22,4,30,False,False,False,False,False,-15.39571265833025,-7.857361072091738,-15.39571265833025,93,0.43010752688172044,1.364434853937889,4.858021045456861,0.052236785435020014,-2.6999999999999984,0.21505376344086022,82,0.43902439024390244,-2.699999999999999,0.7204579739878114,0,0.6666666666666666,133,0.44360902255639095,0.9726248594036788,-0.5129435238478826,-0.0038567182244201694,-2.6798183423520623,0.23308270676691728,128,0.453125,-2.6798183423520623,-4.873830906853197,20,0.5,384,0.4322916666666667,1.000355380080908,0.018110422054734343,4.716255743420402e-05,-4.904492285739272,0.4166666666666667,345,0.4260869565217391,-4.698324084257087,259.5190761317099,19,0.5882352941176471
SPXW,"d65ret,d80_front",0.0,1,score_desc,d80_zero,21,2,30,False,False,False,False,False,-15.421192498133884,-9.607816183420127,-15.421192498133884,84,0.42857142857142855,1.410014718529622,4.850591625288552,0.057745138396292285,-2.3999999999999986,0.2261904761904762,82,0.43902439024390244,-2.3999999999999986,0.5154010465375509,0,0.5,134,0.43283582089552236,0.9455173464494574,-1.0611306194540173,-0.0079188852198061,-2.7242911757522443,0.21641791044776118,128,0.4375,-2.7242911757522443,-2.355977628170152,20,0.5,356,0.4353932584269663,1.0288404122662111,1.3865637249912846,0.003894841924132822,-4.9032177781877335,0.41853932584269665,334,0.4431137724550898,-4.903217778187735,3.0739867466418316,18,0.6470588235294118
SPXW,"d65ret,d80_front",0.0,1,score_desc,d80_zero,21,3,30,False,False,False,False,False,-15.421192498133884,-9.607816183420127,-15.421192498133884,84,0.42857142857142855,1.410014718529622,4.850591625288552,0.057745138396292285,-2.3999999999999986,0.2261904761904762,82,0.43902439024390244,-2.3999999999999986,0.5154010465375509,0,0.5,134,0.43283582089552236,0.9455173464494574,-1.0611306194540173,-0.0079188852198061,-2.7242911757522443,0.21641791044776118,128,0.4375,-2.7242911757522443,-2.355977628170152,20,0.5,356,0.4353932584269663,1.0288404122662111,1.3865637249912837,0.0038948419241328193,-4.9032177781877335,0.41853932584269665,334,0.4431137724550898,-4.903217778187735,3.0739867466418334,18,0.6470588235294118
SPXW,"d65ret,d80_front",0.0,1,score_desc,d80_zero,21,4,30,False,False,False,False,False,-15.421192498133884,-9.607816183420127,-15.421192498133884,84,0.42857142857142855,1.410014718529622,4.850591625288552,0.057745138396292285,-2.3999999999999986,0.2261904761904762,82,0.43902439024390244,-2.3999999999999986,0.5154010465375509,0,0.5,134,0.43283582089552236,0.9455173464494574,-1.0611306194540173,-0.0079188852198061,-2.7242911757522443,0.21641791044776118,128,0.4375,-2.7242911757522443,-2.355977628170152,20,0.5,356,0.4353932584269663,1.0288404122662111,1.3865637249912837,0.0038948419241328193,-4.9032177781877335,0.41853932584269665,334,0.4431137724550898,-4.903217778187735,3.0739867466418334,18,0.6470588235294118
SPXW,"d65ret,d80_front",0.0,1,score_desc,d80_zero,21,2,0,False,False,False,False,False,-15.421192498133884,-6.856649744356112,-15.421192498133884,84,0.42857142857142855,1.410014718529622,4.850591625288552,0.057745138396292285,-2.3999999999999986,0.2261904761904762,82,0.43902439024390244,-2.3999999999999986,0.5154010465375509,0,0.5,134,0.44776119402985076,0.9902151020505848,-0.184704485621618,-0.001378391683743418,-2.518737244774993,0.22388059701492538,128,0.4375,-2.518737244774993,-13.535134198751681,20,0.5,357,0.4341736694677871,1.0274681120190656,1.329257515880744,0.003723410408629535,-4.918857356688738,0.41456582633053224,333,0.43843843843843844,-4.918857356688739,3.2197878714176955,18,0.6470588235294118
SPXW,"d65ret,d80_front",0.0,1,score_desc,d80_zero,21,3,0,False,False,False,False,False,-15.421192498133884,-6.856649744356112,-15.421192498133884,84,0.42857142857142855,1.410014718529622,4.850591625288552,0.057745138396292285,-2.3999999999999986,0.2261904761904762,82,0.43902439024390244,-2.3999999999999986,0.5154010465375509,0,0.5,134,0.44776119402985076,0.9902151020505848,-0.184704485621618,-0.001378391683743418,-2.518737244774993,0.22388059701492538,128,0.4375,-2.518737244774993,-13.535134198751681,20,0.5,357,0.4341736694677871,1.0274681120190656,1.329257515880744,0.003723410408629535,-4.918857356688738,0.41456582633053224,333,0.43843843843843844,-4.918857356688739,3.290737283924562,18,0.6470588235294118
SPXW,"d65ret,d80_front",0.0,1,score_desc,d80_zero,21,4,0,False,False,False,False,False,-15.421192498133884,-6.856649744356112,-15.421192498133884,84,0.42857142857142855,1.410014718529622,4.850591625288552,0.057745138396292285,-2.3999999999999986,0.2261904761904762,82,0.43902439024390244,-2.3999999999999986,0.5154010465375509,0,0.5,134,0.44776119402985076,0.9902151020505848,-0.184704485621618,-0.001378391683743418,-2.518737244774993,0.22388059701492538,128,0.4375,-2.518737244774993,-13.535134198751681,20,0.5,357,0.4341736694677871,1.0274681120190656,1.329257515880744,0.003723410408629535,-4.918857356688738,0.41456582633053224,333,0.43843843843843844,-4.918857356688739,3.290737283924562,18,0.6470588235294118
SPXW,"d65ret,d80_front",0.0,1,score_desc,d80_zero,21,2,15,False,False,False,False,False,-15.421192498133884,-8.523180140094484,-15.421192498133884,84,0.42857142857142855,1.410014718529622,4.850591625288552,0.057745138396292285,-2.3999999999999986,0.2261904761904762,82,0.43902439024390244,-2.3999999999999986,0.5154010465375509,0,0.5,134,0.44029850746268656,0.961765797876288,-0.7331976279455699,-0.005471624089146043,-2.518737244774993,0.22388059701492538,128,0.4375,-2.518737244774993,-3.409721887678545,20,0.5,357,0.4341736694677871,1.0221298462248878,1.0709241464902806,0.002999787525182859,-4.91885735668874,0.4173669467787115,334,0.4431137724550898,-4.91885735668874,3.9800003837491413,18,0.6470588235294118
SPXW,"d65ret,d80_front",0.0,1,score_desc,d80_zero,21,3,15,False,False,False,False,False,-15.421192498133884,-8.523180140094484,-15.421192498133884,84,0.42857142857142855,1.410014718529622,4.850591625288552,0.057745138396292285,-2.3999999999999986,0.2261904761904762,82,0.43902439024390244,-2.3999999999999986,0.5154010465375509,0,0.5,134,0.44029850746268656,0.961765797876288,-0.7331976279455699,-0.005471624089146043,-2.518737244774993,0.22388059701492538,128,0.4375,-2.518737244774993,-3.409721887678545,20,0.5,357,0.4341736694677871,1.0221298462248878,1.0709241464902806,0.002999787525182859,-4.91885735668874,0.4173669467787115,334,0.4431137724550898,-4.91885735668874,3.9800003837491413,18,0.6470588235294118
SPXW,"d65ret,d80_front",0.0,1,score_desc,d80_zero,21,4,15,False,False,False,False,False,-15.421192498133884,-8.523180140094484,-15.421192498133884,84,0.42857142857142855,1.410014718529622,4.850591625288552,0.057745138396292285,-2.3999999999999986,0.2261904761904762,82,0.43902439024390244,-2.3999999999999986,0.5154010465375509,0,0.5,134,0.44029850746268656,0.961765797876288,-0.7331976279455699,-0.005471624089146043,-2.518737244774993,0.22388059701492538,128,0.4375,-2.518737244774993,-3.409721887678545,20,0.5,357,0.4341736694677871,1.0221298462248878,1.0709241464902806,0.002999787525182859,-4.91885735668874,0.4173669467787115,334,0.4431137724550898,-4.91885735668874,3.9800003837491413,18,0.6470588235294118
SPXW,"d65ret,d80_front",-999999.0,1,score_desc,d80_zero,21,2,0,False,False,False,False,False,-15.421192498133884,-6.856649744356112,-15.421192498133884,84,0.42857142857142855,1.410014718529622,4.850591625288552,0.057745138396292285,-2.3999999999999986,0.2261904761904762,82,0.43902439024390244,-2.3999999999999986,0.5154010465375509,0,0.5,134,0.44776119402985076,0.9902151020505848,-0.184704485621618,-0.001378391683743418,-2.518737244774993,0.22388059701492538,128,0.4375,-2.518737244774993,-13.535134198751681,20,0.5,366,0.42896174863387976,1.0151572828681483,0.7497353863942195,0.002048457339874917,-5.994703477251707,0.412568306010929,345,0.4318840579710145,-5.994703477251708,5.708583728730658,19,0.7058823529411765
SPXW,"d65ret,d80_front",-999999.0,1,score_desc,d80_zero,21,3,0,False,False,False,False,False,-15.421192498133884,-6.856649744356112,-15.421192498133884,84,0.42857142857142855,1.410014718529622,4.850591625288552,0.057745138396292285,-2.3999999999999986,0.2261904761904762,82,0.43902439024390244,-2.3999999999999986,0.5154010465375509,0,0.5,134,0.44776119402985076,0.9902151020505848,-0.184704485621618,-0.001378391683743418,-2.518737244774993,0.22388059701492538,128,0.4375,-2.518737244774993,-13.535134198751681,20,0.5,366,0.42896174863387976,1.0151572828681483,0.7497353863942195,0.002048457339874917,-5.994703477251707,0.412568306010929,345,0.4318840579710145,-5.994703477251708,5.834374829875891,19,0.7058823529411765
SPXW,"d65ret,d80_front",-999999.0,1,score_desc,d80_zero,21,4,0,False,False,False,False,False,-15.421192498133884,-6.856649744356112,-15.421192498133884,84,0.42857142857142855,1.410014718529622,4.850591625288552,0.057745138396292285,-2.3999999999999986,0.2261904761904762,82,0.43902439024390244,-2.3999999999999986,0.5154010465375509,0,0.5,134,0.44776119402985076,0.9902151020505848,-0.184704485621618,-0.001378391683743418,-2.518737244774993,0.22388059701492538,128,0.4375,-2.518737244774993,-13.535134198751681,20,0.5,366,0.42896174863387976,1.0151572828681483,0.7497353863942195,0.002048457339874917,-5.994703477251707,0.412568306010929,345,0.4318840579710145,-5.994703477251708,5.834374829875891,19,0.7058823529411765
SPXW,"d65ret,d80_front",-999999.0,1,score_desc,d80_zero,21,2,30,False,False,False,False,False,-15.421192498133884,-9.607816183420127,-15.421192498133884,84,0.42857142857142855,1.410014718529622,4.850591625288552,0.057745138396292285,-2.3999999999999986,0.2261904761904762,82,0.43902439024390244,-2.3999999999999986,0.5154010465375509,0,0.5,134,0.43283582089552236,0.9455173464494574,-1.0611306194540173,-0.0079188852198061,-2.7242911757522443,0.21641791044776118,128,0.4375,-2.7242911757522443,-2.355977628170152,20,0.5,366,0.4262295081967213,0.9993039923465418,-0.03462503510477655,-9.460392105130204e-05,-5.979063898750707,0.412568306010929,345,0.4318840579710145,-5.979063898750707,-123.09817162927739,19,0.7058823529411765
SPXW,"d65ret,d80_front",-999999.0,1,score_desc,d80_zero,21,3,30,False,False,False,False,False,-15.421192498133884,-9.607816183420127,-15.421192498133884,84,0.42857142857142855,1.410014718529622,4.850591625288552,0.057745138396292285,-2.3999999999999986,0.2261904761904762,82,0.43902439024390244,-2.3999999999999986,0.5154010465375509,0,0.5,134,0.43283582089552236,0.9455173464494574,-1.0611306194540173,-0.0079188852198061,-2.7242911757522443,0.21641791044776118,128,0.4375,-2.7242911757522443,-2.355977628170152,20,0.5,366,0.4262295081967213,0.9993039923465418,-0.03462503510477699,-9.460392105130325e-05,-5.979063898750707,0.412568306010929,345,0.4318840579710145,-5.979063898750707,-123.09817162927581,19,0.7058823529411765
SPXW,"d65ret,d80_front",-999999.0,1,score_desc,d80_zero,21,4,30,False,False,False,False,False,-15.421192498133884,-9.607816183420127,-15.421192498133884,84,0.42857142857142855,1.410014718529622,4.850591625288552,0.057745138396292285,-2.3999999999999986,0.2261904761904762,82,0.43902439024390244,-2.3999999999999986,0.5154010465375509,0,0.5,134,0.43283582089552236,0.9455173464494574,-1.0611306194540173,-0.0079188852198061,-2.7242911757522443,0.21641791044776118,128,0.4375,-2.7242911757522443,-2.355977628170152,20,0.5,366,0.4262295081967213,0.9993039923465418,-0.03462503510477699,-9.460392105130325e-05,-5.979063898750707,0.412568306010929,345,0.4318840579710145,-5.979063898750707,-123.09817162927581,19,0.7058823529411765
SPXW,"d65ret,d80_front",-999999.0,1,score_desc,d80_zero,21,2,15,False,False,False,False,False,-15.421192498133884,-8.523180140094484,-15.421192498133884,84,0.42857142857142855,1.410014718529622,4.850591625288552,0.057745138396292285,-2.3999999999999986,0.2261904761904762,82,0.43902439024390244,-2.3999999999999986,0.5154010465375509,0,0.5,134,0.44029850746268656,0.961765797876288,-0.7331976279455699,-0.005471624089146043,-2.518737244774993,0.22388059701492538,128,0.4375,-2.518737244774993,-3.409721887678545,20,0.5,366,0.4262295081967213,0.9989899342823029,-0.05026461360578027,-0.00013733500985185868,-5.99470347725171,0.412568306010929,345,0.4318840579710145,-5.9947034772517105,-84.79680252644754,19,0.7058823529411765
SPXW,"d65ret,d80_front",-999999.0,1,score_desc,d80_zero,21,3,15,False,False,False,False,False,-15.421192498133884,-8.523180140094484,-15.421192498133884,84,0.42857142857142855,1.410014718529622,4.850591625288552,0.057745138396292285,-2.3999999999999986,0.2261904761904762,82,0.43902439024390244,-2.3999999999999986,0.5154010465375509,0,0.5,134,0.44029850746268656,0.961765797876288,-0.7331976279455699,-0.005471624089146043,-2.518737244774993,0.22388059701492538,128,0.4375,-2.518737244774993,-3.409721887678545,20,0.5,366,0.4262295081967213,0.9989899342823029,-0.05026461360578072,-0.00013733500985185987,-5.99470347725171,0.412568306010929,345,0.4318840579710145,-5.9947034772517105,-84.7968025264468,19,0.7058823529411765
SPXW,"d65ret,d80_front",-999999.0,1,score_desc,d80_zero,21,4,15,False,False,False,False,False,-15.421192498133884,-8.523180140094484,-15.421192498133884,84,0.42857142857142855,1.410014718529622,4.850591625288552,0.057745138396292285,-2.3999999999999986,0.2261904761904762,82,0.43902439024390244,-2.3999999999999986,0.5154010465375509,0,0.5,134,0.44029850746268656,0.961765797876288,-0.7331976279455699,-0.005471624089146043,-2.518737244774993,0.22388059701492538,128,0.4375,-2.518737244774993,-3.409721887678545,20,0.5,366,0.4262295081967213,0.9989899342823029,-0.05026461360578072,-0.00013733500985185987,-5.99470347725171,0.412568306010929,345,0.4318840579710145,-5.9947034772517105,-84.7968025264468,19,0.7058823529411765
SPXW,"d50ret,d65ret,d80_zero",-999999.0,1,score_desc,d80,22,1,0,False,False,False,False,False,-15.424189895944352,13.374927669160133,-15.424189895944352,102,0.47058823529411764,1.299460450880863,4.41978014106018,0.043331177853531175,-2.3999999999999986,0.18627450980392157,102,0.47058823529411764,-2.3999999999999986,0.5656389956538248,0,0.5,128,0.4140625,1.0429055615164775,0.9323320153252606,0.007283843869728598,-3.9058859027804127,0.2265625,128,0.4140625,-3.9058859027804127,2.681448195391886,20,0.3333333333333333,351,0.42450142450142453,1.125838697038866,6.170713014596841,0.01758037895896536,-3.9116155046511105,0.4586894586894587,351,0.42450142450142453,-3.9116155046511105,0.4051395671920315,19,0.5294117647058824
SPXW,"d50ret,d65ret,d80_zero",-999999.0,1,score_desc,d80,22,1,15,False,False,False,False,False,-15.424189895944352,13.374927669160133,-15.424189895944352,102,0.47058823529411764,1.299460450880863,4.41978014106018,0.043331177853531175,-2.3999999999999986,0.18627450980392157,102,0.47058823529411764,-2.3999999999999986,0.5656389956538248,0,0.5,128,0.4140625,1.0429055615164775,0.9323320153252606,0.007283843869728598,-3.9058859027804127,0.2265625,128,0.4140625,-3.9058859027804127,2.681448195391886,20,0.3333333333333333,351,0.42450142450142453,1.125838697038866,6.170713014596841,0.01758037895896536,-3.9116155046511105,0.4586894586894587,351,0.42450142450142453,-3.9116155046511105,0.4051395671920315,19,0.5294117647058824
SPXW,"d50ret,d65ret,d80_zero",-999999.0,1,score_desc,d80,22,1,30,False,False,False,False,False,-15.424189895944352,13.374927669160133,-15.424189895944352,102,0.47058823529411764,1.299460450880863,4.41978014106018,0.043331177853531175,-2.3999999999999986,0.18627450980392157,102,0.47058823529411764,-2.3999999999999986,0.5656389956538248,0,0.5,128,0.4140625,1.0429055615164775,0.9323320153252606,0.007283843869728598,-3.9058859027804127,0.2265625,128,0.4140625,-3.9058859027804127,2.681448195391886,20,0.3333333333333333,351,0.42450142450142453,1.125838697038866,6.170713014596841,0.01758037895896536,-3.9116155046511105,0.4586894586894587,351,0.42450142450142453,-3.9116155046511105,0.4051395671920315,19,0.5294117647058824
SPXW,"d50ret,d65ret,d80_zero",-999999.0,1,score_desc,d80,21,1,0,False,False,False,False,False,-15.424189895944352,-11.318265912751578,-15.424189895944352,102,0.47058823529411764,1.299460450880863,4.41978014106018,0.043331177853531175,-2.3999999999999986,0.18627450980392157,102,0.47058823529411764,-2.3999999999999986,0.5656389956538248,0,0.5,128,0.390625,0.9520761456412176,-1.0845103050749165,-0.008472736758397785,-4.870643923119595,0.234375,128,0.390625,-4.870643923119595,-2.3051878698628903,20,0.3333333333333333,351,0.42165242165242167,1.114595308678032,5.634313147963652,0.016052174210722654,-3.9116155046511105,0.4586894586894587,351,0.42165242165242167,-3.9116155046511105,0.44370980709575003,19,0.47058823529411764
SPXW,"d50ret,d65ret,d80_zero",-999999.0,1,score_desc,d80,21,1,15,False,False,False,False,False,-15.424189895944352,-11.318265912751578,-15.424189895944352,102,0.47058823529411764,1.299460450880863,4.41978014106018,0.043331177853531175,-2.3999999999999986,0.18627450980392157,102,0.47058823529411764,-2.3999999999999986,0.5656389956538248,0,0.5,128,0.390625,0.9520761456412176,-1.0845103050749165,-0.008472736758397785,-4.870643923119595,0.234375,128,0.390625,-4.870643923119595,-2.3051878698628903,20,0.3333333333333333,351,0.42165242165242167,1.114595308678032,5.634313147963652,0.016052174210722654,-3.9116155046511105,0.4586894586894587,351,0.42165242165242167,-3.9116155046511105,0.44370980709575003,19,0.47058823529411764
SPXW,"d50ret,d65ret,d80_zero",-999999.0,1,score_desc,d80,21,1,30,False,False,False,False,False,-15.424189895944352,-11.318265912751578,-15.424189895944352,102,0.47058823529411764,1.299460450880863,4.41978014106018,0.043331177853531175,-2.3999999999999986,0.18627450980392157,102,0.47058823529411764,-2.3999999999999986,0.5656389956538248,0,0.5,128,0.390625,0.9520761456412176,-1.0845103050749165,-0.008472736758397785,-4.870643923119595,0.234375,128,0.390625,-4.870643923119595,-2.3051878698628903,20,0.3333333333333333,351,0.42165242165242167,1.114595308678032,5.634313147963652,0.016052174210722654,-3.9116155046511105,0.4586894586894587,351,0.42165242165242167,-3.9116155046511105,0.44370980709575003,19,0.47058823529411764
SPXW,"d50ret,d65ret,d80_zero",0.0,1,score_desc,d80,21,1,0,False,False,False,False,False,-15.424189895944352,-11.318265912751578,-15.424189895944352,102,0.47058823529411764,1.299460450880863,4.41978014106018,0.043331177853531175,-2.3999999999999986,0.18627450980392157,102,0.47058823529411764,-2.3999999999999986,0.5656389956538248,0,0.5,128,0.390625,0.9520761456412176,-1.0845103050749165,-0.008472736758397785,-4.870643923119595,0.234375,128,0.390625,-4.870643923119595,-2.3051878698628903,20,0.3333333333333333,341,0.41642228739002934,1.1032439741732394,5.00144420262142,0.014666991796543755,-4.01161550465111,0.4222873900293255,341,0.41642228739002934,-4.01161550465111,0.4998556214402369,17,0.47058823529411764
SPXW,"d50ret,d65ret,d80_zero",0.0,1,score_desc,d80,21,1,15,False,False,False,False,False,-15.424189895944352,-11.318265912751578,-15.424189895944352,102,0.47058823529411764,1.299460450880863,4.41978014106018,0.043331177853531175,-2.3999999999999986,0.18627450980392157,102,0.47058823529411764,-2.3999999999999986,0.5656389956538248,0,0.5,128,0.390625,0.9520761456412176,-1.0845103050749165,-0.008472736758397785,-4.870643923119595,0.234375,128,0.390625,-4.870643923119595,-2.3051878698628903,20,0.3333333333333333,341,0.41642228739002934,1.1032439741732394,5.00144420262142,0.014666991796543755,-4.01161550465111,0.4222873900293255,341,0.41642228739002934,-4.01161550465111,0.4998556214402369,17,0.47058823529411764
SPXW,"d50ret,d65ret,d80_zero",0.0,1,score_desc,d80,21,1,30,False,False,False,False,False,-15.424189895944352,-11.318265912751578,-15.424189895944352,102,0.47058823529411764,1.299460450880863,4.41978014106018,0.043331177853531175,-2.3999999999999986,0.18627450980392157,102,0.47058823529411764,-2.3999999999999986,0.5656389956538248,0,0.5,128,0.390625,0.9520761456412176,-1.0845103050749165,-0.008472736758397785,-4.870643923119595,0.234375,128,0.390625,-4.870643923119595,-2.3051878698628903,20,0.3333333333333333,341,0.41642228739002934,1.1032439741732394,5.00144420262142,0.014666991796543755,-4.01161550465111,0.4222873900293255,341,0.41642228739002934,-4.01161550465111,0.4998556214402369,17,0.47058823529411764
SPXW,"d50ret,d65ret,d80_zero",0.0,1,score_desc,d80,22,1,0,False,False,False,False,False,-15.424189895944352,13.374927669160133,-15.424189895944352,102,0.47058823529411764,1.299460450880863,4.41978014106018,0.043331177853531175,-2.3999999999999986,0.18627450980392157,102,0.47058823529411764,-2.3999999999999986,0.5656389956538248,0,0.5,128,0.4140625,1.0429055615164775,0.9323320153252606,0.007283843869728598,-3.9058859027804127,0.2265625,128,0.4140625,-3.9058859027804127,2.681448195391886,20,0.3333333333333333,342,0.4152046783625731,1.0964538005783966,4.701444202621421,0.013746912873162051,-4.01161550465111,0.42105263157894735,342,0.4152046783625731,-4.01161550465111,0.5317514985301868,17,0.47058823529411764
SPXW,"d50ret,d65ret,d80_zero",0.0,1,score_desc,d80,22,1,15,False,False,False,False,False,-15.424189895944352,13.374927669160133,-15.424189895944352,102,0.47058823529411764,1.299460450880863,4.41978014106018,0.043331177853531175,-2.3999999999999986,0.18627450980392157,102,0.47058823529411764,-2.3999999999999986,0.5656389956538248,0,0.5,128,0.4140625,1.0429055615164775,0.9323320153252606,0.007283843869728598,-3.9058859027804127,0.2265625,128,0.4140625,-3.9058859027804127,2.681448195391886,20,0.3333333333333333,342,0.4152046783625731,1.0964538005783966,4.701444202621421,0.013746912873162051,-4.01161550465111,0.42105263157894735,342,0.4152046783625731,-4.01161550465111,0.5317514985301868,17,0.47058823529411764
SPXW,"d50ret,d65ret,d80_zero",0.0,1,score_desc,d80,22,1,30,False,False,False,False,False,-15.424189895944352,13.374927669160133,-15.424189895944352,102,0.47058823529411764,1.299460450880863,4.41978014106018,0.043331177853531175,-2.3999999999999986,0.18627450980392157,102,0.47058823529411764,-2.3999999999999986,0.5656389956538248,0,0.5,128,0.4140625,1.0429055615164775,0.9323320153252606,0.007283843869728598,-3.9058859027804127,0.2265625,128,0.4140625,-3.9058859027804127,2.681448195391886,20,0.3333333333333333,342,0.4152046783625731,1.0964538005783966,4.701444202621421,0.013746912873162051,-4.01161550465111,0.42105263157894735,342,0.4152046783625731,-4.01161550465111,0.5317514985301868,17,0.47058823529411764
SPXW,"d65ret,d80_front,d80_zero",0.0,1,score_desc,d80,21,1,0,False,False,False,False,False,-15.426978942475763,-12.006843413048736,-15.426978942475763,102,0.4803921568627451,1.293909145840268,4.245151622503972,0.041619133553960505,-2.3999999999999986,0.18627450980392157,102,0.4803921568627451,-2.3999999999999986,0.588907116237557,0,0.5,128,0.390625,0.9382091489302493,-1.3578732932515722,-0.010608385103527908,-3.801803839586306,0.234375,128,0.390625,-3.801803839586306,-1.8411143458116652,20,0.3333333333333333,348,0.4281609195402299,1.0778606220916012,3.635486624405848,0.01044680064484439,-4.349170508083679,0.4166666666666667,348,0.4281609195402299,-4.349170508083679,0.687665850072706,19,0.5882352941176471
SPXW,"d65ret,d80_front,d80_zero",0.0,1,score_desc,d80,21,1,15,False,False,False,False,False,-15.426978942475763,-12.006843413048736,-15.426978942475763,102,0.4803921568627451,1.293909145840268,4.245151622503972,0.041619133553960505,-2.3999999999999986,0.18627450980392157,102,0.4803921568627451,-2.3999999999999986,0.588907116237557,0,0.5,128,0.390625,0.9382091489302493,-1.3578732932515722,-0.010608385103527908,-3.801803839586306,0.234375,128,0.390625,-3.801803839586306,-1.8411143458116652,20,0.3333333333333333,348,0.4281609195402299,1.0778606220916012,3.635486624405848,0.01044680064484439,-4.349170508083679,0.4166666666666667,348,0.4281609195402299,-4.349170508083679,0.687665850072706,19,0.5882352941176471
SPXW,"d65ret,d80_front,d80_zero",0.0,1,score_desc,d80,21,1,30,False,False,False,False,False,-15.426978942475763,-12.006843413048736,-15.426978942475763,102,0.4803921568627451,1.293909145840268,4.245151622503972,0.041619133553960505,-2.3999999999999986,0.18627450980392157,102,0.4803921568627451,-2.3999999999999986,0.588907116237557,0,0.5,128,0.390625,0.9382091489302493,-1.3578732932515722,-0.010608385103527908,-3.801803839586306,0.234375,128,0.390625,-3.801803839586306,-1.8411143458116652,20,0.3333333333333333,348,0.4281609195402299,1.0778606220916012,3.635486624405848,0.01044680064484439,-4.349170508083679,0.4166666666666667,348,0.4281609195402299,-4.349170508083679,0.687665850072706,19,0.5882352941176471
SPXW,"d65ret,d80_front,d80_zero",-999999.0,1,score_desc,d80,22,1,0,False,False,False,False,False,-15.426978942475763,13.017661373458836,-15.426978942475763,102,0.4803921568627451,1.293909145840268,4.245151622503972,0.041619133553960505,-2.3999999999999986,0.18627450980392157,102,0.4803921568627451,-2.3999999999999986,0.588907116237557,0,0.5,128,0.4140625,1.0312673423600942,0.6589690271486051,0.005148195524598477,-2.866242073037726,0.234375,128,0.4140625,-2.866242073037726,3.7938050151122225,20,0.3333333333333333,351,0.42735042735042733,1.072512865063714,3.4118619536975796,0.00972040442648883,-4.349170508083679,0.4301994301994302,351,0.42735042735042733,-4.349170508083679,0.7327377349750753,19,0.5294117647058824
SPXW,"d65ret,d80_front,d80_zero",-999999.0,1,score_desc,d80,22,1,15,False,False,False,False,False,-15.426978942475763,13.017661373458836,-15.426978942475763,102,0.4803921568627451,1.293909145840268,4.245151622503972,0.041619133553960505,-2.3999999999999986,0.18627450980392157,102,0.4803921568627451,-2.3999999999999986,0.588907116237557,0,0.5,128,0.4140625,1.0312673423600942,0.6589690271486051,0.005148195524598477,-2.866242073037726,0.234375,128,0.4140625,-2.866242073037726,3.7938050151122225,20,0.3333333333333333,351,0.42735042735042733,1.072512865063714,3.4118619536975796,0.00972040442648883,-4.349170508083679,0.4301994301994302,351,0.42735042735042733,-4.349170508083679,0.7327377349750753,19,0.5294117647058824
SPXW,"d65ret,d80_front,d80_zero",-999999.0,1,score_desc,d80,22,1,30,False,False,False,False,False,-15.426978942475763,13.017661373458836,-15.426978942475763,102,0.4803921568627451,1.293909145840268,4.245151622503972,0.041619133553960505,-2.3999999999999986,0.18627450980392157,102,0.4803921568627451,-2.3999999999999986,0.588907116237557,0,0.5,128,0.4140625,1.0312673423600942,0.6589690271486051,0.005148195524598477,-2.866242073037726,0.234375,128,0.4140625,-2.866242073037726,3.7938050151122225,20,0.3333333333333333,351,0.42735042735042733,1.072512865063714,3.4118619536975796,0.00972040442648883,-4.349170508083679,0.4301994301994302,351,0.42735042735042733,-4.349170508083679,0.7327377349750753,19,0.5294117647058824
SPXW,"d65ret,d80_front,d80_zero",-999999.0,1,score_desc,d80,21,1,0,False,False,False,False,False,-15.426978942475763,-12.006843413048736,-15.426978942475763,102,0.4803921568627451,1.293909145840268,4.245151622503972,0.041619133553960505,-2.3999999999999986,0.18627450980392157,102,0.4803921568627451,-2.3999999999999986,0.588907116237557,0,0.5,128,0.390625,0.9382091489302493,-1.3578732932515722,-0.010608385103527908,-3.801803839586306,0.234375,128,0.390625,-3.801803839586306,-1.8411143458116652,20,0.3333333333333333,351,0.42450142450142453,1.0667137041855743,3.160519539689958,0.009004329172905863,-4.349170508083679,0.43304843304843305,351,0.42450142450142453,-4.349170508083679,0.7910091896616612,19,0.5882352941176471
SPXW,"d65ret,d80_front,d80_zero",-999999.0,1,score_desc,d80,21,1,15,False,False,False,False,False,-15.426978942475763,-12.006843413048736,-15.426978942475763,102,0.4803921568627451,1.293909145840268,4.245151622503972,0.041619133553960505,-2.3999999999999986,0.18627450980392157,102,0.4803921568627451,-2.3999999999999986,0.588907116237557,0,0.5,128,0.390625,0.9382091489302493,-1.3578732932515722,-0.010608385103527908,-3.801803839586306,0.234375,128,0.390625,-3.801803839586306,-1.8411143458116652,20,0.3333333333333333,351,0.42450142450142453,1.0667137041855743,3.160519539689958,0.009004329172905863,-4.349170508083679,0.43304843304843305,351,0.42450142450142453,-4.349170508083679,0.7910091896616612,19,0.5882352941176471
SPXW,"d65ret,d80_front,d80_zero",-999999.0,1,score_desc,d80,21,1,30,False,False,False,False,False,-15.426978942475763,-12.006843413048736,-15.426978942475763,102,0.4803921568627451,1.293909145840268,4.245151622503972,0.041619133553960505,-2.3999999999999986,0.18627450980392157,102,0.4803921568627451,-2.3999999999999986,0.588907116237557,0,0.5,128,0.390625,0.9382091489302493,-1.3578732932515722,-0.010608385103527908,-3.801803839586306,0.234375,128,0.390625,-3.801803839586306,-1.8411143458116652,20,0.3333333333333333,351,0.42450142450142453,1.0667137041855743,3.160519539689958,0.009004329172905863,-4.349170508083679,0.43304843304843305,351,0.42450142450142453,-4.349170508083679,0.7910091896616612,19,0.5882352941176471
SPXW,"d65ret,d80_front,d80_zero",0.0,1,score_desc,d80,22,1,0,False,False,False,False,False,-15.426978942475763,13.017661373458836,-15.426978942475763,102,0.4803921568627451,1.293909145840268,4.245151622503972,0.041619133553960505,-2.3999999999999986,0.18627450980392157,102,0.4803921568627451,-2.3999999999999986,0.588907116237557,0,0.5,128,0.4140625,1.0312673423600942,0.6589690271486051,0.005148195524598477,-2.866242073037726,0.234375,128,0.4140625,-2.866242073037726,3.7938050151122225,20,0.3333333333333333,349,0.42406876790830944,1.0536131674452995,2.5354866244058476,0.007265004654458016,-4.34917050808368,0.4154727793696275,349,0.42406876790830944,-4.34917050808368,0.9860040182960289,19,0.5294117647058824
SPXW,"d65ret,d80_front,d80_zero",0.0,1,score_desc,d80,22,1,15,False,False,False,False,False,-15.426978942475763,13.017661373458836,-15.426978942475763,102,0.4803921568627451,1.293909145840268,4.245151622503972,0.041619133553960505,-2.3999999999999986,0.18627450980392157,102,0.4803921568627451,-2.3999999999999986,0.588907116237557,0,0.5,128,0.4140625,1.0312673423600942,0.6589690271486051,0.005148195524598477,-2.866242073037726,0.234375,128,0.4140625,-2.866242073037726,3.7938050151122225,20,0.3333333333333333,349,0.42406876790830944,1.0536131674452995,2.5354866244058476,0.007265004654458016,-4.34917050808368,0.4154727793696275,349,0.42406876790830944,-4.34917050808368,0.9860040182960289,19,0.5294117647058824
SPXW,"d65ret,d80_front,d80_zero",0.0,1,score_desc,d80,22,1,30,False,False,False,False,False,-15.426978942475763,13.017661373458836,-15.426978942475763,102,0.4803921568627451,1.293909145840268,4.245151622503972,0.041619133553960505,-2.3999999999999986,0.18627450980392157,102,0.4803921568627451,-2.3999999999999986,0.588907116237557,0,0.5,128,0.4140625,1.0312673423600942,0.6589690271486051,0.005148195524598477,-2.866242073037726,0.234375,128,0.4140625,-2.866242073037726,3.7938050151122225,20,0.3333333333333333,349,0.42406876790830944,1.0536131674452995,2.5354866244058476,0.007265004654458016,-4.34917050808368,0.4154727793696275,349,0.42406876790830944,-4.34917050808368,0.9860040182960289,19,0.5294117647058824
SPXW,"d50ret,d80,d80_front",0.0,1,score_desc,d65ret,22,2,15,False,False,False,False,False,-15.445019002880057,24.037483140962202,-15.445019002880057,112,0.4732142857142857,1.3029663439690957,4.352679798264459,0.0388632124845041,-1.6,0.17857142857142858,101,0.504950495049505,-1.6,0.6892305749658377,0,0.5,133,0.47368421052631576,1.3907569152910535,7.785209268607484,0.05853540803464274,-2.1777454259441873,0.15789473684210525,125,0.496,-2.1777454259441873,0.3211217468592424,20,0.6666666666666666,388,0.44329896907216493,1.1538970550604293,8.461503694187831,0.021807999211824306,-3.711512694203197,0.33505154639175255,344,0.44476744186046513,-3.711512694203198,0.5814410920823985,19,0.7647058823529411
SPXW,"d50ret,d65ret,d80_front",0.0,1,score_desc,d80,22,3,0,False,False,False,False,False,-13.009212694701233,-15.468243288278956,-15.468243288278956,109,0.47706422018348627,1.468229632648844,7.062671709836718,0.0647951533012543,-2.3999999999999995,0.1926605504587156,102,0.4803921568627451,-2.3999999999999995,0.37464531203844686,0,0.6666666666666666,137,0.38686131386861317,0.8758752637906763,-2.8622284273110634,-0.02089217830154061,-5.095983248619957,0.24817518248175183,128,0.390625,-5.095983248619957,-0.8734453114032688,21,0.3333333333333333,384,0.4166666666666667,1.0234906883127872,1.2770906917893647,0.0033257570098681375,-5.431705518885786,0.3619791666666667,342,0.41228070175438597,-5.431705518885785,3.4163495413006957,19,0.5294117647058824
SPXW,"d50ret,d65ret,d80_front",0.0,1,score_desc,d80,22,4,0,False,False,False,False,False,-13.009212694701233,-15.468243288278956,-15.468243288278956,109,0.47706422018348627,1.468229632648844,7.062671709836718,0.0647951533012543,-2.3999999999999995,0.1926605504587156,102,0.4803921568627451,-2.3999999999999995,0.37464531203844686,0,0.6666666666666666,137,0.38686131386861317,0.8758752637906763,-2.8622284273110634,-0.02089217830154061,-5.095983248619957,0.24817518248175183,128,0.390625,-5.095983248619957,-0.8734453114032688,21,0.3333333333333333,384,0.4166666666666667,1.0234906883127872,1.2770906917893647,0.0033257570098681375,-5.431705518885786,0.3619791666666667,342,0.41228070175438597,-5.431705518885785,3.4163495413006957,19,0.5294117647058824
SPXW,"d50ret,d65ret,d80_front",-999999.0,1,score_desc,d80,22,3,0,False,False,False,False,False,-13.009212694701233,-15.468243288278956,-15.468243288278956,109,0.47706422018348627,1.468229632648844,7.062671709836718,0.0647951533012543,-2.3999999999999995,0.1926605504587156,102,0.4803921568627451,-2.3999999999999995,0.37464531203844686,0,0.6666666666666666,137,0.38686131386861317,0.8758752637906763,-2.8622284273110634,-0.02089217830154061,-5.095983248619957,0.24817518248175183,128,0.390625,-5.095983248619957,-0.8734453114032688,21,0.3333333333333333,388,0.41237113402061853,1.0166836228733125,0.9114365510584848,0.0023490632759239297,-5.307599493521988,0.36597938144329895,350,0.4085714285714286,-5.307599493521988,4.756169791144315,20,0.47058823529411764
SPXW,"d50ret,d65ret,d80_front",-999999.0,1,score_desc,d80,22,4,0,False,False,False,False,False,-13.009212694701233,-15.468243288278956,-15.468243288278956,109,0.47706422018348627,1.468229632648844,7.062671709836718,0.0647951533012543,-2.3999999999999995,0.1926605504587156,102,0.4803921568627451,-2.3999999999999995,0.37464531203844686,0,0.6666666666666666,137,0.38686131386861317,0.8758752637906763,-2.8622284273110634,-0.02089217830154061,-5.095983248619957,0.24817518248175183,128,0.390625,-5.095983248619957,-0.8734453114032688,21,0.3333333333333333,388,0.41237113402061853,1.0166836228733125,0.9114365510584848,0.0023490632759239297,-5.307599493521988,0.36597938144329895,350,0.4085714285714286,-5.307599493521988,4.756169791144315,20,0.47058823529411764
SPXW,"d50ret,d65ret,d80_front",0.0,1,score_desc,d80,22,2,0,False,False,False,False,False,-12.087082297598855,-15.468243288278956,-15.468243288278956,109,0.48623853211009177,1.5318445561398522,7.862671709836718,0.0721346028425387,-2.4000000000000012,0.2018348623853211,102,0.5,-2.4000000000000012,0.33652643073556954,0,0.6666666666666666,137,0.38686131386861317,0.8758752637906763,-2.8622284273110634,-0.02089217830154061,-5.130134879582617,0.24817518248175183,128,0.390625,-5.130134879582617,-0.9602633794347569,21,0.3333333333333333,384,0.4114583333333333,0.9971025444125186,-0.15907260100046283,-0.000414251565105372,-5.431705518885788,0.3645833333333333,342,0.41228070175438597,-5.431705518885788,-24.28443474739402,19,0.5294117647058824
SPXW,"d50ret,d65ret,d80_front",-999999.0,1,score_desc,d80,22,2,0,False,False,False,False,False,-12.087082297598855,-15.468243288278956,-15.468243288278956,109,0.48623853211009177,1.5318445561398522,7.862671709836718,0.0721346028425387,-2.4000000000000012,0.2018348623853211,102,0.5,-2.4000000000000012,0.33652643073556954,0,0.6666666666666666,137,0.38686131386861317,0.8758752637906763,-2.8622284273110634,-0.02089217830154061,-5.130134879582617,0.24817518248175183,128,0.390625,-5.130134879582617,-0.9602633794347569,21,0.3333333333333333,388,0.4072164948453608,0.9904881490743292,-0.5247267417313424,-0.0013523885096168619,-5.307599493521988,0.36855670103092786,350,0.4085714285714286,-5.307599493521988,-7.1941196289837865,20,0.47058823529411764
SPXW,"d50ret,d80,d80_front",0.0,1,score_desc,d65ret,22,3,15,False,False,False,False,False,-15.49033146472385,24.037483140962202,-15.49033146472385,112,0.4732142857142857,1.2994674969439655,4.313996645093808,0.03851782718833757,-1.6,0.17857142857142858,101,0.504950495049505,-1.6,0.6954108328785603,0,0.5,133,0.47368421052631576,1.3907569152910535,7.785209268607484,0.05853540803464274,-2.1777454259441873,0.15789473684210525,125,0.496,-2.1777454259441873,0.3211217468592424,20,0.6666666666666666,388,0.44329896907216493,1.153573540657779,8.443716360232193,0.021762155567608743,-3.711512694203197,0.33505154639175255,344,0.44476744186046513,-3.711512694203198,0.5826659421885804,19,0.7647058823529411
SPXW,"d50ret,d80,d80_front",0.0,1,score_desc,d65ret,22,4,15,False,False,False,False,False,-15.49033146472385,24.037483140962202,-15.49033146472385,112,0.4732142857142857,1.2994674969439655,4.313996645093808,0.03851782718833757,-1.6,0.17857142857142858,101,0.504950495049505,-1.6,0.6954108328785603,0,0.5,133,0.47368421052631576,1.3907569152910535,7.785209268607484,0.05853540803464274,-2.1777454259441873,0.15789473684210525,125,0.496,-2.1777454259441873,0.3211217468592424,20,0.6666666666666666,388,0.44329896907216493,1.153573540657779,8.443716360232193,0.021762155567608743,-3.711512694203197,0.33505154639175255,344,0.44476744186046513,-3.711512694203198,0.5826659421885804,19,0.7647058823529411
SPXW,"d65ret,d80_front",-999999.0,1,score_desc,d80_front,21,1,0,False,False,False,False,False,-15.500190538347013,-7.3913309839373476,-15.500190538347013,82,0.47560975609756095,1.3378186536362966,2.848089780699243,0.034732802203649306,-1.7999999999999996,0.3170731707317073,82,0.47560975609756095,-1.7999999999999996,0.8777813174787691,0,0.3333333333333333,128,0.4375,0.9781298660444873,-0.3383673620227905,-0.0026434950158030508,-2.432661853336068,0.21875,128,0.4375,-2.432661853336068,-7.388419453503953,20,0.6666666666666666,345,0.45507246376811594,1.0762115764398925,2.9610986287483194,0.008582894576082085,-3.745643173100277,0.4463768115942029,345,0.45507246376811594,-3.745643173100277,0.8442812325561646,18,0.6470588235294118
SPXW,"d65ret,d80_front",-999999.0,1,score_desc,d80_front,21,1,15,False,False,False,False,False,-15.500190538347013,-7.3913309839373476,-15.500190538347013,82,0.47560975609756095,1.3378186536362966,2.848089780699243,0.034732802203649306,-1.7999999999999996,0.3170731707317073,82,0.47560975609756095,-1.7999999999999996,0.8777813174787691,0,0.3333333333333333,128,0.4375,0.9781298660444873,-0.3383673620227905,-0.0026434950158030508,-2.432661853336068,0.21875,128,0.4375,-2.432661853336068,-7.388419453503953,20,0.6666666666666666,345,0.45507246376811594,1.0762115764398925,2.9610986287483194,0.008582894576082085,-3.745643173100277,0.4463768115942029,345,0.45507246376811594,-3.745643173100277,0.8442812325561646,18,0.6470588235294118
SPXW,"d65ret,d80_front",-999999.0,1,score_desc,d80_front,21,1,30,False,False,False,False,False,-15.500190538347013,-7.3913309839373476,-15.500190538347013,82,0.47560975609756095,1.3378186536362966,2.848089780699243,0.034732802203649306,-1.7999999999999996,0.3170731707317073,82,0.47560975609756095,-1.7999999999999996,0.8777813174787691,0,0.3333333333333333,128,0.4375,0.9781298660444873,-0.3383673620227905,-0.0026434950158030508,-2.432661853336068,0.21875,128,0.4375,-2.432661853336068,-7.388419453503953,20,0.6666666666666666,345,0.45507246376811594,1.0762115764398925,2.9610986287483194,0.008582894576082085,-3.745643173100277,0.4463768115942029,345,0.45507246376811594,-3.745643173100277,0.8442812325561646,18,0.6470588235294118
SPXW,"d65ret,d80_front",0.0,1,score_desc,d80_front,21,1,0,False,False,False,False,False,-15.500190538347013,-7.3913309839373476,-15.500190538347013,82,0.47560975609756095,1.3378186536362966,2.848089780699243,0.034732802203649306,-1.7999999999999996,0.3170731707317073,82,0.47560975609756095,-1.7999999999999996,0.8777813174787691,0,0.3333333333333333,128,0.4375,0.9781298660444873,-0.3383673620227905,-0.0026434950158030508,-2.432661853336068,0.21875,128,0.4375,-2.432661853336068,-7.388419453503953,20,0.6666666666666666,340,0.45294117647058824,1.0679426745365321,2.608826604233542,0.0076730194242163,-3.9254046875354516,0.4441176470588235,340,0.45294117647058824,-3.9254046875354516,0.9582852290539583,18,0.6470588235294118
SPXW,"d65ret,d80_front",0.0,1,score_desc,d80_front,21,1,15,False,False,False,False,False,-15.500190538347013,-7.3913309839373476,-15.500190538347013,82,0.47560975609756095,1.3378186536362966,2.848089780699243,0.034732802203649306,-1.7999999999999996,0.3170731707317073,82,0.47560975609756095,-1.7999999999999996,0.8777813174787691,0,0.3333333333333333,128,0.4375,0.9781298660444873,-0.3383673620227905,-0.0026434950158030508,-2.432661853336068,0.21875,128,0.4375,-2.432661853336068,-7.388419453503953,20,0.6666666666666666,340,0.45294117647058824,1.0679426745365321,2.608826604233542,0.0076730194242163,-3.9254046875354516,0.4441176470588235,340,0.45294117647058824,-3.9254046875354516,0.9582852290539583,18,0.6470588235294118
SPXW,"d65ret,d80_front",0.0,1,score_desc,d80_front,21,1,30,False,False,False,False,False,-15.500190538347013,-7.3913309839373476,-15.500190538347013,82,0.47560975609756095,1.3378186536362966,2.848089780699243,0.034732802203649306,-1.7999999999999996,0.3170731707317073,82,0.47560975609756095,-1.7999999999999996,0.8777813174787691,0,0.3333333333333333,128,0.4375,0.9781298660444873,-0.3383673620227905,-0.0026434950158030508,-2.432661853336068,0.21875,128,0.4375,-2.432661853336068,-7.388419453503953,20,0.6666666666666666,340,0.45294117647058824,1.0679426745365321,2.608826604233542,0.0076730194242163,-3.9254046875354516,0.4441176470588235,340,0.45294117647058824,-3.9254046875354516,0.9582852290539583,18,0.6470588235294118
SPXW,"d50ret,d65ret,d80_front",-999999.0,1,score_desc,d80_front,21,2,15,False,False,False,False,False,-15.544995138202502,-9.891473510342971,-15.544995138202502,90,0.43333333333333335,1.3764000303397232,4.719023095398544,0.05243358994887271,-2.3999999999999986,0.24444444444444444,82,0.45121951219512196,-2.3999999999999986,0.635875446765034,0,0.5,137,0.40875912408759124,0.9573171385617001,-0.9142063167503807,-0.006673038808396939,-4.171838224012458,0.27007299270072993,128,0.390625,-4.171838224012458,-3.21737862288264,21,0.5,381,0.4199475065616798,1.0227392275673142,1.168159681000685,0.0030660359081382807,-4.658407343992808,0.3700787401574803,350,0.40285714285714286,-4.658407343992808,2.8718121749440826,21,0.4117647058823529
SPXW,"d50ret,d65ret,d80_front",-999999.0,1,score_desc,d80_front,21,3,15,False,False,False,False,False,-15.544995138202502,-9.891473510342971,-15.544995138202502,90,0.43333333333333335,1.3764000303397232,4.719023095398544,0.05243358994887271,-2.3999999999999986,0.24444444444444444,82,0.45121951219512196,-2.3999999999999986,0.635875446765034,0,0.5,137,0.40875912408759124,0.9573171385617001,-0.9142063167503807,-0.006673038808396939,-4.171838224012458,0.27007299270072993,128,0.390625,-4.171838224012458,-3.21737862288264,21,0.5,381,0.4199475065616798,1.0227392275673142,1.168159681000685,0.0030660359081382807,-4.658407343992808,0.3700787401574803,350,0.40285714285714286,-4.658407343992808,2.8718121749440826,21,0.4117647058823529
SPXW,"d50ret,d65ret,d80_front",-999999.0,1,score_desc,d80_front,21,4,15,False,False,False,False,False,-15.544995138202502,-9.891473510342971,-15.544995138202502,90,0.43333333333333335,1.3764000303397232,4.719023095398544,0.05243358994887271,-2.3999999999999986,0.24444444444444444,82,0.45121951219512196,-2.3999999999999986,0.635875446765034,0,0.5,137,0.40875912408759124,0.9573171385617001,-0.9142063167503807,-0.006673038808396939,-4.171838224012458,0.27007299270072993,128,0.390625,-4.171838224012458,-3.21737862288264,21,0.5,381,0.4199475065616798,1.0227392275673142,1.168159681000685,0.0030660359081382807,-4.658407343992808,0.3700787401574803,350,0.40285714285714286,-4.658407343992808,2.8718121749440826,21,0.4117647058823529
SPXW,"d50ret,d65ret,d80_front",0.0,1,score_desc,d80_front,21,3,15,False,False,False,False,False,-15.544995138202502,-9.891473510342971,-15.544995138202502,90,0.43333333333333335,1.3764000303397232,4.719023095398544,0.05243358994887271,-2.3999999999999986,0.24444444444444444,82,0.45121951219512196,-2.3999999999999986,0.635875446765034,0,0.5,137,0.40875912408759124,0.9573171385617001,-0.9142063167503807,-0.006673038808396939,-4.171838224012458,0.27007299270072993,128,0.390625,-4.171838224012458,-3.21737862288264,21,0.5,377,0.4217506631299735,1.0117779415738315,0.5974106563537949,0.001584643650805822,-4.835324751454399,0.3740053050397878,341,0.40175953079178883,-4.835324751454399,5.74118298732609,19,0.4117647058823529
SPXW,"d50ret,d65ret,d80_front",0.0,1,score_desc,d80_front,21,4,15,False,False,False,False,False,-15.544995138202502,-9.891473510342971,-15.544995138202502,90,0.43333333333333335,1.3764000303397232,4.719023095398544,0.05243358994887271,-2.3999999999999986,0.24444444444444444,82,0.45121951219512196,-2.3999999999999986,0.635875446765034,0,0.5,137,0.40875912408759124,0.9573171385617001,-0.9142063167503807,-0.006673038808396939,-4.171838224012458,0.27007299270072993,128,0.390625,-4.171838224012458,-3.21737862288264,21,0.5,377,0.4217506631299735,1.0117779415738315,0.5974106563537949,0.001584643650805822,-4.835324751454399,0.3740053050397878,341,0.40175953079178883,-4.835324751454399,5.74118298732609,19,0.4117647058823529
SPXW,"d50ret,d65ret,d80_front",-999999.0,1,score_desc,d80_front,21,2,0,False,False,False,False,False,-15.544995138202502,-9.96363739488473,-15.544995138202502,90,0.43333333333333335,1.3764000303397232,4.719023095398544,0.05243358994887271,-2.3999999999999986,0.24444444444444444,82,0.45121951219512196,-2.3999999999999986,0.635875446765034,0,0.5,137,0.40875912408759124,0.9559213807564438,-0.9441014680879611,-0.006891251591882928,-4.171838224012458,0.27007299270072993,128,0.3984375,-4.171838224012458,-2.8628867207384068,21,0.5,382,0.418848167539267,1.0115047516755227,0.5976561380920828,0.0015645448641154,-4.823248568263016,0.3717277486910995,350,0.40285714285714286,-4.823248568263016,5.613152748478403,21,0.4117647058823529
SPXW,"d50ret,d65ret,d80_front",-999999.0,1,score_desc,d80_front,21,3,0,False,False,False,False,False,-15.544995138202502,-9.96363739488473,-15.544995138202502,90,0.43333333333333335,1.3764000303397232,4.719023095398544,0.05243358994887271,-2.3999999999999986,0.24444444444444444,82,0.45121951219512196,-2.3999999999999986,0.635875446765034,0,0.5,137,0.40875912408759124,0.9559213807564438,-0.9441014680879611,-0.006891251591882928,-4.171838224012458,0.27007299270072993,128,0.3984375,-4.171838224012458,-2.8628867207384068,21,0.5,382,0.418848167539267,1.0115047516755227,0.5976561380920828,0.0015645448641154,-4.823248568263016,0.3717277486910995,350,0.40285714285714286,-4.823248568263016,5.613152748478403,21,0.4117647058823529
SPXW,"d50ret,d65ret,d80_front",-999999.0,1,score_desc,d80_front,21,4,0,False,False,False,False,False,-15.544995138202502,-9.96363739488473,-15.544995138202502,90,0.43333333333333335,1.3764000303397232,4.719023095398544,0.05243358994887271,-2.3999999999999986,0.24444444444444444,82,0.45121951219512196,-2.3999999999999986,0.635875446765034,0,0.5,137,0.40875912408759124,0.9559213807564438,-0.9441014680879611,-0.006891251591882928,-4.171838224012458,0.27007299270072993,128,0.3984375,-4.171838224012458,-2.8628867207384068,21,0.5,382,0.418848167539267,1.0115047516755227,0.5976561380920828,0.0015645448641154,-4.823248568263016,0.3717277486910995,350,0.40285714285714286,-4.823248568263016,5.613152748478403,21,0.4117647058823529
SPXW,"d50ret,d65ret,d80_front",0.0,1,score_desc,d80_front,21,2,0,False,False,False,False,False,-15.544995138202502,-9.96363739488473,-15.544995138202502,90,0.43333333333333335,1.3764000303397232,4.719023095398544,0.05243358994887271,-2.3999999999999986,0.24444444444444444,82,0.45121951219512196,-2.3999999999999986,0.635875446765034,0,0.5,137,0.40875912408759124,0.9559213807564438,-0.9441014680879611,-0.006891251591882928,-4.171838224012458,0.27007299270072993,128,0.3984375,-4.171838224012458,-2.8628867207384068,21,0.5,377,0.4217506631299735,1.0112228513469765,0.574150563843348,0.0015229457926879257,-5.09333071039003,0.3740053050397878,341,0.39882697947214074,-5.09333071039003,5.9284854155343085,19,0.4117647058823529
SPXW,"d50ret,d65ret,d80_front",0.0,1,score_desc,d80_front,21,3,0,False,False,False,False,False,-15.544995138202502,-9.96363739488473,-15.544995138202502,90,0.43333333333333335,1.3764000303397232,4.719023095398544,0.05243358994887271,-2.3999999999999986,0.24444444444444444,82,0.45121951219512196,-2.3999999999999986,0.635875446765034,0,0.5,137,0.40875912408759124,0.9559213807564438,-0.9441014680879611,-0.006891251591882928,-4.171838224012458,0.27007299270072993,128,0.3984375,-4.171838224012458,-2.8628867207384068,21,0.5,377,0.4217506631299735,1.0112228513469765,0.574150563843348,0.0015229457926879257,-5.09333071039003,0.3740053050397878,341,0.39882697947214074,-5.09333071039003,5.9284854155343085,19,0.4117647058823529
SPXW,"d50ret,d65ret,d80_front",0.0,1,score_desc,d80_front,21,4,0,False,False,False,False,False,-15.544995138202502,-9.96363739488473,-15.544995138202502,90,0.43333333333333335,1.3764000303397232,4.719023095398544,0.05243358994887271,-2.3999999999999986,0.24444444444444444,82,0.45121951219512196,-2.3999999999999986,0.635875446765034,0,0.5,137,0.40875912408759124,0.9559213807564438,-0.9441014680879611,-0.006891251591882928,-4.171838224012458,0.27007299270072993,128,0.3984375,-4.171838224012458,-2.8628867207384068,21,0.5,377,0.4217506631299735,1.0112228513469765,0.574150563843348,0.0015229457926879257,-5.09333071039003,0.3740053050397878,341,0.39882697947214074,-5.09333071039003,5.9284854155343085,19,0.4117647058823529
SPXW,"d50ret,d65ret,d80_front",0.0,1,score_desc,d80_front,21,2,15,False,False,False,False,False,-15.544995138202502,-9.891473510342971,-15.544995138202502,90,0.43333333333333335,1.3764000303397232,4.719023095398544,0.05243358994887271,-2.3999999999999986,0.24444444444444444,82,0.45121951219512196,-2.3999999999999986,0.635875446765034,0,0.5,137,0.40875912408759124,0.9573171385617001,-0.9142063167503807,-0.006673038808396939,-4.171838224012458,0.27007299270072993,128,0.390625,-4.171838224012458,-3.21737862288264,21,0.5,377,0.41909814323607425,1.0012909308190066,0.0655208460596115,0.0001737953476382268,-5.367214561748582,0.3740053050397878,341,0.40175953079178883,-5.367214561748582,51.20103594395579,19,0.4117647058823529
SPXW,"d50ret,d65ret,d80_front",-999999.0,1,score_desc,d80_front,21,2,30,False,False,False,False,False,-15.544995138202502,-9.891473510342971,-15.544995138202502,90,0.43333333333333335,1.3764000303397232,4.719023095398544,0.05243358994887271,-2.3999999999999986,0.24444444444444444,82,0.45121951219512196,-2.3999999999999986,0.635875446765034,0,0.5,137,0.40875912408759124,0.9573171385617001,-0.9142063167503807,-0.006673038808396939,-4.171838224012458,0.27007299270072993,128,0.390625,-4.171838224012458,-3.21737862288264,21,0.5,381,0.4146981627296588,0.990797785066931,-0.47541735490932213,-0.0012478145798144938,-4.658407343992808,0.37270341207349084,350,0.40285714285714286,-4.658407343992809,-6.210042059350217,21,0.4117647058823529
SPXW,"d50ret,d65ret,d80_front",-999999.0,1,score_desc,d80_front,21,3,30,False,False,False,False,False,-15.544995138202502,-9.891473510342971,-15.544995138202502,90,0.43333333333333335,1.3764000303397232,4.719023095398544,0.05243358994887271,-2.3999999999999986,0.24444444444444444,82,0.45121951219512196,-2.3999999999999986,0.635875446765034,0,0.5,137,0.40875912408759124,0.9573171385617001,-0.9142063167503807,-0.006673038808396939,-4.171838224012458,0.27007299270072993,128,0.390625,-4.171838224012458,-3.21737862288264,21,0.5,381,0.4146981627296588,0.990797785066931,-0.47541735490932213,-0.0012478145798144938,-4.658407343992808,0.37270341207349084,350,0.40285714285714286,-4.658407343992809,-6.210042059350217,21,0.4117647058823529
SPXW,"d50ret,d65ret,d80_front",-999999.0,1,score_desc,d80_front,21,4,30,False,False,False,False,False,-15.544995138202502,-9.891473510342971,-15.544995138202502,90,0.43333333333333335,1.3764000303397232,4.719023095398544,0.05243358994887271,-2.3999999999999986,0.24444444444444444,82,0.45121951219512196,-2.3999999999999986,0.635875446765034,0,0.5,137,0.40875912408759124,0.9573171385617001,-0.9142063167503807,-0.006673038808396939,-4.171838224012458,0.27007299270072993,128,0.390625,-4.171838224012458,-3.21737862288264,21,0.5,381,0.4146981627296588,0.990797785066931,-0.47541735490932213,-0.0012478145798144938,-4.658407343992808,0.37270341207349084,350,0.40285714285714286,-4.658407343992809,-6.210042059350217,21,0.4117647058823529
SPXW,"d50ret,d65ret,d80_front",0.0,1,score_desc,d80_front,21,3,30,False,False,False,False,False,-15.544995138202502,-9.891473510342971,-15.544995138202502,90,0.43333333333333335,1.3764000303397232,4.719023095398544,0.05243358994887271,-2.3999999999999986,0.24444444444444444,82,0.45121951219512196,-2.3999999999999986,0.635875446765034,0,0.5,137,0.40875912408759124,0.9573171385617001,-0.9142063167503807,-0.006673038808396939,-4.171838224012458,0.27007299270072993,128,0.390625,-4.171838224012458,-3.21737862288264,21,0.5,376,0.4175531914893617,0.9906412840441462,-0.4761133537481679,-0.0012662589195429996,-4.8353247514544,0.375,341,0.40175953079178883,-4.8353247514544,-6.360914831612155,19,0.4117647058823529
SPXW,"d50ret,d65ret,d80_front",0.0,1,score_desc,d80_front,21,4,30,False,False,False,False,False,-15.544995138202502,-9.891473510342971,-15.544995138202502,90,0.43333333333333335,1.3764000303397232,4.719023095398544,0.05243358994887271,-2.3999999999999986,0.24444444444444444,82,0.45121951219512196,-2.3999999999999986,0.635875446765034,0,0.5,137,0.40875912408759124,0.9573171385617001,-0.9142063167503807,-0.006673038808396939,-4.171838224012458,0.27007299270072993,128,0.390625,-4.171838224012458,-3.21737862288264,21,0.5,376,0.4175531914893617,0.9906412840441462,-0.4761133537481679,-0.0012662589195429996,-4.8353247514544,0.375,341,0.40175953079178883,-4.8353247514544,-6.360914831612155,19,0.4117647058823529
SPXW,"d50ret,d65ret,d80_front",0.0,1,score_desc,d80_front,21,2,30,False,False,False,False,False,-15.544995138202502,-9.891473510342971,-15.544995138202502,90,0.43333333333333335,1.3764000303397232,4.719023095398544,0.05243358994887271,-2.3999999999999986,0.24444444444444444,82,0.45121951219512196,-2.3999999999999986,0.635875446765034,0,0.5,137,0.40875912408759124,0.9573171385617001,-0.9142063167503807,-0.006673038808396939,-4.171838224012458,0.27007299270072993,128,0.390625,-4.171838224012458,-3.21737862288264,21,0.5,376,0.4148936170212766,0.9801986112294755,-1.0080031640423512,-0.0026808594788360405,-5.3672145617485825,0.375,341,0.40175953079178883,-5.3672145617485825,-2.9289211334339385,19,0.4117647058823529
SPXW,"d65ret,d80_front",-999999.0,1,score_desc,d80_front,22,1,0,False,False,False,False,False,-15.579498119995158,16.698300694853586,-15.579498119995158,82,0.47560975609756095,1.3325836450254644,2.6609522168918036,0.03245063679136346,-1.584829010413904,0.2804878048780488,82,0.47560975609756095,-1.584829010413904,0.9395133005883856,0,0.3333333333333333,128,0.46875,1.0692471991100747,0.9685342566248836,0.007566673879881903,-2.432661853336068,0.21875,128,0.46875,-2.432661853336068,2.581220006313373,20,0.8333333333333334,345,0.45507246376811594,1.0762115764398925,2.9610986287483194,0.008582894576082085,-3.745643173100277,0.4434782608695652,345,0.45507246376811594,-3.745643173100277,0.8442812325561646,18,0.6470588235294118
SPXW,"d65ret,d80_front",-999999.0,1,score_desc,d80_front,22,1,15,False,False,False,False,False,-15.579498119995158,16.698300694853586,-15.579498119995158,82,0.47560975609756095,1.3325836450254644,2.6609522168918036,0.03245063679136346,-1.584829010413904,0.2804878048780488,82,0.47560975609756095,-1.584829010413904,0.9395133005883856,0,0.3333333333333333,128,0.46875,1.0692471991100747,0.9685342566248836,0.007566673879881903,-2.432661853336068,0.21875,128,0.46875,-2.432661853336068,2.581220006313373,20,0.8333333333333334,345,0.45507246376811594,1.0762115764398925,2.9610986287483194,0.008582894576082085,-3.745643173100277,0.4434782608695652,345,0.45507246376811594,-3.745643173100277,0.8442812325561646,18,0.6470588235294118
SPXW,"d65ret,d80_front",-999999.0,1,score_desc,d80_front,22,1,30,False,False,False,False,False,-15.579498119995158,16.698300694853586,-15.579498119995158,82,0.47560975609756095,1.3325836450254644,2.6609522168918036,0.03245063679136346,-1.584829010413904,0.2804878048780488,82,0.47560975609756095,-1.584829010413904,0.9395133005883856,0,0.3333333333333333,128,0.46875,1.0692471991100747,0.9685342566248836,0.007566673879881903,-2.432661853336068,0.21875,128,0.46875,-2.432661853336068,2.581220006313373,20,0.8333333333333334,345,0.45507246376811594,1.0762115764398925,2.9610986287483194,0.008582894576082085,-3.745643173100277,0.4434782608695652,345,0.45507246376811594,-3.745643173100277,0.8442812325561646,18,0.6470588235294118
SPXW,"d65ret,d80_front",0.0,1,score_desc,d80_front,22,1,0,False,False,False,False,False,-15.579498119995158,16.698300694853586,-15.579498119995158,82,0.47560975609756095,1.3325836450254644,2.6609522168918036,0.03245063679136346,-1.584829010413904,0.2804878048780488,82,0.47560975609756095,-1.584829010413904,0.9395133005883856,0,0.3333333333333333,128,0.46875,1.0692471991100747,0.9685342566248836,0.007566673879881903,-2.432661853336068,0.21875,128,0.46875,-2.432661853336068,2.581220006313373,20,0.8333333333333334,341,0.45161290322580644,1.0616872575823533,2.3825903332131464,0.006987068425845004,-4.151640958555848,0.4398826979472141,341,0.45161290322580644,-4.151640958555848,1.049278159635826,18,0.6470588235294118
SPXW,"d65ret,d80_front",0.0,1,score_desc,d80_front,22,1,15,False,False,False,False,False,-15.579498119995158,16.698300694853586,-15.579498119995158,82,0.47560975609756095,1.3325836450254644,2.6609522168918036,0.03245063679136346,-1.584829010413904,0.2804878048780488,82,0.47560975609756095,-1.584829010413904,0.9395133005883856,0,0.3333333333333333,128,0.46875,1.0692471991100747,0.9685342566248836,0.007566673879881903,-2.432661853336068,0.21875,128,0.46875,-2.432661853336068,2.581220006313373,20,0.8333333333333334,341,0.45161290322580644,1.0616872575823533,2.3825903332131464,0.006987068425845004,-4.151640958555848,0.4398826979472141,341,0.45161290322580644,-4.151640958555848,1.049278159635826,18,0.6470588235294118
SPXW,"d65ret,d80_front",0.0,1,score_desc,d80_front,22,1,30,False,False,False,False,False,-15.579498119995158,16.698300694853586,-15.579498119995158,82,0.47560975609756095,1.3325836450254644,2.6609522168918036,0.03245063679136346,-1.584829010413904,0.2804878048780488,82,0.47560975609756095,-1.584829010413904,0.9395133005883856,0,0.3333333333333333,128,0.46875,1.0692471991100747,0.9685342566248836,0.007566673879881903,-2.432661853336068,0.21875,128,0.46875,-2.432661853336068,2.581220006313373,20,0.8333333333333334,341,0.45161290322580644,1.0616872575823533,2.3825903332131464,0.006987068425845004,-4.151640958555848,0.4398826979472141,341,0.45161290322580644,-4.151640958555848,1.049278159635826,18,0.6470588235294118
SPXW,"d65ret,d80_front,d80_zero",-999999.0,1,score_desc,d50ret,22,2,30,False,False,False,False,False,-15.628860863737692,-9.340591158528609,-15.628860863737692,85,0.43529411764705883,1.36111350348829,4.558214365309364,0.05362605135658075,-2.3999999999999986,0.2235294117647059,82,0.43902439024390244,-2.3999999999999986,0.6581524604967524,0,0.5,139,0.41007194244604317,0.9657477013320117,-0.7605177676820569,-0.005471350846633503,-2.7280325448664886,0.22302158273381295,128,0.4140625,-2.7280325448664886,-3.725554584128711,22,0.5,389,0.42159383033419023,0.9665459008681213,-1.7839934409177824,-0.004586101390534145,-8.196398396462993,0.4087403598971722,350,0.42,-7.996398396462993,-2.0018966202759843,19,0.5294117647058824
SPXW,"d65ret,d80_front,d80_zero",-999999.0,1,score_desc,d50ret,22,2,15,False,False,False,False,False,-15.628860863737692,-9.340591158528609,-15.628860863737692,85,0.43529411764705883,1.36111350348829,4.558214365309364,0.05362605135658075,-2.3999999999999986,0.2235294117647059,82,0.43902439024390244,-2.3999999999999986,0.6581524604967524,0,0.5,139,0.41007194244604317,0.9657477013320117,-0.7605177676820569,-0.005471350846633503,-2.7280325448664886,0.22302158273381295,128,0.4140625,-2.7280325448664886,-3.725554584128711,22,0.5,389,0.42159383033419023,0.9646128078998978,-1.8870787209129265,-0.004851102110316007,-8.196398396462993,0.41131105398457585,350,0.41714285714285715,-7.996398396462993,-1.8925391931927902,19,0.5294117647058824
SPXW,"d65ret,d80_front,d80_zero",-999999.0,1,score_desc,d50ret,22,3,0,False,False,False,False,False,-15.628860863737692,-8.22090792185116,-15.628860863737692,85,0.43529411764705883,1.36111350348829,4.558214365309364,0.05362605135658075,-2.3999999999999986,0.2235294117647059,82,0.4268292682926829,-2.3999999999999986,0.6581524604967524,0,0.5,139,0.4172661870503597,0.9819736623616777,-0.394838230889774,-0.0028405628121566475,-2.5882957528647292,0.2302158273381295,128,0.4140625,-2.588295752864729,-7.503891272430722,22,0.5,389,0.4241645244215938,0.9627663506168385,-2.0055236430884196,-0.005155587771435526,-8.24640146828692,0.40359897172236503,349,0.4183381088825215,-8.04640146828692,-1.892872822590776,19,0.47058823529411764
SPXW,"d65ret,d80_front,d80_zero",-999999.0,1,score_desc,d50ret,22,4,0,False,False,False,False,False,-15.628860863737692,-8.22090792185116,-15.628860863737692,85,0.43529411764705883,1.36111350348829,4.558214365309364,0.05362605135658075,-2.3999999999999986,0.2235294117647059,82,0.4268292682926829,-2.3999999999999986,0.6581524604967524,0,0.5,139,0.4172661870503597,0.9819736623616777,-0.394838230889774,-0.0028405628121566475,-2.5882957528647292,0.2302158273381295,128,0.4140625,-2.588295752864729,-7.503891272430722,22,0.5,389,0.4241645244215938,0.9627663506168385,-2.0055236430884196,-0.005155587771435526,-8.24640146828692,0.40359897172236503,349,0.4183381088825215,-8.04640146828692,-1.892872822590776,19,0.47058823529411764
SPXW,"d65ret,d80_front,d80_zero",-999999.0,1,score_desc,d50ret,22,3,30,False,False,False,False,False,-15.628860863737692,-9.340591158528609,-15.628860863737692,85,0.43529411764705883,1.36111350348829,4.558214365309364,0.05362605135658075,-2.3999999999999986,0.2235294117647059,82,0.4268292682926829,-2.3999999999999986,0.6581524604967524,0,0.5,139,0.41007194244604317,0.9657477013320117,-0.7605177676820569,-0.005471350846633503,-2.7280325448664886,0.22302158273381295,128,0.4140625,-2.7280325448664886,-3.725554584128711,22,0.5,389,0.42159383033419023,0.9607707534858438,-2.0984782847608248,-0.005394545719179498,-8.12720118086239,0.40616966580976865,350,0.42,-7.927201180862388,-1.6687857992460668,19,0.5294117647058824
SPXW,"d65ret,d80_front,d80_zero",-999999.0,1,score_desc,d50ret,22,4,30,False,False,False,False,False,-15.628860863737692,-9.340591158528609,-15.628860863737692,85,0.43529411764705883,1.36111350348829,4.558214365309364,0.05362605135658075,-2.3999999999999986,0.2235294117647059,82,0.4268292682926829,-2.3999999999999986,0.6581524604967524,0,0.5,139,0.41007194244604317,0.9657477013320117,-0.7605177676820569,-0.005471350846633503,-2.7280325448664886,0.22302158273381295,128,0.4140625,-2.7280325448664886,-3.725554584128711,22,0.5,389,0.42159383033419023,0.9607707534858438,-2.0984782847608248,-0.005394545719179498,-8.12720118086239,0.40616966580976865,350,0.42,-7.927201180862388,-1.6687857992460668,19,0.5294117647058824
SPXW,"d65ret,d80_front,d80_zero",-999999.0,1,score_desc,d50ret,22,3,15,False,False,False,False,False,-15.628860863737692,-9.340591158528609,-15.628860863737692,85,0.43529411764705883,1.36111350348829,4.558214365309364,0.05362605135658075,-2.3999999999999986,0.2235294117647059,82,0.4268292682926829,-2.3999999999999986,0.6581524604967524,0,0.5,139,0.41007194244604317,0.9657477013320117,-0.7605177676820569,-0.005471350846633503,-2.7280325448664886,0.22302158273381295,128,0.4140625,-2.7280325448664886,-3.725554584128711,22,0.5,389,0.42159383033419023,0.9588436628457941,-2.201563564755969,-0.005659546438961359,-8.127201180862388,0.4087403598971722,350,0.41714285714285715,-7.927201180862388,-1.5906471281120043,19,0.5294117647058824
SPXW,"d65ret,d80_front,d80_zero",-999999.0,1,score_desc,d50ret,22,4,15,False,False,False,False,False,-15.628860863737692,-9.340591158528609,-15.628860863737692,85,0.43529411764705883,1.36111350348829,4.558214365309364,0.05362605135658075,-2.3999999999999986,0.2235294117647059,82,0.4268292682926829,-2.3999999999999986,0.6581524604967524,0,0.5,139,0.41007194244604317,0.9657477013320117,-0.7605177676820569,-0.005471350846633503,-2.7280325448664886,0.22302158273381295,128,0.4140625,-2.7280325448664886,-3.725554584128711,22,0.5,389,0.42159383033419023,0.9588436628457941,-2.201563564755969,-0.005659546438961359,-8.127201180862388,0.4087403598971722,350,0.41714285714285715,-7.927201180862388,-1.5906471281120043,19,0.5294117647058824
SPXW,"d65ret,d80_front,d80_zero",0.0,1,score_desc,d50ret,22,2,30,False,False,False,False,False,-15.628860863737692,-9.340591158528609,-15.628860863737692,85,0.43529411764705883,1.36111350348829,4.558214365309364,0.05362605135658075,-2.3999999999999986,0.2235294117647059,82,0.43902439024390244,-2.3999999999999986,0.6581524604967524,0,0.5,139,0.41007194244604317,0.9657477013320117,-0.7605177676820569,-0.005471350846633503,-2.7280325448664886,0.22302158273381295,128,0.4140625,-2.7280325448664886,-3.725554584128711,22,0.5,382,0.4214659685863874,0.9582218265019194,-2.1897726590837556,-0.00573238915990512,-8.668971129353388,0.4083769633507853,339,0.4247787610619469,-8.468971129353388,-1.6309320628115636,18,0.5294117647058824
SPXW,"d65ret,d80_front,d80_zero",0.0,1,score_desc,d50ret,22,2,15,False,False,False,False,False,-15.628860863737692,-9.340591158528609,-15.628860863737692,85,0.43529411764705883,1.36111350348829,4.558214365309364,0.05362605135658075,-2.3999999999999986,0.2235294117647059,82,0.43902439024390244,-2.3999999999999986,0.6581524604967524,0,0.5,139,0.41007194244604317,0.9657477013320117,-0.7605177676820569,-0.005471350846633503,-2.7280325448664886,0.22302158273381295,128,0.4140625,-2.7280325448664886,-3.725554584128711,22,0.5,382,0.4214659685863874,0.956139589759721,-2.299189282860459,-0.006018820112200155,-8.675302473134947,0.4109947643979058,339,0.4218289085545723,-8.475302473134947,-1.5533172786559928,18,0.5294117647058824
SPXW,"d65ret,d80_front,d80_zero",0.0,1,score_desc,d50ret,22,3,0,False,False,False,False,False,-15.628860863737692,-8.22090792185116,-15.628860863737692,85,0.43529411764705883,1.36111350348829,4.558214365309364,0.05362605135658075,-2.3999999999999986,0.2235294117647059,82,0.4268292682926829,-2.3999999999999986,0.6581524604967524,0,0.5,139,0.4172661870503597,0.9819736623616777,-0.394838230889774,-0.0028405628121566475,-2.5882957528647292,0.2302158273381295,128,0.4140625,-2.588295752864729,-7.503891272430722,22,0.5,382,0.42408376963350786,0.9543474000143254,-2.4176342050359514,-0.006328885353497255,-8.725305544958875,0.4031413612565445,338,0.4230769230769231,-8.525305544958876,-1.5702132238027555,18,0.47058823529411764
SPXW,"d65ret,d80_front,d80_zero",0.0,1,score_desc,d50ret,22,4,0,False,False,False,False,False,-15.628860863737692,-8.22090792185116,-15.628860863737692,85,0.43529411764705883,1.36111350348829,4.558214365309364,0.05362605135658075,-2.3999999999999986,0.2235294117647059,82,0.4268292682926829,-2.3999999999999986,0.6581524604967524,0,0.5,139,0.4172661870503597,0.9819736623616777,-0.394838230889774,-0.0028405628121566475,-2.5882957528647292,0.2302158273381295,128,0.4140625,-2.588295752864729,-7.503891272430722,22,0.5,382,0.42408376963350786,0.9543474000143254,-2.4176342050359514,-0.006328885353497255,-8.725305544958875,0.4031413612565445,338,0.4230769230769231,-8.525305544958876,-1.5702132238027555,18,0.47058823529411764
SPXW,"d65ret,d80_front,d80_zero",-999999.0,1,score_desc,d50ret,22,2,0,False,False,False,False,False,-15.628860863737692,-8.22090792185116,-15.628860863737692,85,0.43529411764705883,1.36111350348829,4.558214365309364,0.05362605135658075,-2.3999999999999986,0.2235294117647059,82,0.43902439024390244,-2.3999999999999986,0.6581524604967524,0,0.5,139,0.4172661870503597,0.9819736623616777,-0.394838230889774,-0.0028405628121566475,-2.5882957528647292,0.2302158273381295,128,0.4140625,-2.588295752864729,-7.503891272430722,22,0.5,389,0.42159383033419023,0.9540082166422673,-2.483423240525804,-0.00638412144094037,-8.674004486012063,0.4087403598971722,349,0.4154727793696275,-8.474004486012063,-1.5339962101998836,19,0.47058823529411764
SPXW,"d65ret,d80_front,d80_zero",0.0,1,score_desc,d50ret,22,3,30,False,False,False,False,False,-15.628860863737692,-9.340591158528609,-15.628860863737692,85,0.43529411764705883,1.36111350348829,4.558214365309364,0.05362605135658075,-2.3999999999999986,0.2235294117647059,82,0.4268292682926829,-2.3999999999999986,0.6581524604967524,0,0.5,139,0.41007194244604317,0.9657477013320117,-0.7605177676820569,-0.005471350846633503,-2.7280325448664886,0.22302158273381295,128,0.4140625,-2.7280325448664886,-3.725554584128711,22,0.5,382,0.4214659685863874,0.9523727689514835,-2.504257502926798,-0.006555647913420937,-8.599773913752784,0.40575916230366493,339,0.4247787610619469,-8.399773913752785,-1.3983828570114392,18,0.5294117647058824
SPXW,"d65ret,d80_front,d80_zero",0.0,1,score_desc,d50ret,22,4,30,False,False,False,False,False,-15.628860863737692,-9.340591158528609,-15.628860863737692,85,0.43529411764705883,1.36111350348829,4.558214365309364,0.05362605135658075,-2.3999999999999986,0.2235294117647059,82,0.4268292682926829,-2.3999999999999986,0.6581524604967524,0,0.5,139,0.41007194244604317,0.9657477013320117,-0.7605177676820569,-0.005471350846633503,-2.7280325448664886,0.22302158273381295,128,0.4140625,-2.7280325448664886,-3.725554584128711,22,0.5,382,0.4214659685863874,0.9523727689514835,-2.504257502926798,-0.006555647913420937,-8.599773913752784,0.40575916230366493,339,0.4247787610619469,-8.399773913752785,-1.3983828570114392,18,0.5294117647058824
SPXW,"d65ret,d80_front,d80_zero",0.0,1,score_desc,d50ret,22,3,15,False,False,False,False,False,-15.628860863737692,-9.340591158528609,-15.628860863737692,85,0.43529411764705883,1.36111350348829,4.558214365309364,0.05362605135658075,-2.3999999999999986,0.2235294117647059,82,0.4268292682926829,-2.3999999999999986,0.6581524604967524,0,0.5,139,0.41007194244604317,0.9657477013320117,-0.7605177676820569,-0.005471350846633503,-2.7280325448664886,0.22302158273381295,128,0.4140625,-2.7280325448664886,-3.725554584128711,22,0.5,382,0.4214659685863874,0.950297813240923,-2.6136741267035006,-0.00684207886571597,-8.606105257534344,0.4083769633507853,339,0.4218289085545723,-8.406105257534344,-1.3398421501198763,18,0.5294117647058824
SPXW,"d65ret,d80_front,d80_zero",0.0,1,score_desc,d50ret,22,4,15,False,False,False,False,False,-15.628860863737692,-9.340591158528609,-15.628860863737692,85,0.43529411764705883,1.36111350348829,4.558214365309364,0.05362605135658075,-2.3999999999999986,0.2235294117647059,82,0.4268292682926829,-2.3999999999999986,0.6581524604967524,0,0.5,139,0.41007194244604317,0.9657477013320117,-0.7605177676820569,-0.005471350846633503,-2.7280325448664886,0.22302158273381295,128,0.4140625,-2.7280325448664886,-3.725554584128711,22,0.5,382,0.4214659685863874,0.950297813240923,-2.6136741267035006,-0.00684207886571597,-8.606105257534344,0.4083769633507853,339,0.4218289085545723,-8.406105257534344,-1.3398421501198763,18,0.5294117647058824
SPXW,"d65ret,d80_front,d80_zero",0.0,1,score_desc,d50ret,22,2,0,False,False,False,False,False,-15.628860863737692,-8.22090792185116,-15.628860863737692,85,0.43529411764705883,1.36111350348829,4.558214365309364,0.05362605135658075,-2.3999999999999986,0.2235294117647059,82,0.43902439024390244,-2.3999999999999986,0.6581524604967524,0,0.5,139,0.4172661870503597,0.9819736623616777,-0.394838230889774,-0.0028405628121566475,-2.5882957528647292,0.2302158273381295,128,0.4140625,-2.588295752864729,-7.503891272430722,22,0.5,382,0.4214659685863874,0.9454610428051496,-2.895533802473336,-0.007579931420087268,-9.152908562684017,0.4083769633507853,338,0.42011834319526625,-8.952908562684017,-1.3156682322391842,18,0.47058823529411764
SPXW,"d65ret,d80,d80_zero",0.0,1,score_desc,d65ret,21,2,0,False,False,False,False,False,-15.634985547445972,17.03562956836748,-15.634985547445972,110,0.44545454545454544,1.2925792105314438,4.9867445906521795,0.04533404173320163,-2.7376385541754655,0.19090909090909092,102,0.45098039215686275,-2.7376385541754655,0.701860690150618,0,0.6666666666666666,133,0.43609022556390975,1.1281237056136009,2.796502202294858,0.021026332348081638,-1.9774802861251233,0.19548872180451127,128,0.4453125,-1.9774802861251233,0.8939739071002543,20,0.5,373,0.4316353887399464,1.1003473658978367,5.737334336085609,0.015381593394331391,-3.9732451856986453,0.38337801608579086,341,0.4222873900293255,-3.887972918206222,0.871484858142559,17,0.5294117647058824
SPXW,"d65ret,d80,d80_zero",0.0,1,score_desc,d65ret,21,3,0,False,False,False,False,False,-15.634985547445972,17.03562956836748,-15.634985547445972,110,0.44545454545454544,1.2925792105314438,4.986744590652178,0.045334041733201616,-2.7376385541754655,0.19090909090909092,102,0.4411764705882353,-2.7376385541754655,0.7018606901506184,0,0.6666666666666666,133,0.43609022556390975,1.1281237056136009,2.796502202294858,0.021026332348081638,-1.9774802861251233,0.19548872180451127,128,0.4453125,-1.9774802861251233,0.8939739071002543,20,0.5,373,0.4316353887399464,1.0916774532694495,5.241634354639654,0.014052639020481646,-3.9732451856986453,0.38337801608579086,341,0.4222873900293255,-3.887972918206222,0.906623071639965,17,0.5294117647058824
SPXW,"d65ret,d80,d80_zero",0.0,1,score_desc,d65ret,21,4,0,False,False,False,False,False,-15.634985547445972,17.03562956836748,-15.634985547445972,110,0.44545454545454544,1.2925792105314438,4.986744590652178,0.045334041733201616,-2.7376385541754655,0.19090909090909092,102,0.4411764705882353,-2.7376385541754655,0.7018606901506184,0,0.6666666666666666,133,0.43609022556390975,1.1281237056136009,2.796502202294858,0.021026332348081638,-1.9774802861251233,0.19548872180451127,128,0.4453125,-1.9774802861251233,0.8939739071002543,20,0.5,373,0.4316353887399464,1.0916774532694495,5.241634354639654,0.014052639020481646,-3.9732451856986453,0.38337801608579086,341,0.4222873900293255,-3.887972918206222,0.906623071639965,17,0.5294117647058824
SPXW,"d65ret,d80,d80_zero",0.0,1,score_desc,d65ret,21,2,30,False,False,False,False,False,-15.634985547445972,17.32663632904446,-15.634985547445972,110,0.44545454545454544,1.2925792105314438,4.9867445906521795,0.04533404173320163,-2.7376385541754655,0.19090909090909092,102,0.45098039215686275,-2.7376385541754655,0.701860690150618,0,0.6666666666666666,133,0.43609022556390975,1.1406785667817445,3.070531873369972,0.023086705814811818,-1.977480286125123,0.18796992481203006,128,0.4453125,-1.977480286125123,0.977029428034381,20,0.5,370,0.4297297297297297,1.083248508511207,4.734737095438775,0.012796586744429121,-4.473245185698644,0.3864864864864865,341,0.41642228739002934,-4.3879729182062235,1.0560248434526105,17,0.5294117647058824
SPXW,"d65ret,d80,d80_zero",0.0,1,score_desc,d65ret,21,3,30,False,False,False,False,False,-15.634985547445972,17.32663632904446,-15.634985547445972,110,0.44545454545454544,1.2925792105314438,4.986744590652178,0.045334041733201616,-2.7376385541754655,0.19090909090909092,102,0.4411764705882353,-2.7376385541754655,0.7018606901506184,0,0.6666666666666666,133,0.43609022556390975,1.1406785667817445,3.070531873369972,0.023086705814811818,-1.977480286125123,0.18796992481203006,128,0.4453125,-1.977480286125123,0.977029428034381,20,0.5,370,0.4297297297297297,1.083248508511207,4.734737095438775,0.012796586744429121,-4.473245185698644,0.3864864864864865,341,0.41642228739002934,-4.3879729182062235,1.0560248434526105,17,0.5294117647058824
SPXW,"d65ret,d80,d80_zero",0.0,1,score_desc,d65ret,21,4,30,False,False,False,False,False,-15.634985547445972,17.32663632904446,-15.634985547445972,110,0.44545454545454544,1.2925792105314438,4.986744590652178,0.045334041733201616,-2.7376385541754655,0.19090909090909092,102,0.4411764705882353,-2.7376385541754655,0.7018606901506184,0,0.6666666666666666,133,0.43609022556390975,1.1406785667817445,3.070531873369972,0.023086705814811818,-1.977480286125123,0.18796992481203006,128,0.4453125,-1.977480286125123,0.977029428034381,20,0.5,370,0.4297297297297297,1.083248508511207,4.734737095438775,0.012796586744429121,-4.473245185698644,0.3864864864864865,341,0.41642228739002934,-4.3879729182062235,1.0560248434526105,17,0.5294117647058824
SPXW,"d65ret,d80,d80_zero",-999999.0,1,score_desc,d65ret,21,2,0,False,False,False,False,False,-15.634985547445972,17.03562956836748,-15.634985547445972,110,0.44545454545454544,1.2925792105314438,4.9867445906521795,0.04533404173320163,-2.7376385541754655,0.19090909090909092,102,0.45098039215686275,-2.7376385541754655,0.701860690150618,0,0.6666666666666666,133,0.43609022556390975,1.1281237056136009,2.796502202294858,0.021026332348081638,-1.9774802861251233,0.19548872180451127,128,0.4453125,-1.9774802861251233,0.8939739071002543,20,0.5,378,0.42857142857142855,1.076477406125605,4.442211727920984,0.011751882878097843,-5.373245185698645,0.38095238095238093,349,0.42120343839541546,-5.287972918206224,0.8698179867336722,19,0.5294117647058824
SPXW,"d65ret,d80,d80_zero",0.0,1,score_desc,d65ret,21,2,15,False,False,False,False,False,-15.634985547445972,17.32663632904446,-15.634985547445972,110,0.44545454545454544,1.2925792105314438,4.9867445906521795,0.04533404173320163,-2.7376385541754655,0.19090909090909092,102,0.45098039215686275,-2.7376385541754655,0.701860690150618,0,0.6666666666666666,133,0.43609022556390975,1.1406785667817445,3.070531873369972,0.023086705814811818,-1.977480286125123,0.18796992481203006,128,0.4453125,-1.977480286125123,0.977029428034381,20,0.5,371,0.42857142857142855,1.075115991736502,4.294737133585748,0.011576110872198783,-4.473245185698644,0.38544474393531,341,0.41642228739002934,-4.3879729182062235,1.1642156072600922,17,0.5294117647058824
SPXW,"d65ret,d80,d80_zero",0.0,1,score_desc,d65ret,21,3,15,False,False,False,False,False,-15.634985547445972,17.32663632904446,-15.634985547445972,110,0.44545454545454544,1.2925792105314438,4.986744590652178,0.045334041733201616,-2.7376385541754655,0.19090909090909092,102,0.4411764705882353,-2.7376385541754655,0.7018606901506184,0,0.6666666666666666,133,0.43609022556390975,1.1406785667817445,3.070531873369972,0.023086705814811818,-1.977480286125123,0.18796992481203006,128,0.4453125,-1.977480286125123,0.977029428034381,20,0.5,371,0.42857142857142855,1.075115991736502,4.294737133585748,0.011576110872198783,-4.473245185698644,0.38544474393531,341,0.41642228739002934,-4.3879729182062235,1.1642156072600922,17,0.5294117647058824
SPXW,"d65ret,d80,d80_zero",0.0,1,score_desc,d65ret,21,4,15,False,False,False,False,False,-15.634985547445972,17.32663632904446,-15.634985547445972,110,0.44545454545454544,1.2925792105314438,4.986744590652178,0.045334041733201616,-2.7376385541754655,0.19090909090909092,102,0.4411764705882353,-2.7376385541754655,0.7018606901506184,0,0.6666666666666666,133,0.43609022556390975,1.1406785667817445,3.070531873369972,0.023086705814811818,-1.977480286125123,0.18796992481203006,128,0.4453125,-1.977480286125123,0.977029428034381,20,0.5,371,0.42857142857142855,1.075115991736502,4.294737133585748,0.011576110872198783,-4.473245185698644,0.38544474393531,341,0.41642228739002934,-4.3879729182062235,1.1642156072600922,17,0.5294117647058824
SPXW,"d65ret,d80,d80_zero",-999999.0,1,score_desc,d65ret,21,3,0,False,False,False,False,False,-15.634985547445972,17.03562956836748,-15.634985547445972,110,0.44545454545454544,1.2925792105314438,4.986744590652178,0.045334041733201616,-2.7376385541754655,0.19090909090909092,102,0.4411764705882353,-2.7376385541754655,0.7018606901506184,0,0.6666666666666666,133,0.43609022556390975,1.1281237056136009,2.796502202294858,0.021026332348081638,-1.9774802861251233,0.19548872180451127,128,0.4453125,-1.9774802861251233,0.8939739071002543,20,0.5,378,0.42857142857142855,1.0679434029939625,3.94651174647503,0.010440507265806958,-5.373245185698645,0.38095238095238093,349,0.42120343839541546,-5.287972918206224,0.8523769541113214,19,0.5294117647058824
SPXW,"d65ret,d80,d80_zero",-999999.0,1,score_desc,d65ret,21,4,0,False,False,False,False,False,-15.634985547445972,17.03562956836748,-15.634985547445972,110,0.44545454545454544,1.2925792105314438,4.986744590652178,0.045334041733201616,-2.7376385541754655,0.19090909090909092,102,0.4411764705882353,-2.7376385541754655,0.7018606901506184,0,0.6666666666666666,133,0.43609022556390975,1.1281237056136009,2.796502202294858,0.021026332348081638,-1.9774802861251233,0.19548872180451127,128,0.4453125,-1.9774802861251233,0.8939739071002543,20,0.5,378,0.42857142857142855,1.0679434029939625,3.94651174647503,0.010440507265806958,-5.373245185698645,0.38095238095238093,349,0.42120343839541546,-5.287972918206224,0.8523769541113214,19,0.5294117647058824
SPXW,"d65ret,d80,d80_zero",-999999.0,1,score_desc,d65ret,21,2,30,False,False,False,False,False,-15.634985547445972,17.32663632904446,-15.634985547445972,110,0.44545454545454544,1.2925792105314438,4.9867445906521795,0.04533404173320163,-2.7376385541754655,0.19090909090909092,102,0.45098039215686275,-2.7376385541754655,0.701860690150618,0,0.6666666666666666,133,0.43609022556390975,1.1406785667817445,3.070531873369972,0.023086705814811818,-1.977480286125123,0.18796992481203006,128,0.4453125,-1.977480286125123,0.977029428034381,20,0.5,376,0.425531914893617,1.0540518072814762,3.1396144872741503,0.008350038529984442,-5.873245185698646,0.38563829787234044,349,0.4154727793696275,-5.787972918206225,1.2100797803253573,19,0.5294117647058824
SPXW,"d65ret,d80,d80_zero",-999999.0,1,score_desc,d65ret,21,3,30,False,False,False,False,False,-15.634985547445972,17.32663632904446,-15.634985547445972,110,0.44545454545454544,1.2925792105314438,4.986744590652178,0.045334041733201616,-2.7376385541754655,0.19090909090909092,102,0.4411764705882353,-2.7376385541754655,0.7018606901506184,0,0.6666666666666666,133,0.43609022556390975,1.1406785667817445,3.070531873369972,0.023086705814811818,-1.977480286125123,0.18796992481203006,128,0.4453125,-1.977480286125123,0.977029428034381,20,0.5,376,0.425531914893617,1.0540518072814762,3.1396144872741503,0.008350038529984442,-5.873245185698646,0.38563829787234044,349,0.4154727793696275,-5.787972918206225,1.2100797803253573,19,0.5294117647058824
SPXW,"d65ret,d80,d80_zero",-999999.0,1,score_desc,d65ret,21,4,30,False,False,False,False,False,-15.634985547445972,17.32663632904446,-15.634985547445972,110,0.44545454545454544,1.2925792105314438,4.986744590652178,0.045334041733201616,-2.7376385541754655,0.19090909090909092,102,0.4411764705882353,-2.7376385541754655,0.7018606901506184,0,0.6666666666666666,133,0.43609022556390975,1.1406785667817445,3.070531873369972,0.023086705814811818,-1.977480286125123,0.18796992481203006,128,0.4453125,-1.977480286125123,0.977029428034381,20,0.5,376,0.425531914893617,1.0540518072814762,3.1396144872741503,0.008350038529984442,-5.873245185698646,0.38563829787234044,349,0.4154727793696275,-5.787972918206225,1.2100797803253573,19,0.5294117647058824
SPXW,"d65ret,d80,d80_zero",-999999.0,1,score_desc,d65ret,21,2,15,False,False,False,False,False,-15.634985547445972,17.32663632904446,-15.634985547445972,110,0.44545454545454544,1.2925792105314438,4.9867445906521795,0.04533404173320163,-2.7376385541754655,0.19090909090909092,102,0.45098039215686275,-2.7376385541754655,0.701860690150618,0,0.6666666666666666,133,0.43609022556390975,1.1406785667817445,3.070531873369972,0.023086705814811818,-1.977480286125123,0.18796992481203006,128,0.4453125,-1.977480286125123,0.977029428034381,20,0.5,376,0.425531914893617,1.051641558829583,2.9996145254211233,0.007977698205907243,-5.8732451856986465,0.3829787234042553,349,0.4154727793696275,-5.7879729182062265,1.2665574115839555,19,0.5294117647058824
SPXW,"d65ret,d80,d80_zero",-999999.0,1,score_desc,d65ret,21,3,15,False,False,False,False,False,-15.634985547445972,17.32663632904446,-15.634985547445972,110,0.44545454545454544,1.2925792105314438,4.986744590652178,0.045334041733201616,-2.7376385541754655,0.19090909090909092,102,0.4411764705882353,-2.7376385541754655,0.7018606901506184,0,0.6666666666666666,133,0.43609022556390975,1.1406785667817445,3.070531873369972,0.023086705814811818,-1.977480286125123,0.18796992481203006,128,0.4453125,-1.977480286125123,0.977029428034381,20,0.5,376,0.425531914893617,1.051641558829583,2.9996145254211233,0.007977698205907243,-5.8732451856986465,0.3829787234042553,349,0.4154727793696275,-5.7879729182062265,1.2665574115839555,19,0.5294117647058824
SPXW,"d65ret,d80,d80_zero",-999999.0,1,score_desc,d65ret,21,4,15,False,False,False,False,False,-15.634985547445972,17.32663632904446,-15.634985547445972,110,0.44545454545454544,1.2925792105314438,4.986744590652178,0.045334041733201616,-2.7376385541754655,0.19090909090909092,102,0.4411764705882353,-2.7376385541754655,0.7018606901506184,0,0.6666666666666666,133,0.43609022556390975,1.1406785667817445,3.070531873369972,0.023086705814811818,-1.977480286125123,0.18796992481203006,128,0.4453125,-1.977480286125123,0.977029428034381,20,0.5,376,0.425531914893617,1.051641558829583,2.9996145254211233,0.007977698205907243,-5.8732451856986465,0.3829787234042553,349,0.4154727793696275,-5.7879729182062265,1.2665574115839555,19,0.5294117647058824
SPXW,"d80,d80_front",0.0,1,score_desc,d80,21,2,0,False,False,False,False,False,-15.63767206509724,22.192097109991195,-15.63767206509724,95,0.47368421052631576,1.2958230839985503,3.3546387547022802,0.03531198689160295,-2.016069374745981,0.18947368421052632,89,0.5056179775280899,-2.016069374745981,0.7452367252645872,0,0.5,134,0.4626865671641791,1.3116902612196015,5.915760673311228,0.04414746771127782,-1.9774802861251226,0.1044776119402985,123,0.4634146341463415,-1.9774802861251226,0.6761598754401741,20,0.6666666666666666,368,0.47554347826086957,1.2874937476810067,12.678768504540951,0.03445317528407867,-2.9683029518329977,0.41304347826086957,332,0.4789156626506024,-2.9683029518329977,0.3541571192202118,11,0.7647058823529411
SPXW,"d80,d80_front",0.0,1,score_desc,d80,21,2,15,False,False,False,False,False,-15.63767206509724,22.192097109991195,-15.63767206509724,95,0.47368421052631576,1.2958230839985503,3.3546387547022802,0.03531198689160295,-2.016069374745981,0.18947368421052632,89,0.5056179775280899,-2.016069374745981,0.7452367252645872,0,0.5,134,0.4626865671641791,1.3116902612196015,5.915760673311228,0.04414746771127782,-1.9774802861251226,0.1044776119402985,123,0.4634146341463415,-1.9774802861251226,0.6761598754401741,20,0.6666666666666666,368,0.47554347826086957,1.2874937476810067,12.678768504540951,0.03445317528407867,-2.9683029518329977,0.41304347826086957,332,0.4789156626506024,-2.9683029518329977,0.3541571192202118,11,0.7647058823529411
SPXW,"d80,d80_front",0.0,1,score_desc,d80,21,2,30,False,False,False,False,False,-15.63767206509724,22.192097109991195,-15.63767206509724,95,0.47368421052631576,1.2958230839985503,3.3546387547022802,0.03531198689160295,-2.016069374745981,0.18947368421052632,89,0.5056179775280899,-2.016069374745981,0.7452367252645872,0,0.5,134,0.4626865671641791,1.3116902612196015,5.915760673311228,0.04414746771127782,-1.9774802861251226,0.1044776119402985,123,0.4634146341463415,-1.9774802861251226,0.6761598754401741,20,0.6666666666666666,367,0.47411444141689374,1.2779731988165273,12.258902555933128,0.033403004239599805,-3.388168900440819,0.4141689373297003,332,0.4759036144578313,-3.388168900440819,0.36628695826079055,11,0.7647058823529411
SPXW,"d80,d80_front",0.0,1,score_desc,d80,21,3,0,False,False,False,False,False,-15.63767206509724,22.654093339287886,-15.63767206509724,95,0.47368421052631576,1.2958230839985503,3.3546387547022802,0.03531198689160295,-2.016069374745981,0.18947368421052632,89,0.5056179775280899,-2.016069374745981,0.7452367252645872,0,0.5,135,0.4666666666666667,1.3380343172448719,6.415760673311228,0.04752415313563872,-1.9774802861251226,0.1111111111111111,123,0.4634146341463415,-1.9774802861251226,0.7013977342888497,20,0.6666666666666666,368,0.47282608695652173,1.2732184329059708,12.137434026736846,0.03298215768135013,-2.9683029518329977,0.41304347826086957,332,0.4789156626506024,-2.9683029518329977,0.3699526703038557,11,0.7058823529411765
SPXW,"d80,d80_front",0.0,1,score_desc,d80,21,3,15,False,False,False,False,False,-15.63767206509724,22.654093339287886,-15.63767206509724,95,0.47368421052631576,1.2958230839985503,3.3546387547022802,0.03531198689160295,-2.016069374745981,0.18947368421052632,89,0.5056179775280899,-2.016069374745981,0.7452367252645872,0,0.5,135,0.4666666666666667,1.3380343172448719,6.415760673311228,0.04752415313563872,-1.9774802861251226,0.1111111111111111,123,0.4634146341463415,-1.9774802861251226,0.7013977342888497,20,0.6666666666666666,368,0.47282608695652173,1.2732184329059708,12.137434026736846,0.03298215768135013,-2.9683029518329977,0.41304347826086957,332,0.4789156626506024,-2.9683029518329977,0.3699526703038557,11,0.7058823529411765
SPXW,"d80,d80_front",0.0,1,score_desc,d80,21,4,0,False,False,False,False,False,-15.63767206509724,22.654093339287886,-15.63767206509724,95,0.47368421052631576,1.2958230839985503,3.3546387547022802,0.03531198689160295,-2.016069374745981,0.18947368421052632,89,0.5056179775280899,-2.016069374745981,0.7452367252645872,0,0.5,135,0.4666666666666667,1.3380343172448719,6.415760673311228,0.04752415313563872,-1.9774802861251226,0.1111111111111111,123,0.4634146341463415,-1.9774802861251226,0.7013977342888497,20,0.6666666666666666,368,0.47282608695652173,1.2732184329059708,12.137434026736846,0.03298215768135013,-2.9683029518329977,0.41304347826086957,332,0.4789156626506024,-2.9683029518329977,0.3699526703038557,11,0.7058823529411765
SPXW,"d80,d80_front",0.0,1,score_desc,d80,21,4,15,False,False,False,False,False,-15.63767206509724,22.654093339287886,-15.63767206509724,95,0.47368421052631576,1.2958230839985503,3.3546387547022802,0.03531198689160295,-2.016069374745981,0.18947368421052632,89,0.5056179775280899,-2.016069374745981,0.7452367252645872,0,0.5,135,0.4666666666666667,1.3380343172448719,6.415760673311228,0.04752415313563872,-1.9774802861251226,0.1111111111111111,123,0.4634146341463415,-1.9774802861251226,0.7013977342888497,20,0.6666666666666666,368,0.47282608695652173,1.2732184329059708,12.137434026736846,0.03298215768135013,-2.9683029518329977,0.41304347826086957,332,0.4789156626506024,-2.9683029518329977,0.3699526703038557,11,0.7058823529411765
SPXW,"d80,d80_front",0.0,1,score_desc,d80,21,3,30,False,False,False,False,False,-15.63767206509724,22.654093339287886,-15.63767206509724,95,0.47368421052631576,1.2958230839985503,3.3546387547022802,0.03531198689160295,-2.016069374745981,0.18947368421052632,89,0.5056179775280899,-2.016069374745981,0.7452367252645872,0,0.5,135,0.4666666666666667,1.3380343172448719,6.415760673311228,0.04752415313563872,-1.9774802861251226,0.1111111111111111,123,0.4634146341463415,-1.9774802861251226,0.7013977342888497,20,0.6666666666666666,367,0.4713896457765668,1.2637670846015014,11.717568078129023,0.0319279784145205,-3.388168900440819,0.4141689373297003,332,0.4759036144578313,-3.3881689004408195,0.38320887908552703,11,0.7058823529411765
SPXW,"d80,d80_front",0.0,1,score_desc,d80,21,4,30,False,False,False,False,False,-15.63767206509724,22.654093339287886,-15.63767206509724,95,0.47368421052631576,1.2958230839985503,3.3546387547022802,0.03531198689160295,-2.016069374745981,0.18947368421052632,89,0.5056179775280899,-2.016069374745981,0.7452367252645872,0,0.5,135,0.4666666666666667,1.3380343172448719,6.415760673311228,0.04752415313563872,-1.9774802861251226,0.1111111111111111,123,0.4634146341463415,-1.9774802861251226,0.7013977342888497,20,0.6666666666666666,367,0.4713896457765668,1.2637670846015014,11.717568078129023,0.0319279784145205,-3.388168900440819,0.4141689373297003,332,0.4759036144578313,-3.3881689004408195,0.38320887908552703,11,0.7058823529411765
SPXW,"d50ret,d65ret,d80_front",0.0,1,score_desc,d80,21,2,30,False,False,False,False,False,-12.796279585393904,-15.690355764857639,-15.690355764857639,107,0.4766355140186916,1.4869879243642548,7.199521235531953,0.06728524519188742,-2.3999999999999995,0.19626168224299065,102,0.49019607843137253,-2.3999999999999995,0.36752400055409834,0,0.6666666666666666,135,0.3851851851851852,0.8782551896764804,-2.770825580371773,-0.0205246339286798,-4.830134879582618,0.2518518518518518,128,0.390625,-4.830134879582618,-0.9919401501826667,21,0.16666666666666666,374,0.42780748663101603,1.0685120256072649,3.5456381544995477,0.009480315921121786,-4.325927528579645,0.36363636363636365,344,0.4273255813953488,-4.325927528579648,1.1529775652272782,19,0.5882352941176471
SPXW,"d50ret,d65ret,d80_front",0.0,1,score_desc,d80,21,3,30,False,False,False,False,False,-12.796279585393904,-15.690355764857639,-15.690355764857639,107,0.4766355140186916,1.4869879243642548,7.199521235531953,0.06728524519188742,-2.3999999999999995,0.19626168224299065,102,0.49019607843137253,-2.3999999999999995,0.36752400055409834,0,0.6666666666666666,135,0.3851851851851852,0.8782551896764804,-2.770825580371773,-0.0205246339286798,-4.830134879582618,0.2518518518518518,128,0.390625,-4.830134879582618,-0.9919401501826667,21,0.16666666666666666,374,0.42780748663101603,1.0685120256072649,3.5456381544995477,0.009480315921121786,-4.325927528579645,0.36363636363636365,344,0.4273255813953488,-4.325927528579648,1.1529775652272782,19,0.5882352941176471
SPXW,"d50ret,d65ret,d80_front",0.0,1,score_desc,d80,21,4,30,False,False,False,False,False,-12.796279585393904,-15.690355764857639,-15.690355764857639,107,0.4766355140186916,1.4869879243642548,7.199521235531953,0.06728524519188742,-2.3999999999999995,0.19626168224299065,102,0.49019607843137253,-2.3999999999999995,0.36752400055409834,0,0.6666666666666666,135,0.3851851851851852,0.8782551896764804,-2.770825580371773,-0.0205246339286798,-4.830134879582618,0.2518518518518518,128,0.390625,-4.830134879582618,-0.9919401501826667,21,0.16666666666666666,374,0.42780748663101603,1.0685120256072649,3.5456381544995477,0.009480315921121786,-4.325927528579645,0.36363636363636365,344,0.4273255813953488,-4.325927528579648,1.1529775652272782,19,0.5882352941176471
SPXW,"d50ret,d65ret,d80_front",0.0,1,score_desc,d80,21,2,15,False,False,False,False,False,-12.796279585393904,-15.690355764857639,-15.690355764857639,107,0.4766355140186916,1.4869879243642548,7.199521235531953,0.06728524519188742,-2.3999999999999995,0.19626168224299065,102,0.49019607843137253,-2.3999999999999995,0.36752400055409834,0,0.6666666666666666,135,0.3851851851851852,0.8782551896764804,-2.770825580371773,-0.0205246339286798,-4.830134879582618,0.2518518518518518,128,0.390625,-4.830134879582618,-0.9919401501826667,21,0.16666666666666666,374,0.42513368983957217,1.058157185457567,3.027201047584531,0.00809412044808698,-4.844364635494662,0.36363636363636365,344,0.4273255813953488,-4.844364635494665,1.3504359909672219,19,0.5882352941176471
SPXW,"d50ret,d65ret,d80_front",0.0,1,score_desc,d80,21,3,15,False,False,False,False,False,-12.796279585393904,-15.690355764857639,-15.690355764857639,107,0.4766355140186916,1.4869879243642548,7.199521235531953,0.06728524519188742,-2.3999999999999995,0.19626168224299065,102,0.49019607843137253,-2.3999999999999995,0.36752400055409834,0,0.6666666666666666,135,0.3851851851851852,0.8782551896764804,-2.770825580371773,-0.0205246339286798,-4.830134879582618,0.2518518518518518,128,0.390625,-4.830134879582618,-0.9919401501826667,21,0.16666666666666666,374,0.42513368983957217,1.058157185457567,3.027201047584531,0.00809412044808698,-4.844364635494662,0.36363636363636365,344,0.4273255813953488,-4.844364635494665,1.3504359909672219,19,0.5882352941176471
SPXW,"d50ret,d65ret,d80_front",0.0,1,score_desc,d80,21,4,15,False,False,False,False,False,-12.796279585393904,-15.690355764857639,-15.690355764857639,107,0.4766355140186916,1.4869879243642548,7.199521235531953,0.06728524519188742,-2.3999999999999995,0.19626168224299065,102,0.49019607843137253,-2.3999999999999995,0.36752400055409834,0,0.6666666666666666,135,0.3851851851851852,0.8782551896764804,-2.770825580371773,-0.0205246339286798,-4.830134879582618,0.2518518518518518,128,0.390625,-4.830134879582618,-0.9919401501826667,21,0.16666666666666666,374,0.42513368983957217,1.058157185457567,3.027201047584531,0.00809412044808698,-4.844364635494662,0.36363636363636365,344,0.4273255813953488,-4.844364635494665,1.3504359909672219,19,0.5882352941176471
SPXW,"d50ret,d65ret,d80_front",-999999.0,1,score_desc,d80,21,2,30,False,False,False,False,False,-12.796279585393904,-15.690355764857639,-15.690355764857639,107,0.4766355140186916,1.4869879243642548,7.199521235531953,0.06728524519188742,-2.3999999999999995,0.19626168224299065,102,0.49019607843137253,-2.3999999999999995,0.36752400055409834,0,0.6666666666666666,135,0.3851851851851852,0.8782551896764804,-2.770825580371773,-0.0205246339286798,-4.830134879582618,0.2518518518518518,128,0.390625,-4.830134879582618,-0.9919401501826667,21,0.16666666666666666,378,0.42063492063492064,1.0379328083624513,1.9842870399299997,0.005249436613571428,-4.313747332898552,0.36772486772486773,350,0.42,-4.313747332898552,2.0158373861783168,20,0.5294117647058824
SPXW,"d50ret,d65ret,d80_front",-999999.0,1,score_desc,d80,21,3,30,False,False,False,False,False,-12.796279585393904,-15.690355764857639,-15.690355764857639,107,0.4766355140186916,1.4869879243642548,7.199521235531953,0.06728524519188742,-2.3999999999999995,0.19626168224299065,102,0.49019607843137253,-2.3999999999999995,0.36752400055409834,0,0.6666666666666666,135,0.3851851851851852,0.8782551896764804,-2.770825580371773,-0.0205246339286798,-4.830134879582618,0.2518518518518518,128,0.390625,-4.830134879582618,-0.9919401501826667,21,0.16666666666666666,378,0.42063492063492064,1.0379328083624513,1.9842870399299997,0.005249436613571428,-4.313747332898552,0.36772486772486773,350,0.42,-4.313747332898552,2.0158373861783168,20,0.5294117647058824
SPXW,"d50ret,d65ret,d80_front",-999999.0,1,score_desc,d80,21,4,30,False,False,False,False,False,-12.796279585393904,-15.690355764857639,-15.690355764857639,107,0.4766355140186916,1.4869879243642548,7.199521235531953,0.06728524519188742,-2.3999999999999995,0.19626168224299065,102,0.49019607843137253,-2.3999999999999995,0.36752400055409834,0,0.6666666666666666,135,0.3851851851851852,0.8782551896764804,-2.770825580371773,-0.0205246339286798,-4.830134879582618,0.2518518518518518,128,0.390625,-4.830134879582618,-0.9919401501826667,21,0.16666666666666666,378,0.42063492063492064,1.0379328083624513,1.9842870399299997,0.005249436613571428,-4.313747332898552,0.36772486772486773,350,0.42,-4.313747332898552,2.0158373861783168,20,0.5294117647058824
SPXW,"d50ret,d65ret,d80_front",-999999.0,1,score_desc,d80,21,2,15,False,False,False,False,False,-12.796279585393904,-15.690355764857639,-15.690355764857639,107,0.4766355140186916,1.4869879243642548,7.199521235531953,0.06728524519188742,-2.3999999999999995,0.19626168224299065,102,0.49019607843137253,-2.3999999999999995,0.36752400055409834,0,0.6666666666666666,135,0.3851851851851852,0.8782551896764804,-2.770825580371773,-0.0205246339286798,-4.830134879582618,0.2518518518518518,128,0.390625,-4.830134879582618,-0.9919401501826667,21,0.16666666666666666,378,0.41798941798941797,1.0278622675389697,1.465849933014983,0.003877909875701013,-4.832184439813569,0.36772486772486773,350,0.42,-4.8321844398135685,2.728792293064228,20,0.5294117647058824
SPXW,"d50ret,d65ret,d80_front",-999999.0,1,score_desc,d80,21,3,15,False,False,False,False,False,-12.796279585393904,-15.690355764857639,-15.690355764857639,107,0.4766355140186916,1.4869879243642548,7.199521235531953,0.06728524519188742,-2.3999999999999995,0.19626168224299065,102,0.49019607843137253,-2.3999999999999995,0.36752400055409834,0,0.6666666666666666,135,0.3851851851851852,0.8782551896764804,-2.770825580371773,-0.0205246339286798,-4.830134879582618,0.2518518518518518,128,0.390625,-4.830134879582618,-0.9919401501826667,21,0.16666666666666666,378,0.41798941798941797,1.0278622675389697,1.465849933014983,0.003877909875701013,-4.832184439813569,0.36772486772486773,350,0.42,-4.8321844398135685,2.728792293064228,20,0.5294117647058824
SPXW,"d50ret,d65ret,d80_front",-999999.0,1,score_desc,d80,21,4,15,False,False,False,False,False,-12.796279585393904,-15.690355764857639,-15.690355764857639,107,0.4766355140186916,1.4869879243642548,7.199521235531953,0.06728524519188742,-2.3999999999999995,0.19626168224299065,102,0.49019607843137253,-2.3999999999999995,0.36752400055409834,0,0.6666666666666666,135,0.3851851851851852,0.8782551896764804,-2.770825580371773,-0.0205246339286798,-4.830134879582618,0.2518518518518518,128,0.390625,-4.830134879582618,-0.9919401501826667,21,0.16666666666666666,378,0.41798941798941797,1.0278622675389697,1.465849933014983,0.003877909875701013,-4.832184439813569,0.36772486772486773,350,0.42,-4.8321844398135685,2.728792293064228,20,0.5294117647058824
SPXW,"d50ret,d65ret,d80_zero",-999999.0,1,score_desc,d65ret,21,2,30,False,False,False,False,False,-15.695211808872568,-9.941529564974669,-15.695211808872568,90,0.43333333333333335,1.3536122448791807,4.879451160469942,0.05421612400522158,-2.3999999999999986,0.2111111111111111,82,0.43902439024390244,-2.3999999999999986,0.7172937867182,0,0.5,132,0.38636363636363635,0.968567315116962,-0.7222533336999368,-0.005471616164393461,-3.632045324651458,0.25757575757575757,128,0.390625,-3.632045324651458,-3.4917184104329735,20,0.6666666666666666,376,0.4175531914893617,1.0667330588488575,3.792660442522112,0.01008686287904817,-3.3994266847171666,0.43617021276595747,349,0.4068767908309456,-3.3994266847171666,1.1168675378641892,19,0.4117647058823529
SPXW,"d50ret,d65ret,d80_zero",-999999.0,1,score_desc,d65ret,21,3,30,False,False,False,False,False,-15.695211808872568,-9.941529564974669,-15.695211808872568,90,0.43333333333333335,1.3536122448791807,4.879451160469942,0.05421612400522158,-2.3999999999999986,0.2111111111111111,82,0.4268292682926829,-2.3999999999999986,0.7172937867182,0,0.5,132,0.38636363636363635,0.968567315116962,-0.7222533336999368,-0.005471616164393461,-3.632045324651458,0.25757575757575757,128,0.390625,-3.632045324651458,-3.4917184104329735,20,0.6666666666666666,376,0.4175531914893617,1.0667330588488575,3.792660442522112,0.01008686287904817,-3.3994266847171666,0.43617021276595747,349,0.4068767908309456,-3.3994266847171666,1.1168675378641892,19,0.4117647058823529
SPXW,"d50ret,d65ret,d80_zero",-999999.0,1,score_desc,d65ret,21,4,30,False,False,False,False,False,-15.695211808872568,-9.941529564974669,-15.695211808872568,90,0.43333333333333335,1.3536122448791807,4.879451160469942,0.05421612400522158,-2.3999999999999986,0.2111111111111111,82,0.4268292682926829,-2.3999999999999986,0.7172937867182,0,0.5,132,0.38636363636363635,0.968567315116962,-0.7222533336999368,-0.005471616164393461,-3.632045324651458,0.25757575757575757,128,0.390625,-3.632045324651458,-3.4917184104329735,20,0.6666666666666666,376,0.4175531914893617,1.0667330588488575,3.792660442522112,0.01008686287904817,-3.3994266847171666,0.43617021276595747,349,0.4068767908309456,-3.3994266847171666,1.1168675378641892,19,0.4117647058823529
SPXW,"d50ret,d65ret,d80_zero",0.0,1,score_desc,d65ret,21,2,30,False,False,False,False,False,-15.695211808872568,-9.941529564974669,-15.695211808872568,90,0.43333333333333335,1.3536122448791807,4.879451160469942,0.05421612400522158,-2.3999999999999986,0.2111111111111111,82,0.43902439024390244,-2.3999999999999986,0.7172937867182,0,0.5,132,0.38636363636363635,0.968567315116962,-0.7222533336999368,-0.005471616164393461,-3.632045324651458,0.25757575757575757,128,0.390625,-3.632045324651458,-3.4917184104329735,20,0.6666666666666666,351,0.41025641025641024,1.052529084014797,2.8474902474533295,0.008112507827502363,-3.8643835558183675,0.42735042735042733,314,0.39171974522292996,-3.8643835558183675,1.7559322650786182,3,0.4117647058823529
SPXW,"d50ret,d65ret,d80_zero",0.0,1,score_desc,d65ret,21,3,30,False,False,False,False,False,-15.695211808872568,-9.941529564974669,-15.695211808872568,90,0.43333333333333335,1.3536122448791807,4.879451160469942,0.05421612400522158,-2.3999999999999986,0.2111111111111111,82,0.4268292682926829,-2.3999999999999986,0.7172937867182,0,0.5,132,0.38636363636363635,0.968567315116962,-0.7222533336999368,-0.005471616164393461,-3.632045324651458,0.25757575757575757,128,0.390625,-3.632045324651458,-3.4917184104329735,20,0.6666666666666666,351,0.41025641025641024,1.052529084014797,2.8474902474533295,0.008112507827502363,-3.8643835558183675,0.42735042735042733,314,0.39171974522292996,-3.8643835558183675,1.7559322650786182,3,0.4117647058823529
SPXW,"d50ret,d65ret,d80_zero",0.0,1,score_desc,d65ret,21,4,30,False,False,False,False,False,-15.695211808872568,-9.941529564974669,-15.695211808872568,90,0.43333333333333335,1.3536122448791807,4.879451160469942,0.05421612400522158,-2.3999999999999986,0.2111111111111111,82,0.4268292682926829,-2.3999999999999986,0.7172937867182,0,0.5,132,0.38636363636363635,0.968567315116962,-0.7222533336999368,-0.005471616164393461,-3.632045324651458,0.25757575757575757,128,0.390625,-3.632045324651458,-3.4917184104329735,20,0.6666666666666666,351,0.41025641025641024,1.052529084014797,2.8474902474533295,0.008112507827502363,-3.8643835558183675,0.42735042735042733,314,0.39171974522292996,-3.8643835558183675,1.7559322650786182,3,0.4117647058823529
SPXW,"d50ret,d65ret,d80_zero",-999999.0,1,score_desc,d65ret,21,2,15,False,False,False,False,False,-15.695211808872568,-9.941529564974669,-15.695211808872568,90,0.43333333333333335,1.3536122448791807,4.879451160469942,0.05421612400522158,-2.3999999999999986,0.2111111111111111,82,0.43902439024390244,-2.3999999999999986,0.7172937867182,0,0.5,132,0.38636363636363635,0.968567315116962,-0.7222533336999368,-0.005471616164393461,-3.632045324651458,0.25757575757575757,128,0.390625,-3.632045324651458,-3.4917184104329735,20,0.6666666666666666,376,0.4148936170212766,1.0523803116336292,2.992660442522112,0.007959203304580085,-3.3994266847171666,0.43351063829787234,349,0.4040114613180516,-3.3994266847171666,1.4154293184109807,19,0.4117647058823529
SPXW,"d50ret,d65ret,d80_zero",-999999.0,1,score_desc,d65ret,21,3,15,False,False,False,False,False,-15.695211808872568,-9.941529564974669,-15.695211808872568,90,0.43333333333333335,1.3536122448791807,4.879451160469942,0.05421612400522158,-2.3999999999999986,0.2111111111111111,82,0.4268292682926829,-2.3999999999999986,0.7172937867182,0,0.5,132,0.38636363636363635,0.968567315116962,-0.7222533336999368,-0.005471616164393461,-3.632045324651458,0.25757575757575757,128,0.390625,-3.632045324651458,-3.4917184104329735,20,0.6666666666666666,376,0.4148936170212766,1.0523803116336292,2.992660442522112,0.007959203304580085,-3.3994266847171666,0.43351063829787234,349,0.4040114613180516,-3.3994266847171666,1.4154293184109807,19,0.4117647058823529
SPXW,"d50ret,d65ret,d80_zero",-999999.0,1,score_desc,d65ret,21,4,15,False,False,False,False,False,-15.695211808872568,-9.941529564974669,-15.695211808872568,90,0.43333333333333335,1.3536122448791807,4.879451160469942,0.05421612400522158,-2.3999999999999986,0.2111111111111111,82,0.4268292682926829,-2.3999999999999986,0.7172937867182,0,0.5,132,0.38636363636363635,0.968567315116962,-0.7222533336999368,-0.005471616164393461,-3.632045324651458,0.25757575757575757,128,0.390625,-3.632045324651458,-3.4917184104329735,20,0.6666666666666666,376,0.4148936170212766,1.0523803116336292,2.992660442522112,0.007959203304580085,-3.3994266847171666,0.43351063829787234,349,0.4040114613180516,-3.3994266847171666,1.4154293184109807,19,0.4117647058823529
SPXW,"d50ret,d65ret,d80_zero",-999999.0,1,score_desc,d65ret,21,2,0,False,False,False,False,False,-15.695211808872568,-9.465746166123436,-15.695211808872568,90,0.43333333333333335,1.3536122448791807,4.879451160469942,0.05421612400522158,-2.3999999999999986,0.2111111111111111,82,0.43902439024390244,-2.3999999999999986,0.7172937867182,0,0.5,132,0.38636363636363635,0.9774482889197839,-0.5181882670517108,-0.003925668689785688,-3.6320453246514575,0.25757575757575757,128,0.390625,-3.6320453246514575,-4.824501361684673,20,0.6666666666666666,379,0.41160949868073876,1.0413023650195112,2.384844932124925,0.006292466839379749,-3.552520218524452,0.43007915567282323,349,0.40114613180515757,-3.552520218524452,1.7761739026865537,19,0.4117647058823529
SPXW,"d50ret,d65ret,d80_zero",-999999.0,1,score_desc,d65ret,21,3,0,False,False,False,False,False,-15.695211808872568,-9.465746166123436,-15.695211808872568,90,0.43333333333333335,1.3536122448791807,4.879451160469942,0.05421612400522158,-2.3999999999999986,0.2111111111111111,82,0.4268292682926829,-2.3999999999999986,0.7172937867182,0,0.5,132,0.38636363636363635,0.9774482889197839,-0.5181882670517108,-0.003925668689785688,-3.6320453246514575,0.25757575757575757,128,0.390625,-3.6320453246514575,-4.824501361684673,20,0.6666666666666666,379,0.41160949868073876,1.0413023650195112,2.384844932124925,0.006292466839379749,-3.552520218524452,0.43007915567282323,349,0.40114613180515757,-3.552520218524452,1.7761739026865537,19,0.4117647058823529
SPXW,"d50ret,d65ret,d80_zero",-999999.0,1,score_desc,d65ret,21,4,0,False,False,False,False,False,-15.695211808872568,-9.465746166123436,-15.695211808872568,90,0.43333333333333335,1.3536122448791807,4.879451160469942,0.05421612400522158,-2.3999999999999986,0.2111111111111111,82,0.4268292682926829,-2.3999999999999986,0.7172937867182,0,0.5,132,0.38636363636363635,0.9774482889197839,-0.5181882670517108,-0.003925668689785688,-3.6320453246514575,0.25757575757575757,128,0.390625,-3.6320453246514575,-4.824501361684673,20,0.6666666666666666,379,0.41160949868073876,1.0413023650195112,2.384844932124925,0.006292466839379749,-3.552520218524452,0.43007915567282323,349,0.40114613180515757,-3.552520218524452,1.7761739026865537,19,0.4117647058823529
SPXW,"d50ret,d65ret,d80_zero",0.0,1,score_desc,d65ret,21,2,15,False,False,False,False,False,-15.695211808872568,-9.941529564974669,-15.695211808872568,90,0.43333333333333335,1.3536122448791807,4.879451160469942,0.05421612400522158,-2.3999999999999986,0.2111111111111111,82,0.43902439024390244,-2.3999999999999986,0.7172937867182,0,0.5,132,0.38636363636363635,0.968567315116962,-0.7222533336999368,-0.005471616164393461,-3.632045324651458,0.25757575757575757,128,0.390625,-3.632045324651458,-3.4917184104329735,20,0.6666666666666666,353,0.40793201133144474,1.0410066996759255,2.2474902474533294,0.0063668278964683555,-3.875659068498458,0.42492917847025496,314,0.39171974522292996,-3.875659068498458,2.2247037581878666,3,0.4117647058823529
SPXW,"d50ret,d65ret,d80_zero",0.0,1,score_desc,d65ret,21,3,15,False,False,False,False,False,-15.695211808872568,-9.941529564974669,-15.695211808872568,90,0.43333333333333335,1.3536122448791807,4.879451160469942,0.05421612400522158,-2.3999999999999986,0.2111111111111111,82,0.4268292682926829,-2.3999999999999986,0.7172937867182,0,0.5,132,0.38636363636363635,0.968567315116962,-0.7222533336999368,-0.005471616164393461,-3.632045324651458,0.25757575757575757,128,0.390625,-3.632045324651458,-3.4917184104329735,20,0.6666666666666666,353,0.40793201133144474,1.0410066996759255,2.2474902474533294,0.0063668278964683555,-3.875659068498458,0.42492917847025496,314,0.39171974522292996,-3.875659068498458,2.2247037581878666,3,0.4117647058823529
SPXW,"d50ret,d65ret,d80_zero",0.0,1,score_desc,d65ret,21,4,15,False,False,False,False,False,-15.695211808872568,-9.941529564974669,-15.695211808872568,90,0.43333333333333335,1.3536122448791807,4.879451160469942,0.05421612400522158,-2.3999999999999986,0.2111111111111111,82,0.4268292682926829,-2.3999999999999986,0.7172937867182,0,0.5,132,0.38636363636363635,0.968567315116962,-0.7222533336999368,-0.005471616164393461,-3.632045324651458,0.25757575757575757,128,0.390625,-3.632045324651458,-3.4917184104329735,20,0.6666666666666666,353,0.40793201133144474,1.0410066996759255,2.2474902474533294,0.0063668278964683555,-3.875659068498458,0.42492917847025496,314,0.39171974522292996,-3.875659068498458,2.2247037581878666,3,0.4117647058823529
SPXW,"d50ret,d65ret,d80_zero",0.0,1,score_desc,d65ret,21,2,0,False,False,False,False,False,-15.695211808872568,-9.465746166123436,-15.695211808872568,90,0.43333333333333335,1.3536122448791807,4.879451160469942,0.05421612400522158,-2.3999999999999986,0.2111111111111111,82,0.43902439024390244,-2.3999999999999986,0.7172937867182,0,0.5,132,0.38636363636363635,0.9774482889197839,-0.5181882670517108,-0.003925668689785688,-3.6320453246514575,0.25757575757575757,128,0.390625,-3.6320453246514575,-4.824501361684673,20,0.6666666666666666,356,0.4044943820224719,1.0295886344447238,1.639674737056141,0.004605827913079048,-4.072848341893838,0.42134831460674155,314,0.3885350318471338,-4.072848341893838,3.049385275629092,3,0.4117647058823529
SPXW,"d50ret,d65ret,d80_zero",0.0,1,score_desc,d65ret,21,3,0,False,False,False,False,False,-15.695211808872568,-9.465746166123436,-15.695211808872568,90,0.43333333333333335,1.3536122448791807,4.879451160469942,0.05421612400522158,-2.3999999999999986,0.2111111111111111,82,0.4268292682926829,-2.3999999999999986,0.7172937867182,0,0.5,132,0.38636363636363635,0.9774482889197839,-0.5181882670517108,-0.003925668689785688,-3.6320453246514575,0.25757575757575757,128,0.390625,-3.6320453246514575,-4.824501361684673,20,0.6666666666666666,356,0.4044943820224719,1.0295886344447238,1.639674737056141,0.004605827913079048,-4.072848341893838,0.42134831460674155,314,0.3885350318471338,-4.072848341893838,3.049385275629092,3,0.4117647058823529
SPXW,"d50ret,d65ret,d80_zero",0.0,1,score_desc,d65ret,21,4,0,False,False,False,False,False,-15.695211808872568,-9.465746166123436,-15.695211808872568,90,0.43333333333333335,1.3536122448791807,4.879451160469942,0.05421612400522158,-2.3999999999999986,0.2111111111111111,82,0.4268292682926829,-2.3999999999999986,0.7172937867182,0,0.5,132,0.38636363636363635,0.9774482889197839,-0.5181882670517108,-0.003925668689785688,-3.6320453246514575,0.25757575757575757,128,0.390625,-3.6320453246514575,-4.824501361684673,20,0.6666666666666666,356,0.4044943820224719,1.0295886344447238,1.639674737056141,0.004605827913079048,-4.072848341893838,0.42134831460674155,314,0.3885350318471338,-4.072848341893838,3.049385275629092,3,0.4117647058823529
SPXW,d80,-999999.0,1,score_desc,d80_zero,22,2,0,False,False,False,False,False,-14.33671580191661,-15.703316310338078,-15.703316310338078,64,0.5,1.3860908626431927,3.6227864846892537,0.05660603882326959,-2.2,0.1875,61,0.5245901639344263,-2.2,0.6900765503475259,0,0.5,110,0.4727272727272727,1.3203228047901783,5.428082014278228,0.04934620012980207,-2.2774802861251224,0.07272727272727272,103,0.4854368932038835,-2.0801442549102322,0.46056783840478227,0,0.8333333333333334,326,0.4539877300613497,1.3152351694540338,13.930669347923173,0.04273211456418151,-2.691635219907319,0.450920245398773,298,0.47315436241610737,-2.691635219907319,0.3335804640595245,0,0.5882352941176471
SPXW,d80,-999999.0,1,score_desc,d80_zero,22,3,0,False,False,False,False,False,-14.33671580191661,-15.703316310338078,-15.703316310338078,64,0.5,1.3860908626431927,3.6227864846892537,0.05660603882326959,-2.2,0.1875,61,0.5245901639344263,-2.2,0.6900765503475259,0,0.5,110,0.4727272727272727,1.3203228047901783,5.428082014278228,0.04934620012980207,-2.2774802861251224,0.07272727272727272,103,0.4854368932038835,-2.0801442549102322,0.46056783840478227,0,0.8333333333333334,327,0.4525993883792049,1.3063666926684478,13.63066934792317,0.041684004122089204,-2.691635219907319,0.4525993883792049,298,0.47315436241610737,-2.691635219907319,0.3409223000811801,0,0.5882352941176471
SPXW,d80,-999999.0,1,score_desc,d80_zero,22,4,0,False,False,False,False,False,-14.33671580191661,-15.703316310338078,-15.703316310338078,64,0.5,1.3860908626431927,3.6227864846892537,0.05660603882326959,-2.2,0.1875,61,0.5245901639344263,-2.2,0.6900765503475259,0,0.5,110,0.4727272727272727,1.3203228047901783,5.428082014278228,0.04934620012980207,-2.2774802861251224,0.07272727272727272,103,0.4854368932038835,-2.0801442549102322,0.46056783840478227,0,0.8333333333333334,327,0.4525993883792049,1.3063666926684478,13.63066934792317,0.041684004122089204,-2.691635219907319,0.4525993883792049,298,0.47315436241610737,-2.691635219907319,0.3409223000811801,0,0.5882352941176471
SPXW,d80,0.0,1,score_desc,d80_zero,22,2,0,False,False,False,False,False,-14.33671580191661,-15.703316310338078,-15.703316310338078,64,0.5,1.3860908626431927,3.6227864846892537,0.05660603882326959,-2.2,0.1875,61,0.5245901639344263,-2.2,0.6900765503475259,0,0.5,110,0.4727272727272727,1.3203228047901783,5.428082014278228,0.04934620012980207,-2.2774802861251224,0.07272727272727272,103,0.4854368932038835,-2.0801442549102322,0.46056783840478227,0,0.8333333333333334,313,0.4472843450479233,1.299286297103781,13.110617857045765,0.04188695800973088,-4.025281519884015,0.4440894568690096,285,0.47017543859649125,-3.967727333692694,0.35302731010171645,0,0.5294117647058824
SPXW,d80,0.0,1,score_desc,d80_zero,22,3,0,False,False,False,False,False,-14.33671580191661,-15.703316310338078,-15.703316310338078,64,0.5,1.3860908626431927,3.6227864846892537,0.05660603882326959,-2.2,0.1875,61,0.5245901639344263,-2.2,0.6900765503475259,0,0.5,110,0.4727272727272727,1.3203228047901783,5.428082014278228,0.04934620012980207,-2.2774802861251224,0.07272727272727272,103,0.4854368932038835,-2.0801442549102322,0.46056783840478227,0,0.8333333333333334,314,0.445859872611465,1.290448872304926,12.810617857045765,0.04079814604154702,-4.025281519884015,0.445859872611465,285,0.47017543859649125,-3.967727333692694,0.35127111355718305,0,0.5294117647058824
SPXW,d80,0.0,1,score_desc,d80_zero,22,4,0,False,False,False,False,False,-14.33671580191661,-15.703316310338078,-15.703316310338078,64,0.5,1.3860908626431927,3.6227864846892537,0.05660603882326959,-2.2,0.1875,61,0.5245901639344263,-2.2,0.6900765503475259,0,0.5,110,0.4727272727272727,1.3203228047901783,5.428082014278228,0.04934620012980207,-2.2774802861251224,0.07272727272727272,103,0.4854368932038835,-2.0801442549102322,0.46056783840478227,0,0.8333333333333334,314,0.445859872611465,1.290448872304926,12.810617857045765,0.04079814604154702,-4.025281519884015,0.445859872611465,285,0.47017543859649125,-3.967727333692694,0.35127111355718305,0,0.5294117647058824
SPXW,d80,-999999.0,1,score_desc,d80_zero,22,2,15,False,False,False,False,False,-14.33671580191661,-15.703316310338078,-15.703316310338078,64,0.5,1.3860908626431927,3.6227864846892537,0.05660603882326959,-2.2,0.1875,61,0.5245901639344263,-2.2,0.6900765503475259,0,0.5,110,0.4727272727272727,1.3203228047901783,5.428082014278228,0.04934620012980207,-2.2774802861251224,0.07272727272727272,103,0.4854368932038835,-2.0801442549102322,0.46056783840478227,0,0.8333333333333334,322,0.4472049689440994,1.2779654560015787,12.283670202183165,0.0381480441061589,-3.7916352199073176,0.46273291925465837,298,0.4597315436241611,-3.7916352199073176,0.4070444677936204,0,0.5882352941176471
SPXW,d80,-999999.0,1,score_desc,d80_zero,22,3,15,False,False,False,False,False,-14.33671580191661,-15.703316310338078,-15.703316310338078,64,0.5,1.3860908626431927,3.6227864846892537,0.05660603882326959,-2.2,0.1875,61,0.5245901639344263,-2.2,0.6900765503475259,0,0.5,110,0.4727272727272727,1.3203228047901783,5.428082014278228,0.04934620012980207,-2.2774802861251224,0.07272727272727272,103,0.4854368932038835,-2.0801442549102322,0.46056783840478227,0,0.8333333333333334,322,0.4472049689440994,1.2779654560015787,12.283670202183165,0.0381480441061589,-3.7916352199073176,0.46273291925465837,298,0.4597315436241611,-3.7916352199073176,0.4070444677936204,0,0.5882352941176471
SPXW,d80,-999999.0,1,score_desc,d80_zero,22,4,15,False,False,False,False,False,-14.33671580191661,-15.703316310338078,-15.703316310338078,64,0.5,1.3860908626431927,3.6227864846892537,0.05660603882326959,-2.2,0.1875,61,0.5245901639344263,-2.2,0.6900765503475259,0,0.5,110,0.4727272727272727,1.3203228047901783,5.428082014278228,0.04934620012980207,-2.2774802861251224,0.07272727272727272,103,0.4854368932038835,-2.0801442549102322,0.46056783840478227,0,0.8333333333333334,322,0.4472049689440994,1.2779654560015787,12.283670202183165,0.0381480441061589,-3.7916352199073176,0.46273291925465837,298,0.4597315436241611,-3.7916352199073176,0.4070444677936204,0,0.5882352941176471
SPXW,d80,-999999.0,1,score_desc,d80_zero,22,3,30,False,False,False,False,False,-13.088858108805143,-15.703316310338078,-15.703316310338078,64,0.515625,1.4869168242821258,4.4227864846892535,0.06910603882326959,-1.4,0.1875,61,0.5245901639344263,-1.4,0.6783054100362661,0,0.5,110,0.4727272727272727,1.3203228047901783,5.428082014278228,0.04934620012980207,-2.2774802861251224,0.07272727272727272,103,0.4854368932038835,-2.0801442549102322,0.46056783840478227,0,0.8333333333333334,321,0.4454828660436137,1.2666510258912616,11.783670202183165,0.036709252966302695,-3.7916352199073176,0.46105919003115264,298,0.4563758389261745,-3.7916352199073176,0.42431601650508244,0,0.5882352941176471
SPXW,d80,-999999.0,1,score_desc,d80_zero,22,4,30,False,False,False,False,False,-13.088858108805143,-15.703316310338078,-15.703316310338078,64,0.515625,1.4869168242821258,4.4227864846892535,0.06910603882326959,-1.4,0.1875,61,0.5245901639344263,-1.4,0.6783054100362661,0,0.5,110,0.4727272727272727,1.3203228047901783,5.428082014278228,0.04934620012980207,-2.2774802861251224,0.07272727272727272,103,0.4854368932038835,-2.0801442549102322,0.46056783840478227,0,0.8333333333333334,321,0.4454828660436137,1.2666510258912616,11.783670202183165,0.036709252966302695,-3.7916352199073176,0.46105919003115264,298,0.4563758389261745,-3.7916352199073176,0.42431601650508244,0,0.5882352941176471
SPXW,d80,0.0,1,score_desc,d80_zero,22,2,15,False,False,False,False,False,-14.33671580191661,-15.703316310338078,-15.703316310338078,64,0.5,1.3860908626431927,3.6227864846892537,0.05660603882326959,-2.2,0.1875,61,0.5245901639344263,-2.2,0.6900765503475259,0,0.5,110,0.4727272727272727,1.3203228047901783,5.428082014278228,0.04934620012980207,-2.2774802861251224,0.07272727272727272,103,0.4854368932038835,-2.0801442549102322,0.46056783840478227,0,0.8333333333333334,310,0.44193548387096776,1.2650446274471208,11.610617857045764,0.03745360599047021,-4.425281519884015,0.45161290322580644,285,0.45614035087719296,-4.300682571124824,0.43064030369114337,0,0.5294117647058824
SPXW,d80,0.0,1,score_desc,d80_zero,22,3,15,False,False,False,False,False,-14.33671580191661,-15.703316310338078,-15.703316310338078,64,0.5,1.3860908626431927,3.6227864846892537,0.05660603882326959,-2.2,0.1875,61,0.5245901639344263,-2.2,0.6900765503475259,0,0.5,110,0.4727272727272727,1.3203228047901783,5.428082014278228,0.04934620012980207,-2.2774802861251224,0.07272727272727272,103,0.4854368932038835,-2.0801442549102322,0.46056783840478227,0,0.8333333333333334,310,0.44193548387096776,1.2650446274471208,11.610617857045764,0.03745360599047021,-4.425281519884015,0.45161290322580644,285,0.45614035087719296,-4.300682571124824,0.43064030369114337,0,0.5294117647058824
SPXW,d80,0.0,1,score_desc,d80_zero,22,4,15,False,False,False,False,False,-14.33671580191661,-15.703316310338078,-15.703316310338078,64,0.5,1.3860908626431927,3.6227864846892537,0.05660603882326959,-2.2,0.1875,61,0.5245901639344263,-2.2,0.6900765503475259,0,0.5,110,0.4727272727272727,1.3203228047901783,5.428082014278228,0.04934620012980207,-2.2774802861251224,0.07272727272727272,103,0.4854368932038835,-2.0801442549102322,0.46056783840478227,0,0.8333333333333334,310,0.44193548387096776,1.2650446274471208,11.610617857045764,0.03745360599047021,-4.425281519884015,0.45161290322580644,285,0.45614035087719296,-4.300682571124824,0.43064030369114337,0,0.5294117647058824
SPXW,d80,0.0,1,score_desc,d80_zero,22,3,30,False,False,False,False,False,-13.088858108805143,-15.703316310338078,-15.703316310338078,64,0.515625,1.4869168242821258,4.4227864846892535,0.06910603882326959,-1.4,0.1875,61,0.5245901639344263,-1.4,0.6783054100362661,0,0.5,110,0.4727272727272727,1.3203228047901783,5.428082014278228,0.04934620012980207,-2.2774802861251224,0.07272727272727272,103,0.4854368932038835,-2.0801442549102322,0.46056783840478227,0,0.8333333333333334,309,0.4401294498381877,1.2536307375615674,11.110617857045765,0.035956692093999244,-4.325281519884014,0.44983818770226536,285,0.45263157894736844,-4.2006825711248235,0.4500199776765128,0,0.5294117647058824
SPXW,d80,0.0,1,score_desc,d80_zero,22,4,30,False,False,False,False,False,-13.088858108805143,-15.703316310338078,-15.703316310338078,64,0.515625,1.4869168242821258,4.4227864846892535,0.06910603882326959,-1.4,0.1875,61,0.5245901639344263,-1.4,0.6783054100362661,0,0.5,110,0.4727272727272727,1.3203228047901783,5.428082014278228,0.04934620012980207,-2.2774802861251224,0.07272727272727272,103,0.4854368932038835,-2.0801442549102322,0.46056783840478227,0,0.8333333333333334,309,0.4401294498381877,1.2536307375615674,11.110617857045765,0.035956692093999244,-4.325281519884014,0.44983818770226536,285,0.45263157894736844,-4.2006825711248235,0.4500199776765128,0,0.5294117647058824
SPXW,"d65ret,d80,d80_zero",0.0,1,score_desc,d80_front,22,2,0,False,False,False,False,False,-15.739881180189954,15.642922201126591,-15.739881180189954,114,0.4473684210526316,1.2832475068328213,4.785435754643111,0.04197750661967641,-2.7979208244722096,0.21052631578947367,102,0.46078431372549017,-2.7979208244722096,0.6418806542140751,0,0.6666666666666666,139,0.4244604316546763,1.0956240930802108,2.089234300889002,0.015030462596323756,-2.5773733007703488,0.17985611510791366,128,0.421875,-2.577373300770349,1.1966106429212897,22,0.5,389,0.43444730077120824,1.1192509522561724,6.590769738691634,0.016942852798693148,-3.7572072709636095,0.37275064267352187,343,0.4198250728862974,-3.7572072709636086,0.5960356734930919,20,0.5882352941176471
SPXW,"d65ret,d80,d80_zero",0.0,1,score_desc,d80_front,22,3,0,False,False,False,False,False,-15.739881180189954,15.663931745339923,-15.739881180189954,114,0.4473684210526316,1.2832475068328213,4.785435754643111,0.04197750661967641,-2.7979208244722096,0.21052631578947367,102,0.46078431372549017,-2.7979208244722096,0.6418806542140751,0,0.6666666666666666,139,0.4244604316546763,1.0963247439134345,2.103197413636594,0.015130916644867582,-2.5773733007703488,0.17985611510791366,128,0.421875,-2.5773733007703488,1.1886663533297632,22,0.5,389,0.43444730077120824,1.1124580251981875,6.253290080066476,0.01607529583564647,-3.7572072709636086,0.37275064267352187,343,0.41690962099125367,-3.7572072709636086,0.6282027268431464,20,0.5882352941176471
SPXW,"d65ret,d80,d80_zero",0.0,1,score_desc,d80_front,22,4,0,False,False,False,False,False,-15.739881180189954,15.663931745339923,-15.739881180189954,114,0.4473684210526316,1.2832475068328213,4.785435754643111,0.04197750661967641,-2.7979208244722096,0.21052631578947367,102,0.46078431372549017,-2.7979208244722096,0.6418806542140751,0,0.6666666666666666,139,0.4244604316546763,1.0963247439134345,2.103197413636594,0.015130916644867582,-2.5773733007703488,0.17985611510791366,128,0.421875,-2.5773733007703488,1.1886663533297632,22,0.5,389,0.43444730077120824,1.1124580251981875,6.253290080066476,0.01607529583564647,-3.7572072709636086,0.37275064267352187,343,0.41690962099125367,-3.7572072709636086,0.6282027268431464,20,0.5882352941176471
SPXW,"d65ret,d80,d80_zero",0.0,1,score_desc,d80_front,22,2,30,False,False,False,False,False,-15.739881180189954,16.417651242655918,-15.739881180189954,114,0.4473684210526316,1.2832475068328213,4.785435754643111,0.04197750661967641,-2.7979208244722096,0.21052631578947367,102,0.46078431372549017,-2.7979208244722096,0.6418806542140751,0,0.6666666666666666,139,0.4316546762589928,1.1126655874731792,2.452521208672771,0.017644037472465977,-2.5773733007703488,0.17985611510791366,128,0.421875,-2.5773733007703488,1.019359176654347,22,0.5,388,0.43041237113402064,1.0949796800441591,5.150165885668334,0.013273623416670963,-4.5389004225294824,0.38144329896907214,344,0.42151162790697677,-4.538900422529482,0.6998738622014002,20,0.6470588235294118
SPXW,"d65ret,d80,d80_zero",0.0,1,score_desc,d80_front,22,2,15,False,False,False,False,False,-15.739881180189954,16.417651242655918,-15.739881180189954,114,0.4473684210526316,1.2832475068328213,4.785435754643111,0.04197750661967641,-2.7979208244722096,0.21052631578947367,102,0.46078431372549017,-2.7979208244722096,0.6418806542140751,0,0.6666666666666666,139,0.4316546762589928,1.1126655874731792,2.452521208672771,0.017644037472465977,-2.5773733007703488,0.17985611510791366,128,0.421875,-2.5773733007703488,1.019359176654347,22,0.5,389,0.42930591259640105,1.0917626290107505,5.038007966138056,0.012951177290843332,-4.346016200440549,0.37789203084832906,343,0.4198250728862974,-4.346016200440548,0.7797395134034033,20,0.5882352941176471
SPXW,"d65ret,d80,d80_zero",0.0,1,score_desc,d80_front,22,3,30,False,False,False,False,False,-15.739881180189954,16.417651242655918,-15.739881180189954,114,0.4473684210526316,1.2832475068328213,4.785435754643111,0.04197750661967641,-2.7979208244722096,0.21052631578947367,102,0.46078431372549017,-2.7979208244722096,0.6418806542140751,0,0.6666666666666666,139,0.4316546762589928,1.1126655874731792,2.452521208672771,0.017644037472465977,-2.5773733007703488,0.17985611510791366,128,0.421875,-2.5773733007703488,1.019359176654347,22,0.5,388,0.43041237113402064,1.088206875366645,4.8126862270431765,0.012403830482070043,-4.538900422529482,0.38144329896907214,344,0.4186046511627907,-4.538900422529482,0.748951067935112,20,0.6470588235294118
SPXW,"d65ret,d80,d80_zero",0.0,1,score_desc,d80_front,22,4,30,False,False,False,False,False,-15.739881180189954,16.417651242655918,-15.739881180189954,114,0.4473684210526316,1.2832475068328213,4.785435754643111,0.04197750661967641,-2.7979208244722096,0.21052631578947367,102,0.46078431372549017,-2.7979208244722096,0.6418806542140751,0,0.6666666666666666,139,0.4316546762589928,1.1126655874731792,2.452521208672771,0.017644037472465977,-2.5773733007703488,0.17985611510791366,128,0.421875,-2.5773733007703488,1.019359176654347,22,0.5,388,0.43041237113402064,1.088206875366645,4.8126862270431765,0.012403830482070043,-4.538900422529482,0.38144329896907214,344,0.4186046511627907,-4.538900422529482,0.748951067935112,20,0.6470588235294118
SPXW,"d65ret,d80,d80_zero",0.0,1,score_desc,d80_front,22,3,15,False,False,False,False,False,-15.739881180189954,16.417651242655918,-15.739881180189954,114,0.4473684210526316,1.2832475068328213,4.785435754643111,0.04197750661967641,-2.7979208244722096,0.21052631578947367,102,0.46078431372549017,-2.7979208244722096,0.6418806542140751,0,0.6666666666666666,139,0.4316546762589928,1.1126655874731792,2.452521208672771,0.017644037472465977,-2.5773733007703488,0.17985611510791366,128,0.421875,-2.5773733007703488,1.019359176654347,22,0.5,389,0.42930591259640105,1.085092696504325,4.700528307512898,0.012083620327796652,-4.346016200440548,0.37789203084832906,343,0.41690962099125367,-4.346016200440548,0.8357217791370951,20,0.5882352941176471
SPXW,"d65ret,d80,d80_zero",0.0,1,score_desc,d80_front,22,4,15,False,False,False,False,False,-15.739881180189954,16.417651242655918,-15.739881180189954,114,0.4473684210526316,1.2832475068328213,4.785435754643111,0.04197750661967641,-2.7979208244722096,0.21052631578947367,102,0.46078431372549017,-2.7979208244722096,0.6418806542140751,0,0.6666666666666666,139,0.4316546762589928,1.1126655874731792,2.452521208672771,0.017644037472465977,-2.5773733007703488,0.17985611510791366,128,0.421875,-2.5773733007703488,1.019359176654347,22,0.5,389,0.42930591259640105,1.085092696504325,4.700528307512898,0.012083620327796652,-4.346016200440548,0.37789203084832906,343,0.41690962099125367,-4.346016200440548,0.8357217791370951,20,0.5882352941176471
SPXW,"d65ret,d80,d80_zero",-999999.0,1,score_desc,d80_front,22,2,0,False,False,False,False,False,-15.739881180189954,15.642922201126591,-15.739881180189954,114,0.4473684210526316,1.2832475068328213,4.785435754643111,0.04197750661967641,-2.7979208244722096,0.21052631578947367,102,0.46078431372549017,-2.7979208244722096,0.6418806542140751,0,0.6666666666666666,139,0.4244604316546763,1.0956240930802108,2.089234300889002,0.015030462596323756,-2.5773733007703488,0.17985611510791366,128,0.421875,-2.577373300770349,1.1966106429212897,22,0.5,391,0.4296675191815857,1.076312138298782,4.32655038778415,0.01106534626031752,-3.666517837984514,0.37851662404092073,350,0.42,-3.644504756070323,0.7850867724103963,21,0.5294117647058824
SPXW,"d65ret,d80,d80_zero",-999999.0,1,score_desc,d80_front,22,3,0,False,False,False,False,False,-15.739881180189954,15.663931745339923,-15.739881180189954,114,0.4473684210526316,1.2832475068328213,4.785435754643111,0.04197750661967641,-2.7979208244722096,0.21052631578947367,102,0.46078431372549017,-2.7979208244722096,0.6418806542140751,0,0.6666666666666666,139,0.4244604316546763,1.0963247439134345,2.103197413636594,0.015130916644867582,-2.5773733007703488,0.17985611510791366,128,0.421875,-2.5773733007703488,1.1886663533297632,22,0.5,391,0.4296675191815857,1.0699433000144063,3.9890707291589917,0.010202226928795376,-3.666517837984514,0.37851662404092073,350,0.41714285714285715,-3.6445047560703214,0.8515059547045258,21,0.5294117647058824
SPXW,"d65ret,d80,d80_zero",-999999.0,1,score_desc,d80_front,22,4,0,False,False,False,False,False,-15.739881180189954,15.663931745339923,-15.739881180189954,114,0.4473684210526316,1.2832475068328213,4.785435754643111,0.04197750661967641,-2.7979208244722096,0.21052631578947367,102,0.46078431372549017,-2.7979208244722096,0.6418806542140751,0,0.6666666666666666,139,0.4244604316546763,1.0963247439134345,2.103197413636594,0.015130916644867582,-2.5773733007703488,0.17985611510791366,128,0.421875,-2.5773733007703488,1.1886663533297632,22,0.5,391,0.4296675191815857,1.0699433000144063,3.9890707291589917,0.010202226928795376,-3.666517837984514,0.37851662404092073,350,0.41714285714285715,-3.6445047560703214,0.8515059547045258,21,0.5294117647058824
SPXW,"d65ret,d80,d80_zero",-999999.0,1,score_desc,d80_front,22,2,15,False,False,False,False,False,-15.739881180189954,16.417651242655918,-15.739881180189954,114,0.4473684210526316,1.2832475068328213,4.785435754643111,0.04197750661967641,-2.7979208244722096,0.21052631578947367,102,0.46078431372549017,-2.7979208244722096,0.6418806542140751,0,0.6666666666666666,139,0.4316546762589928,1.1126655874731792,2.452521208672771,0.017644037472465977,-2.5773733007703488,0.17985611510791366,128,0.421875,-2.5773733007703488,1.019359176654347,22,0.5,391,0.4219948849104859,1.0436270207680585,2.4705975380008307,0.006318663780053276,-4.278783100782366,0.3836317135549872,350,0.41714285714285715,-4.256770018868172,1.3602276153087498,21,0.5294117647058824
SPXW,"d65ret,d80,d80_zero",-999999.0,1,score_desc,d80_front,22,2,30,False,False,False,False,False,-15.739881180189954,16.417651242655918,-15.739881180189954,114,0.4473684210526316,1.2832475068328213,4.785435754643111,0.04197750661967641,-2.7979208244722096,0.21052631578947367,102,0.46078431372549017,-2.7979208244722096,0.6418806542140751,0,0.6666666666666666,139,0.4316546762589928,1.1126655874731792,2.452521208672771,0.017644037472465977,-2.5773733007703488,0.17985611510791366,128,0.421875,-2.5773733007703488,1.019359176654347,22,0.5,391,0.4194373401534527,1.037607728050653,2.126763818496337,0.005439293653443317,-4.7716673228712985,0.38618925831202044,350,0.41714285714285715,-4.749654240957105,1.6165408001189672,21,0.5294117647058824
SPXW,"d65ret,d80,d80_zero",-999999.0,1,score_desc,d80_front,22,3,15,False,False,False,False,False,-15.739881180189954,16.417651242655918,-15.739881180189954,114,0.4473684210526316,1.2832475068328213,4.785435754643111,0.04197750661967641,-2.7979208244722096,0.21052631578947367,102,0.46078431372549017,-2.7979208244722096,0.6418806542140751,0,0.6666666666666666,139,0.4316546762589928,1.1126655874731792,2.452521208672771,0.017644037472465977,-2.5773733007703488,0.17985611510791366,128,0.421875,-2.5773733007703488,1.019359176654347,22,0.5,391,0.4219948849104859,1.0374444937429048,2.1331178793756727,0.005455544448531132,-4.278783100782365,0.3836317135549872,350,0.4142857142857143,-4.256770018868172,1.5754286389864782,21,0.5294117647058824
SPXW,"d65ret,d80,d80_zero",-999999.0,1,score_desc,d80_front,22,4,15,False,False,False,False,False,-15.739881180189954,16.417651242655918,-15.739881180189954,114,0.4473684210526316,1.2832475068328213,4.785435754643111,0.04197750661967641,-2.7979208244722096,0.21052631578947367,102,0.46078431372549017,-2.7979208244722096,0.6418806542140751,0,0.6666666666666666,139,0.4316546762589928,1.1126655874731792,2.452521208672771,0.017644037472465977,-2.5773733007703488,0.17985611510791366,128,0.421875,-2.5773733007703488,1.019359176654347,22,0.5,391,0.4219948849104859,1.0374444937429048,2.1331178793756727,0.005455544448531132,-4.278783100782365,0.3836317135549872,350,0.4142857142857143,-4.256770018868172,1.5754286389864782,21,0.5294117647058824
SPXW,"d65ret,d80,d80_zero",-999999.0,1,score_desc,d80_front,22,3,30,False,False,False,False,False,-15.739881180189954,16.417651242655918,-15.739881180189954,114,0.4473684210526316,1.2832475068328213,4.785435754643111,0.04197750661967641,-2.7979208244722096,0.21052631578947367,102,0.46078431372549017,-2.7979208244722096,0.6418806542140751,0,0.6666666666666666,139,0.4316546762589928,1.1126655874731792,2.452521208672771,0.017644037472465977,-2.5773733007703488,0.17985611510791366,128,0.421875,-2.5773733007703488,1.019359176654347,22,0.5,391,0.4194373401534527,1.0314523517798269,1.7892841598711788,0.0045761743219211734,-4.7716673228712985,0.38618925831202044,350,0.4142857142857143,-4.749654240957106,1.921439065924364,21,0.5294117647058824
SPXW,"d65ret,d80,d80_zero",-999999.0,1,score_desc,d80_front,22,4,30,False,False,False,False,False,-15.739881180189954,16.417651242655918,-15.739881180189954,114,0.4473684210526316,1.2832475068328213,4.785435754643111,0.04197750661967641,-2.7979208244722096,0.21052631578947367,102,0.46078431372549017,-2.7979208244722096,0.6418806542140751,0,0.6666666666666666,139,0.4316546762589928,1.1126655874731792,2.452521208672771,0.017644037472465977,-2.5773733007703488,0.17985611510791366,128,0.421875,-2.5773733007703488,1.019359176654347,22,0.5,391,0.4194373401534527,1.0314523517798269,1.7892841598711788,0.0045761743219211734,-4.7716673228712985,0.38618925831202044,350,0.4142857142857143,-4.749654240957106,1.921439065924364,21,0.5294117647058824
SPXW,"d50ret,d65ret,d80_zero",-999999.0,1,score_desc,d50ret,21,2,15,False,False,False,False,False,-15.757372783611505,12.595489833254636,-15.757372783611505,84,0.42857142857142855,1.369956429969593,4.772021740301634,0.0568097826226385,-2.3999999999999986,0.2261904761904762,82,0.43902439024390244,-2.3999999999999986,0.5238869678414285,0,0.5,137,0.39416058394160586,1.015429548566133,0.3560360765201538,0.0025988034782492976,-3.795148198600158,0.24817518248175183,128,0.390625,-3.7951481986001587,9.459079466149227,21,0.6666666666666666,377,0.41114058355437666,1.030111229200411,1.7173686564185826,0.004555354526309238,-4.682269174049444,0.4376657824933687,349,0.40114613180515757,-4.682269174049443,1.6368836639249995,19,0.4117647058823529
SPXW,"d50ret,d65ret,d80_zero",-999999.0,1,score_desc,d50ret,21,2,30,False,False,False,False,False,-15.757372783611505,12.595489833254636,-15.757372783611505,84,0.42857142857142855,1.369956429969593,4.772021740301634,0.0568097826226385,-2.3999999999999986,0.2261904761904762,82,0.43902439024390244,-2.3999999999999986,0.5238869678414285,0,0.5,137,0.39416058394160586,1.015429548566133,0.3560360765201538,0.0025988034782492976,-3.795148198600158,0.24817518248175183,128,0.390625,-3.7951481986001587,9.459079466149227,21,0.6666666666666666,377,0.41114058355437666,1.030111229200411,1.7173686564185826,0.004555354526309238,-4.682269174049444,0.4376657824933687,349,0.40114613180515757,-4.682269174049443,1.6368836639249995,19,0.4117647058823529
SPXW,"d50ret,d65ret,d80_zero",-999999.0,1,score_desc,d50ret,21,3,15,False,False,False,False,False,-15.757372783611505,12.595489833254636,-15.757372783611505,84,0.42857142857142855,1.369956429969593,4.772021740301634,0.0568097826226385,-2.3999999999999986,0.2261904761904762,82,0.4268292682926829,-2.3999999999999986,0.5238869678414285,0,0.5,137,0.39416058394160586,1.015429548566133,0.3560360765201538,0.0025988034782492976,-3.795148198600158,0.24817518248175183,128,0.390625,-3.7951481986001587,9.459079466149227,21,0.6666666666666666,377,0.41114058355437666,1.030111229200411,1.7173686564185826,0.004555354526309238,-4.682269174049444,0.4376657824933687,349,0.40114613180515757,-4.682269174049443,1.6368836639249995,19,0.4117647058823529
SPXW,"d50ret,d65ret,d80_zero",-999999.0,1,score_desc,d50ret,21,3,30,False,False,False,False,False,-15.757372783611505,12.595489833254636,-15.757372783611505,84,0.42857142857142855,1.369956429969593,4.772021740301634,0.0568097826226385,-2.3999999999999986,0.2261904761904762,82,0.4268292682926829,-2.3999999999999986,0.5238869678414285,0,0.5,137,0.39416058394160586,1.015429548566133,0.3560360765201538,0.0025988034782492976,-3.795148198600158,0.24817518248175183,128,0.390625,-3.7951481986001587,9.459079466149227,21,0.6666666666666666,377,0.41114058355437666,1.030111229200411,1.7173686564185826,0.004555354526309238,-4.682269174049444,0.4376657824933687,349,0.40114613180515757,-4.682269174049443,1.6368836639249995,19,0.4117647058823529
SPXW,"d50ret,d65ret,d80_zero",-999999.0,1,score_desc,d50ret,21,4,15,False,False,False,False,False,-15.757372783611505,12.595489833254636,-15.757372783611505,84,0.42857142857142855,1.369956429969593,4.772021740301634,0.0568097826226385,-2.3999999999999986,0.2261904761904762,82,0.4268292682926829,-2.3999999999999986,0.5238869678414285,0,0.5,137,0.39416058394160586,1.015429548566133,0.3560360765201538,0.0025988034782492976,-3.795148198600158,0.24817518248175183,128,0.390625,-3.7951481986001587,9.459079466149227,21,0.6666666666666666,377,0.41114058355437666,1.030111229200411,1.7173686564185826,0.004555354526309238,-4.682269174049444,0.4376657824933687,349,0.40114613180515757,-4.682269174049443,1.6368836639249995,19,0.4117647058823529
SPXW,"d50ret,d65ret,d80_zero",-999999.0,1,score_desc,d50ret,21,4,30,False,False,False,False,False,-15.757372783611505,12.595489833254636,-15.757372783611505,84,0.42857142857142855,1.369956429969593,4.772021740301634,0.0568097826226385,-2.3999999999999986,0.2261904761904762,82,0.4268292682926829,-2.3999999999999986,0.5238869678414285,0,0.5,137,0.39416058394160586,1.015429548566133,0.3560360765201538,0.0025988034782492976,-3.795148198600158,0.24817518248175183,128,0.390625,-3.7951481986001587,9.459079466149227,21,0.6666666666666666,377,0.41114058355437666,1.030111229200411,1.7173686564185826,0.004555354526309238,-4.682269174049444,0.4376657824933687,349,0.40114613180515757,-4.682269174049443,1.6368836639249995,19,0.4117647058823529
SPXW,"d50ret,d65ret,d80_zero",-999999.0,1,score_desc,d50ret,21,2,0,False,False,False,False,False,-15.757372783611505,12.43905941037621,-15.757372783611505,84,0.42857142857142855,1.369956429969593,4.772021740301634,0.0568097826226385,-2.3999999999999986,0.2261904761904762,82,0.43902439024390244,-2.3999999999999986,0.5238869678414285,0,0.5,137,0.39416058394160586,1.0103199463125982,0.23813225508754643,0.0017381916429747915,-3.7951481986001587,0.24817518248175183,128,0.3984375,-3.7951481986001587,12.698403200989835,21,0.6666666666666666,378,0.41005291005291006,1.0263809556738026,1.5100840073382762,0.003994931236344646,-4.589553823129749,0.4365079365079365,349,0.3982808022922636,-4.589553823129749,1.8615737170698194,19,0.4117647058823529
SPXW,"d50ret,d65ret,d80_zero",-999999.0,1,score_desc,d50ret,21,3,0,False,False,False,False,False,-15.757372783611505,12.43905941037621,-15.757372783611505,84,0.42857142857142855,1.369956429969593,4.772021740301634,0.0568097826226385,-2.3999999999999986,0.2261904761904762,82,0.4268292682926829,-2.3999999999999986,0.5238869678414285,0,0.5,137,0.39416058394160586,1.0103199463125982,0.23813225508754643,0.0017381916429747915,-3.7951481986001587,0.24817518248175183,128,0.3984375,-3.7951481986001587,12.698403200989835,21,0.6666666666666666,378,0.41005291005291006,1.0263809556738026,1.5100840073382762,0.003994931236344646,-4.589553823129749,0.4365079365079365,349,0.3982808022922636,-4.589553823129749,1.8615737170698194,19,0.4117647058823529
SPXW,"d50ret,d65ret,d80_zero",-999999.0,1,score_desc,d50ret,21,4,0,False,False,False,False,False,-15.757372783611505,12.43905941037621,-15.757372783611505,84,0.42857142857142855,1.369956429969593,4.772021740301634,0.0568097826226385,-2.3999999999999986,0.2261904761904762,82,0.4268292682926829,-2.3999999999999986,0.5238869678414285,0,0.5,137,0.39416058394160586,1.0103199463125982,0.23813225508754643,0.0017381916429747915,-3.7951481986001587,0.24817518248175183,128,0.3984375,-3.7951481986001587,12.698403200989835,21,0.6666666666666666,378,0.41005291005291006,1.0263809556738026,1.5100840073382762,0.003994931236344646,-4.589553823129749,0.4365079365079365,349,0.3982808022922636,-4.589553823129749,1.8615737170698194,19,0.4117647058823529
SPXW,"d50ret,d65ret,d80_zero",0.0,1,score_desc,d50ret,21,2,15,False,False,False,False,False,-15.757372783611505,12.595489833254636,-15.757372783611505,84,0.42857142857142855,1.369956429969593,4.772021740301634,0.0568097826226385,-2.3999999999999986,0.2261904761904762,82,0.43902439024390244,-2.3999999999999986,0.5238869678414285,0,0.5,137,0.39416058394160586,1.015429548566133,0.3560360765201538,0.0025988034782492976,-3.795148198600158,0.24817518248175183,128,0.390625,-3.7951481986001587,9.459079466149227,21,0.6666666666666666,352,0.4005681818181818,0.9938486680076228,-0.33326984385950587,-0.0009467893291463234,-6.527681774408155,0.4346590909090909,315,0.3873015873015873,-6.527681774408155,-11.435576212035059,3,0.4117647058823529
SPXW,"d50ret,d65ret,d80_zero",0.0,1,score_desc,d50ret,21,3,15,False,False,False,False,False,-15.757372783611505,12.595489833254636,-15.757372783611505,84,0.42857142857142855,1.369956429969593,4.772021740301634,0.0568097826226385,-2.3999999999999986,0.2261904761904762,82,0.4268292682926829,-2.3999999999999986,0.5238869678414285,0,0.5,137,0.39416058394160586,1.015429548566133,0.3560360765201538,0.0025988034782492976,-3.795148198600158,0.24817518248175183,128,0.390625,-3.7951481986001587,9.459079466149227,21,0.6666666666666666,352,0.4005681818181818,0.9938486680076228,-0.33326984385950587,-0.0009467893291463234,-6.527681774408155,0.4346590909090909,315,0.3873015873015873,-6.527681774408155,-11.435576212035059,3,0.4117647058823529
SPXW,"d50ret,d65ret,d80_zero",0.0,1,score_desc,d50ret,21,4,15,False,False,False,False,False,-15.757372783611505,12.595489833254636,-15.757372783611505,84,0.42857142857142855,1.369956429969593,4.772021740301634,0.0568097826226385,-2.3999999999999986,0.2261904761904762,82,0.4268292682926829,-2.3999999999999986,0.5238869678414285,0,0.5,137,0.39416058394160586,1.015429548566133,0.3560360765201538,0.0025988034782492976,-3.795148198600158,0.24817518248175183,128,0.390625,-3.7951481986001587,9.459079466149227,21,0.6666666666666666,352,0.4005681818181818,0.9938486680076228,-0.33326984385950587,-0.0009467893291463234,-6.527681774408155,0.4346590909090909,315,0.3873015873015873,-6.527681774408155,-11.435576212035059,3,0.4117647058823529
SPXW,"d50ret,d65ret,d80_zero",0.0,1,score_desc,d50ret,21,2,30,False,False,False,False,False,-15.757372783611505,12.595489833254636,-15.757372783611505,84,0.42857142857142855,1.369956429969593,4.772021740301634,0.0568097826226385,-2.3999999999999986,0.2261904761904762,82,0.43902439024390244,-2.3999999999999986,0.5238869678414285,0,0.5,137,0.39416058394160586,1.015429548566133,0.3560360765201538,0.0025988034782492976,-3.795148198600158,0.24817518248175183,128,0.390625,-3.7951481986001587,9.459079466149227,21,0.6666666666666666,351,0.39886039886039887,0.984619912232512,-0.8332698438595048,-0.0023739881591438882,-7.027681774408156,0.43304843304843305,315,0.38412698412698415,-7.027681774408155,-4.573707697108246,3,0.4117647058823529
SPXW,"d50ret,d65ret,d80_zero",0.0,1,score_desc,d50ret,21,3,30,False,False,False,False,False,-15.757372783611505,12.595489833254636,-15.757372783611505,84,0.42857142857142855,1.369956429969593,4.772021740301634,0.0568097826226385,-2.3999999999999986,0.2261904761904762,82,0.4268292682926829,-2.3999999999999986,0.5238869678414285,0,0.5,137,0.39416058394160586,1.015429548566133,0.3560360765201538,0.0025988034782492976,-3.795148198600158,0.24817518248175183,128,0.390625,-3.7951481986001587,9.459079466149227,21,0.6666666666666666,351,0.39886039886039887,0.984619912232512,-0.8332698438595048,-0.0023739881591438882,-7.027681774408156,0.43304843304843305,315,0.38412698412698415,-7.027681774408155,-4.573707697108246,3,0.4117647058823529
SPXW,"d50ret,d65ret,d80_zero",0.0,1,score_desc,d50ret,21,4,30,False,False,False,False,False,-15.757372783611505,12.595489833254636,-15.757372783611505,84,0.42857142857142855,1.369956429969593,4.772021740301634,0.0568097826226385,-2.3999999999999986,0.2261904761904762,82,0.4268292682926829,-2.3999999999999986,0.5238869678414285,0,0.5,137,0.39416058394160586,1.015429548566133,0.3560360765201538,0.0025988034782492976,-3.795148198600158,0.24817518248175183,128,0.390625,-3.7951481986001587,9.459079466149227,21,0.6666666666666666,351,0.39886039886039887,0.984619912232512,-0.8332698438595048,-0.0023739881591438882,-7.027681774408156,0.43304843304843305,315,0.38412698412698415,-7.027681774408155,-4.573707697108246,3,0.4117647058823529
SPXW,"d50ret,d65ret,d80_zero",0.0,1,score_desc,d50ret,21,3,0,False,False,False,False,False,-15.757372783611505,12.43905941037621,-15.757372783611505,84,0.42857142857142855,1.369956429969593,4.772021740301634,0.0568097826226385,-2.3999999999999986,0.2261904761904762,82,0.4268292682926829,-2.3999999999999986,0.5238869678414285,0,0.5,137,0.39416058394160586,1.0103199463125982,0.23813225508754643,0.0017381916429747915,-3.7951481986001587,0.24817518248175183,128,0.3984375,-3.7951481986001587,12.698403200989835,21,0.6666666666666666,353,0.3937677053824363,0.9652114359906194,-1.9128759431787428,-0.005418912020336382,-6.43496642348846,0.42776203966005666,314,0.3853503184713376,-6.434966423488461,-1.7309709552445371,3,0.35294117647058826
SPXW,"d50ret,d65ret,d80_zero",0.0,1,score_desc,d50ret,21,4,0,False,False,False,False,False,-15.757372783611505,12.43905941037621,-15.757372783611505,84,0.42857142857142855,1.369956429969593,4.772021740301634,0.0568097826226385,-2.3999999999999986,0.2261904761904762,82,0.4268292682926829,-2.3999999999999986,0.5238869678414285,0,0.5,137,0.39416058394160586,1.0103199463125982,0.23813225508754643,0.0017381916429747915,-3.7951481986001587,0.24817518248175183,128,0.3984375,-3.7951481986001587,12.698403200989835,21,0.6666666666666666,353,0.3937677053824363,0.9652114359906194,-1.9128759431787428,-0.005418912020336382,-6.43496642348846,0.42776203966005666,314,0.3853503184713376,-6.434966423488461,-1.7309709552445371,3,0.35294117647058826
SPXW,"d50ret,d65ret,d80_zero",0.0,1,score_desc,d50ret,21,2,0,False,False,False,False,False,-15.757372783611505,12.43905941037621,-15.757372783611505,84,0.42857142857142855,1.369956429969593,4.772021740301634,0.0568097826226385,-2.3999999999999986,0.2261904761904762,82,0.43902439024390244,-2.3999999999999986,0.5238869678414285,0,0.5,137,0.39416058394160586,1.0103199463125982,0.23813225508754643,0.0017381916429747915,-3.7951481986001587,0.24817518248175183,128,0.3984375,-3.7951481986001587,12.698403200989835,21,0.6666666666666666,353,0.3937677053824363,0.9610707546097016,-2.140554492939809,-0.006063893747704841,-6.434966423488459,0.43059490084985835,314,0.3821656050955414,-6.43496642348846,-1.5468574659274092,3,0.35294117647058826
SPXW,"d50ret,d65ret,d80",-999999.0,1,score_desc,d65win,22,3,0,False,False,False,False,False,-15.768554708489248,18.129478084950104,-15.768554708489248,115,0.45217391304347826,1.2770994420351984,4.771980152398264,0.04149547958607186,-2.5376385541754654,0.20869565217391303,102,0.47058823529411764,-2.5376385541754654,0.5372468311323016,0,0.6666666666666666,139,0.4460431654676259,1.1546410155519495,3.4229552854910983,0.024625577593461137,-3.116958592425314,0.20863309352517986,128,0.421875,-3.116958592425315,0.9109716059473523,22,0.3333333333333333,390,0.40512820512820513,1.0096584585140513,0.5928200317475127,0.0015200513634551608,-4.654455355121105,0.35128205128205126,349,0.4040114613180516,-4.6544553551211045,6.408663347403752,20,0.47058823529411764
SPXW,"d50ret,d65ret,d80",-999999.0,1,score_desc,d65win,22,4,0,False,False,False,False,False,-15.768554708489248,18.129478084950104,-15.768554708489248,115,0.45217391304347826,1.2770994420351984,4.771980152398264,0.04149547958607186,-2.5376385541754654,0.20869565217391303,102,0.47058823529411764,-2.5376385541754654,0.5372468311323016,0,0.6666666666666666,139,0.4460431654676259,1.1546410155519495,3.4229552854910983,0.024625577593461137,-3.116958592425314,0.20863309352517986,128,0.421875,-3.116958592425315,0.9109716059473523,22,0.3333333333333333,390,0.40512820512820513,1.0096584585140513,0.5928200317475127,0.0015200513634551608,-4.654455355121105,0.35128205128205126,349,0.4040114613180516,-4.6544553551211045,6.408663347403752,20,0.47058823529411764
SPXW,"d50ret,d65ret,d80",0.0,1,score_desc,d65win,22,3,0,False,False,False,False,False,-15.768554708489248,18.129478084950104,-15.768554708489248,115,0.45217391304347826,1.2770994420351984,4.771980152398264,0.04149547958607186,-2.5376385541754654,0.20869565217391303,102,0.47058823529411764,-2.5376385541754654,0.5372468311323016,0,0.6666666666666666,139,0.4460431654676259,1.1546410155519495,3.4229552854910983,0.024625577593461137,-3.116958592425314,0.20863309352517986,128,0.421875,-3.116958592425315,0.9109716059473523,22,0.3333333333333333,388,0.3917525773195876,0.9921390391630148,-0.48530716538806706,-0.001250791663371307,-4.8978817617751975,0.3479381443298969,343,0.39067055393586003,-4.897881761775197,-8.124580145491416,19,0.47058823529411764
SPXW,"d50ret,d65ret,d80",0.0,1,score_desc,d65win,22,4,0,False,False,False,False,False,-15.768554708489248,18.129478084950104,-15.768554708489248,115,0.45217391304347826,1.2770994420351984,4.771980152398264,0.04149547958607186,-2.5376385541754654,0.20869565217391303,102,0.47058823529411764,-2.5376385541754654,0.5372468311323016,0,0.6666666666666666,139,0.4460431654676259,1.1546410155519495,3.4229552854910983,0.024625577593461137,-3.116958592425314,0.20863309352517986,128,0.421875,-3.116958592425315,0.9109716059473523,22,0.3333333333333333,388,0.3917525773195876,0.9921390391630148,-0.48530716538806706,-0.001250791663371307,-4.8978817617751975,0.3479381443298969,343,0.39067055393586003,-4.897881761775197,-8.124580145491416,19,0.47058823529411764
SPXW,"d50ret,d65ret,d80",0.0,1,score_desc,d80_zero,21,2,0,False,False,False,False,False,-15.783176081150494,15.24044672199753,-15.783176081150494,104,0.4423076923076923,1.3022354952094766,4.879315170483867,0.04691649202388334,-2.3999999999999986,0.21153846153846154,102,0.45098039215686275,-2.3999999999999986,0.5123669844332033,0,0.5,134,0.417910447761194,1.0991642696599724,2.253664623842994,0.01681839271524622,-3.738411134291896,0.208955223880597,128,0.4140625,-3.738411134291896,1.3198341225131904,20,0.3333333333333333,361,0.3988919667590028,1.0547195925285184,3.2305307263011156,0.008948838577011401,-4.90618965822844,0.3545706371191136,341,0.41348973607038125,-4.90618965822844,1.2381866445145715,17,0.6470588235294118
SPXW,"d50ret,d65ret,d80",0.0,1,score_desc,d80_zero,21,3,0,False,False,False,False,False,-15.783176081150494,15.24044672199753,-15.783176081150494,104,0.4423076923076923,1.3022354952094766,4.879315170483867,0.04691649202388334,-2.3999999999999986,0.21153846153846154,102,0.45098039215686275,-2.3999999999999986,0.5123669844332033,0,0.5,134,0.417910447761194,1.0991642696599724,2.253664623842994,0.01681839271524622,-3.738411134291896,0.208955223880597,128,0.4140625,-3.738411134291896,1.3198341225131904,20,0.3333333333333333,361,0.3988919667590028,1.0547195925285184,3.2305307263011156,0.008948838577011401,-4.90618965822844,0.3545706371191136,341,0.41348973607038125,-4.90618965822844,1.2381866445145715,17,0.6470588235294118
SPXW,"d50ret,d65ret,d80",0.0,1,score_desc,d80_zero,21,4,0,False,False,False,False,False,-15.783176081150494,15.24044672199753,-15.783176081150494,104,0.4423076923076923,1.3022354952094766,4.879315170483867,0.04691649202388334,-2.3999999999999986,0.21153846153846154,102,0.45098039215686275,-2.3999999999999986,0.5123669844332033,0,0.5,134,0.417910447761194,1.0991642696599724,2.253664623842994,0.01681839271524622,-3.738411134291896,0.208955223880597,128,0.4140625,-3.738411134291896,1.3198341225131904,20,0.3333333333333333,361,0.3988919667590028,1.0547195925285184,3.2305307263011156,0.008948838577011401,-4.90618965822844,0.3545706371191136,341,0.41348973607038125,-4.90618965822844,1.2381866445145715,17,0.6470588235294118
SPXW,"d50ret,d65ret,d80",-999999.0,1,score_desc,d80_zero,21,2,0,False,False,False,False,False,-15.783176081150494,15.24044672199753,-15.783176081150494,104,0.4423076923076923,1.3022354952094766,4.879315170483867,0.04691649202388334,-2.3999999999999986,0.21153846153846154,102,0.45098039215686275,-2.3999999999999986,0.5123669844332033,0,0.5,134,0.417910447761194,1.0991642696599724,2.253664623842994,0.01681839271524622,-3.738411134291896,0.208955223880597,128,0.4140625,-3.738411134291896,1.3198341225131904,20,0.3333333333333333,368,0.4048913043478261,1.0535214196586127,3.18769167401978,0.008662205635923315,-4.90618965822844,0.35597826086956524,349,0.4183381088825215,-4.90618965822844,1.2548265042697413,19,0.5882352941176471
SPXW,"d50ret,d65ret,d80",-999999.0,1,score_desc,d80_zero,21,3,0,False,False,False,False,False,-15.783176081150494,15.24044672199753,-15.783176081150494,104,0.4423076923076923,1.3022354952094766,4.879315170483867,0.04691649202388334,-2.3999999999999986,0.21153846153846154,102,0.45098039215686275,-2.3999999999999986,0.5123669844332033,0,0.5,134,0.417910447761194,1.0991642696599724,2.253664623842994,0.01681839271524622,-3.738411134291896,0.208955223880597,128,0.4140625,-3.738411134291896,1.3198341225131904,20,0.3333333333333333,368,0.4048913043478261,1.0535214196586127,3.18769167401978,0.008662205635923315,-4.90618965822844,0.35597826086956524,349,0.4183381088825215,-4.90618965822844,1.2548265042697413,19,0.5882352941176471
SPXW,"d50ret,d65ret,d80",-999999.0,1,score_desc,d80_zero,21,4,0,False,False,False,False,False,-15.783176081150494,15.24044672199753,-15.783176081150494,104,0.4423076923076923,1.3022354952094766,4.879315170483867,0.04691649202388334,-2.3999999999999986,0.21153846153846154,102,0.45098039215686275,-2.3999999999999986,0.5123669844332033,0,0.5,134,0.417910447761194,1.0991642696599724,2.253664623842994,0.01681839271524622,-3.738411134291896,0.208955223880597,128,0.4140625,-3.738411134291896,1.3198341225131904,20,0.3333333333333333,368,0.4048913043478261,1.0535214196586127,3.18769167401978,0.008662205635923315,-4.90618965822844,0.35597826086956524,349,0.4183381088825215,-4.90618965822844,1.2548265042697413,19,0.5882352941176471
SPXW,"d65ret,d80,d80_zero",0.0,1,score_desc,d50ret,21,2,15,False,False,False,False,False,-15.783176081150494,17.525077169961055,-15.783176081150494,104,0.4423076923076923,1.3022354952094766,4.879315170483867,0.04691649202388334,-2.4376385541754653,0.20192307692307693,102,0.45098039215686275,-2.4376385541754653,0.5123669844332033,0,0.5,137,0.43795620437956206,1.146667787045916,3.2155078404055244,0.023470860148945432,-2.232100399374533,0.17518248175182483,128,0.4296875,-2.2321003993745334,0.9428963247499343,21,0.5,374,0.42245989304812837,1.0495892496151722,2.8493038259203574,0.007618459427594538,-5.370586713647432,0.38235294117647056,343,0.42565597667638483,-5.370586713647434,1.2391543326603391,17,0.4117647058823529
SPXW,"d65ret,d80,d80_zero",0.0,1,score_desc,d50ret,21,2,0,False,False,False,False,False,-15.783176081150494,17.232882873603028,-15.783176081150494,104,0.4423076923076923,1.3022354952094766,4.879315170483867,0.04691649202388334,-2.4376385541754653,0.20192307692307693,102,0.45098039215686275,-2.4376385541754653,0.5123669844332033,0,0.5,137,0.43795620437956206,1.1341685715451886,2.94147816933041,0.021470643571754818,-2.2321003993745334,0.18248175182481752,128,0.4375,-2.2321003993745334,0.8607544843684222,21,0.5,376,0.42021276595744683,1.0469150757339947,2.7184004986337564,0.00722978856019616,-5.547681647021033,0.3803191489361702,341,0.4281524926686217,-5.547681647021034,1.2988252403313651,17,0.4117647058823529
SPXW,"d65ret,d80,d80_zero",-999999.0,1,score_desc,d50ret,21,2,15,False,False,False,False,False,-15.783176081150494,17.525077169961055,-15.783176081150494,104,0.4423076923076923,1.3022354952094766,4.879315170483867,0.04691649202388334,-2.4376385541754653,0.20192307692307693,102,0.45098039215686275,-2.4376385541754653,0.5123669844332033,0,0.5,137,0.43795620437956206,1.146667787045916,3.2155078404055244,0.023470860148945432,-2.232100399374533,0.17518248175182483,128,0.4296875,-2.2321003993745334,0.9428963247499343,21,0.5,378,0.42328042328042326,1.046475882301896,2.6951742268729664,0.00713009054728298,-5.889113059137491,0.38095238095238093,350,0.4228571428571429,-5.889113059137494,1.124501396138403,19,0.4117647058823529
SPXW,"d65ret,d80,d80_zero",-999999.0,1,score_desc,d50ret,21,2,30,False,False,False,False,False,-15.783176081150494,17.268607879764197,-15.783176081150494,104,0.4423076923076923,1.3022354952094766,4.879315170483867,0.04691649202388334,-2.4376385541754653,0.20192307692307693,102,0.45098039215686275,-2.4376385541754653,0.5123669844332033,0,0.5,137,0.43795620437956206,1.1351463798036932,2.9929881265306473,0.021846628660807645,-2.2353773138242152,0.18248175182481752,128,0.4296875,-2.2353773138242152,1.012997845881004,21,0.5,378,0.42328042328042326,1.046475882301896,2.6951742268729664,0.00713009054728298,-5.889113059137491,0.3835978835978836,350,0.4228571428571429,-5.889113059137494,1.124501396138403,19,0.4117647058823529
SPXW,"d65ret,d80,d80_zero",0.0,1,score_desc,d50ret,21,2,30,False,False,False,False,False,-15.783176081150494,17.268607879764197,-15.783176081150494,104,0.4423076923076923,1.3022354952094766,4.879315170483867,0.04691649202388334,-2.4376385541754653,0.20192307692307693,102,0.45098039215686275,-2.4376385541754653,0.5123669844332033,0,0.5,137,0.43795620437956206,1.1351463798036932,2.9929881265306473,0.021846628660807645,-2.2353773138242152,0.18248175182481752,128,0.4296875,-2.2353773138242152,1.012997845881004,21,0.5,372,0.4220430107526882,1.0463504568522888,2.649303825920357,0.00712178447828053,-5.370586713647434,0.3817204301075269,343,0.4227405247813411,-5.370586713647435,1.3326999894881184,17,0.4117647058823529
SPXW,"d50ret,d65ret,d80",-999999.0,1,score_desc,d80_zero,21,2,15,False,False,False,False,False,-15.783176081150494,15.24044672199753,-15.783176081150494,104,0.4423076923076923,1.3022354952094766,4.879315170483867,0.04691649202388334,-2.3999999999999986,0.21153846153846154,102,0.45098039215686275,-2.3999999999999986,0.5123669844332033,0,0.5,134,0.417910447761194,1.0991642696599724,2.253664623842994,0.01681839271524622,-3.738411134291896,0.208955223880597,128,0.4140625,-3.738411134291896,1.3198341225131904,20,0.3333333333333333,367,0.4032697547683924,1.0451264076668914,2.6876916740197823,0.007323410555912214,-5.2907831238997405,0.3569482288828338,349,0.4154727793696275,-5.2907831238997405,1.4882659490541543,19,0.5882352941176471
SPXW,"d50ret,d65ret,d80",-999999.0,1,score_desc,d80_zero,21,2,30,False,False,False,False,False,-15.783176081150494,16.63106384947884,-15.783176081150494,104,0.4423076923076923,1.3022354952094766,4.879315170483867,0.04691649202388334,-2.3999999999999986,0.21153846153846154,102,0.45098039215686275,-2.3999999999999986,0.5123669844332033,0,0.5,134,0.4253731343283582,1.1361627470085645,3.0536646238429936,0.022788541968977564,-3.7384111342918955,0.208955223880597,128,0.4140625,-3.7384111342918955,1.2275392369730915,20,0.3333333333333333,367,0.4032697547683924,1.0451264076668914,2.687691674019782,0.007323410555912212,-5.29078312389974,0.3542234332425068,349,0.4154727793696275,-5.29078312389974,1.4882659490541545,19,0.5882352941176471
SPXW,"d50ret,d65ret,d80",-999999.0,1,score_desc,d80_zero,21,3,15,False,False,False,False,False,-15.783176081150494,15.24044672199753,-15.783176081150494,104,0.4423076923076923,1.3022354952094766,4.879315170483867,0.04691649202388334,-2.3999999999999986,0.21153846153846154,102,0.45098039215686275,-2.3999999999999986,0.5123669844332033,0,0.5,134,0.417910447761194,1.0991642696599724,2.253664623842994,0.01681839271524622,-3.738411134291896,0.208955223880597,128,0.4140625,-3.738411134291896,1.3198341225131904,20,0.3333333333333333,367,0.4032697547683924,1.0451264076668914,2.6876916740197823,0.007323410555912214,-5.2907831238997405,0.3569482288828338,349,0.4154727793696275,-5.2907831238997405,1.4882659490541543,19,0.5882352941176471
SPXW,"d50ret,d65ret,d80",-999999.0,1,score_desc,d80_zero,21,3,30,False,False,False,False,False,-15.783176081150494,16.63106384947884,-15.783176081150494,104,0.4423076923076923,1.3022354952094766,4.879315170483867,0.04691649202388334,-2.3999999999999986,0.21153846153846154,102,0.45098039215686275,-2.3999999999999986,0.5123669844332033,0,0.5,134,0.4253731343283582,1.1361627470085645,3.0536646238429936,0.022788541968977564,-3.7384111342918955,0.208955223880597,128,0.4140625,-3.7384111342918955,1.2275392369730915,20,0.3333333333333333,367,0.4032697547683924,1.0451264076668914,2.687691674019782,0.007323410555912212,-5.29078312389974,0.3542234332425068,349,0.4154727793696275,-5.29078312389974,1.4882659490541545,19,0.5882352941176471
SPXW,"d50ret,d65ret,d80",-999999.0,1,score_desc,d80_zero,21,4,15,False,False,False,False,False,-15.783176081150494,15.24044672199753,-15.783176081150494,104,0.4423076923076923,1.3022354952094766,4.879315170483867,0.04691649202388334,-2.3999999999999986,0.21153846153846154,102,0.45098039215686275,-2.3999999999999986,0.5123669844332033,0,0.5,134,0.417910447761194,1.0991642696599724,2.253664623842994,0.01681839271524622,-3.738411134291896,0.208955223880597,128,0.4140625,-3.738411134291896,1.3198341225131904,20,0.3333333333333333,367,0.4032697547683924,1.0451264076668914,2.6876916740197823,0.007323410555912214,-5.2907831238997405,0.3569482288828338,349,0.4154727793696275,-5.2907831238997405,1.4882659490541543,19,0.5882352941176471
SPXW,"d50ret,d65ret,d80",-999999.0,1,score_desc,d80_zero,21,4,30,False,False,False,False,False,-15.783176081150494,16.63106384947884,-15.783176081150494,104,0.4423076923076923,1.3022354952094766,4.879315170483867,0.04691649202388334,-2.3999999999999986,0.21153846153846154,102,0.45098039215686275,-2.3999999999999986,0.5123669844332033,0,0.5,134,0.4253731343283582,1.1361627470085645,3.0536646238429936,0.022788541968977564,-3.7384111342918955,0.208955223880597,128,0.4140625,-3.7384111342918955,1.2275392369730915,20,0.3333333333333333,367,0.4032697547683924,1.0451264076668914,2.687691674019782,0.007323410555912212,-5.29078312389974,0.3542234332425068,349,0.4154727793696275,-5.29078312389974,1.4882659490541545,19,0.5882352941176471
SPXW,"d65ret,d80,d80_zero",0.0,1,score_desc,d50ret,21,3,15,False,False,False,False,False,-15.783176081150494,17.525077169961055,-15.783176081150494,104,0.4423076923076923,1.3022354952094766,4.879315170483867,0.04691649202388334,-2.4376385541754653,0.20192307692307693,102,0.4411764705882353,-2.4376385541754653,0.5123669844332033,0,0.5,137,0.43795620437956206,1.146667787045916,3.2155078404055244,0.023470860148945432,-2.232100399374533,0.17518248175182483,128,0.4296875,-2.2321003993745334,0.9428963247499343,21,0.5,374,0.42245989304812837,1.044350325108458,2.5610685318027104,0.006847776823001899,-5.370586713647433,0.37967914438502676,343,0.4227405247813411,-5.370586713647434,1.3786148777790215,17,0.4117647058823529
SPXW,"d65ret,d80,d80_zero",0.0,1,score_desc,d50ret,21,4,15,False,False,False,False,False,-15.783176081150494,17.525077169961055,-15.783176081150494,104,0.4423076923076923,1.3022354952094766,4.879315170483867,0.04691649202388334,-2.4376385541754653,0.20192307692307693,102,0.4411764705882353,-2.4376385541754653,0.5123669844332033,0,0.5,137,0.43795620437956206,1.146667787045916,3.2155078404055244,0.023470860148945432,-2.232100399374533,0.17518248175182483,128,0.4296875,-2.2321003993745334,0.9428963247499343,21,0.5,374,0.42245989304812837,1.044350325108458,2.5610685318027104,0.006847776823001899,-5.370586713647433,0.37967914438502676,343,0.4227405247813411,-5.370586713647434,1.3786148777790215,17,0.4117647058823529
SPXW,"d65ret,d80,d80_zero",-999999.0,1,score_desc,d50ret,21,2,0,False,False,False,False,False,-15.783176081150494,17.232882873603028,-15.783176081150494,104,0.4423076923076923,1.3022354952094766,4.879315170483867,0.04691649202388334,-2.4376385541754653,0.20192307692307693,102,0.45098039215686275,-2.4376385541754653,0.5123669844332033,0,0.5,137,0.43795620437956206,1.1341685715451886,2.94147816933041,0.021470643571754818,-2.2321003993745334,0.18248175182481752,128,0.4375,-2.2321003993745334,0.8607544843684222,21,0.5,380,0.42105263157894735,1.0438518879770577,2.5642708995863663,0.0067480813147009645,-6.066207992511089,0.3763157894736842,350,0.4257142857142857,-6.066207992511092,1.1819060074517742,19,0.4117647058823529
SPXW,"d65ret,d80,d80_zero",0.0,1,score_desc,d50ret,21,3,0,False,False,False,False,False,-15.783176081150494,17.232882873603028,-15.783176081150494,104,0.4423076923076923,1.3022354952094766,4.879315170483867,0.04691649202388334,-2.4376385541754653,0.20192307692307693,102,0.4411764705882353,-2.4376385541754653,0.5123669844332033,0,0.5,137,0.43795620437956206,1.1341685715451886,2.94147816933041,0.021470643571754818,-2.2321003993745334,0.18248175182481752,128,0.4375,-2.2321003993745334,0.8607544843684222,21,0.5,376,0.42021276595744683,1.0417330141834624,2.4301652045161095,0.006463205331159866,-5.547681647021032,0.3776595744680851,341,0.4252199413489736,-5.547681647021034,1.4528753742311622,17,0.4117647058823529
SPXW,"d65ret,d80,d80_zero",0.0,1,score_desc,d50ret,21,4,0,False,False,False,False,False,-15.783176081150494,17.232882873603028,-15.783176081150494,104,0.4423076923076923,1.3022354952094766,4.879315170483867,0.04691649202388334,-2.4376385541754653,0.20192307692307693,102,0.4411764705882353,-2.4376385541754653,0.5123669844332033,0,0.5,137,0.43795620437956206,1.1341685715451886,2.94147816933041,0.021470643571754818,-2.2321003993745334,0.18248175182481752,128,0.4375,-2.2321003993745334,0.8607544843684222,21,0.5,376,0.42021276595744683,1.0417330141834624,2.4301652045161095,0.006463205331159866,-5.547681647021032,0.3776595744680851,341,0.4252199413489736,-5.547681647021034,1.4528753742311622,17,0.4117647058823529
SPXW,"d65ret,d80,d80_zero",-999999.0,1,score_desc,d50ret,21,3,15,False,False,False,False,False,-15.783176081150494,17.525077169961055,-15.783176081150494,104,0.4423076923076923,1.3022354952094766,4.879315170483867,0.04691649202388334,-2.4376385541754653,0.20192307692307693,102,0.4411764705882353,-2.4376385541754653,0.5123669844332033,0,0.5,137,0.43795620437956206,1.146667787045916,3.2155078404055244,0.023470860148945432,-2.232100399374533,0.17518248175182483,128,0.4296875,-2.2321003993745334,0.9428963247499343,21,0.5,378,0.42328042328042326,1.0413002438947523,2.4069389327553194,0.006367563314167512,-5.889113059137491,0.3783068783068783,350,0.42,-5.889113059137493,1.2591624738420333,19,0.4117647058823529
SPXW,"d65ret,d80,d80_zero",-999999.0,1,score_desc,d50ret,21,3,30,False,False,False,False,False,-15.783176081150494,17.268607879764197,-15.783176081150494,104,0.4423076923076923,1.3022354952094766,4.879315170483867,0.04691649202388334,-2.4376385541754653,0.20192307692307693,102,0.4411764705882353,-2.4376385541754653,0.5123669844332033,0,0.5,137,0.43795620437956206,1.1351463798036932,2.9929881265306473,0.021846628660807645,-2.2353773138242152,0.18248175182481752,128,0.4296875,-2.2353773138242152,1.012997845881004,21,0.5,378,0.42328042328042326,1.0413002438947523,2.4069389327553194,0.006367563314167512,-5.889113059137491,0.38095238095238093,350,0.42,-5.889113059137493,1.2591624738420333,19,0.4117647058823529
SPXW,"d65ret,d80,d80_zero",-999999.0,1,score_desc,d50ret,21,4,15,False,False,False,False,False,-15.783176081150494,17.525077169961055,-15.783176081150494,104,0.4423076923076923,1.3022354952094766,4.879315170483867,0.04691649202388334,-2.4376385541754653,0.20192307692307693,102,0.4411764705882353,-2.4376385541754653,0.5123669844332033,0,0.5,137,0.43795620437956206,1.146667787045916,3.2155078404055244,0.023470860148945432,-2.232100399374533,0.17518248175182483,128,0.4296875,-2.2321003993745334,0.9428963247499343,21,0.5,378,0.42328042328042326,1.0413002438947523,2.4069389327553194,0.006367563314167512,-5.889113059137491,0.3783068783068783,350,0.42,-5.889113059137493,1.2591624738420333,19,0.4117647058823529
SPXW,"d65ret,d80,d80_zero",-999999.0,1,score_desc,d50ret,21,4,30,False,False,False,False,False,-15.783176081150494,17.268607879764197,-15.783176081150494,104,0.4423076923076923,1.3022354952094766,4.879315170483867,0.04691649202388334,-2.4376385541754653,0.20192307692307693,102,0.4411764705882353,-2.4376385541754653,0.5123669844332033,0,0.5,137,0.43795620437956206,1.1351463798036932,2.9929881265306473,0.021846628660807645,-2.2353773138242152,0.18248175182481752,128,0.4296875,-2.2353773138242152,1.012997845881004,21,0.5,378,0.42328042328042326,1.0413002438947523,2.4069389327553194,0.006367563314167512,-5.889113059137491,0.38095238095238093,350,0.42,-5.889113059137493,1.2591624738420333,19,0.4117647058823529
SPXW,"d65ret,d80,d80_zero",0.0,1,score_desc,d50ret,21,3,30,False,False,False,False,False,-15.783176081150494,17.268607879764197,-15.783176081150494,104,0.4423076923076923,1.3022354952094766,4.879315170483867,0.04691649202388334,-2.4376385541754653,0.20192307692307693,102,0.4411764705882353,-2.4376385541754653,0.5123669844332033,0,0.5,137,0.43795620437956206,1.1351463798036932,2.9929881265306473,0.021846628660807645,-2.2353773138242152,0.18248175182481752,128,0.4296875,-2.2353773138242152,1.012997845881004,21,0.5,372,0.4220430107526882,1.0411004238385249,2.3610685318027103,0.00634695841882449,-5.370586713647436,0.3790322580645161,343,0.4198250728862974,-5.370586713647438,1.495393773368844,17,0.4117647058823529
SPXW,"d65ret,d80,d80_zero",0.0,1,score_desc,d50ret,21,4,30,False,False,False,False,False,-15.783176081150494,17.268607879764197,-15.783176081150494,104,0.4423076923076923,1.3022354952094766,4.879315170483867,0.04691649202388334,-2.4376385541754653,0.20192307692307693,102,0.4411764705882353,-2.4376385541754653,0.5123669844332033,0,0.5,137,0.43795620437956206,1.1351463798036932,2.9929881265306473,0.021846628660807645,-2.2353773138242152,0.18248175182481752,128,0.4296875,-2.2353773138242152,1.012997845881004,21,0.5,372,0.4220430107526882,1.0411004238385249,2.3610685318027103,0.00634695841882449,-5.370586713647436,0.3790322580645161,343,0.4198250728862974,-5.370586713647438,1.495393773368844,17,0.4117647058823529
SPXW,"d65ret,d80,d80_zero",-999999.0,1,score_desc,d50ret,21,3,0,False,False,False,False,False,-15.783176081150494,17.232882873603028,-15.783176081150494,104,0.4423076923076923,1.3022354952094766,4.879315170483867,0.04691649202388334,-2.4376385541754653,0.20192307692307693,102,0.4411764705882353,-2.4376385541754653,0.5123669844332033,0,0.5,137,0.43795620437956206,1.1341685715451886,2.94147816933041,0.021470643571754818,-2.2321003993745334,0.18248175182481752,128,0.4375,-2.2321003993745334,0.8607544843684222,21,0.5,380,0.42105263157894735,1.0387318286855878,2.2760356054687194,0.005989567382812419,-6.06620799251109,0.3736842105263158,350,0.4228571428571429,-6.066207992511092,1.331581620987319,19,0.4117647058823529
SPXW,"d65ret,d80,d80_zero",-999999.0,1,score_desc,d50ret,21,4,0,False,False,False,False,False,-15.783176081150494,17.232882873603028,-15.783176081150494,104,0.4423076923076923,1.3022354952094766,4.879315170483867,0.04691649202388334,-2.4376385541754653,0.20192307692307693,102,0.4411764705882353,-2.4376385541754653,0.5123669844332033,0,0.5,137,0.43795620437956206,1.1341685715451886,2.94147816933041,0.021470643571754818,-2.2321003993745334,0.18248175182481752,128,0.4375,-2.2321003993745334,0.8607544843684222,21,0.5,380,0.42105263157894735,1.0387318286855878,2.2760356054687194,0.005989567382812419,-6.06620799251109,0.3736842105263158,350,0.4228571428571429,-6.066207992511092,1.331581620987319,19,0.4117647058823529
SPXW,"d50ret,d65ret,d80",0.0,1,score_desc,d80_zero,21,2,15,False,False,False,False,False,-15.783176081150494,15.24044672199753,-15.783176081150494,104,0.4423076923076923,1.3022354952094766,4.879315170483867,0.04691649202388334,-2.3999999999999986,0.21153846153846154,102,0.45098039215686275,-2.3999999999999986,0.5123669844332033,0,0.5,134,0.417910447761194,1.0991642696599724,2.253664623842994,0.01681839271524622,-3.738411134291896,0.208955223880597,128,0.4140625,-3.738411134291896,1.3198341225131904,20,0.3333333333333333,360,0.39444444444444443,1.032534521687207,1.9305307263011153,0.0053625853508364315,-5.442025524703038,0.3527777777777778,341,0.40762463343108507,-5.442025524703037,2.0719690940449182,17,0.6470588235294118
SPXW,"d50ret,d65ret,d80",0.0,1,score_desc,d80_zero,21,2,30,False,False,False,False,False,-15.783176081150494,16.63106384947884,-15.783176081150494,104,0.4423076923076923,1.3022354952094766,4.879315170483867,0.04691649202388334,-2.3999999999999986,0.21153846153846154,102,0.45098039215686275,-2.3999999999999986,0.5123669844332033,0,0.5,134,0.4253731343283582,1.1361627470085645,3.0536646238429936,0.022788541968977564,-3.7384111342918955,0.208955223880597,128,0.4140625,-3.7384111342918955,1.2275392369730915,20,0.3333333333333333,360,0.39444444444444443,1.032534521687207,1.9305307263011153,0.0053625853508364315,-5.442025524703038,0.35,341,0.40762463343108507,-5.442025524703037,2.0719690940449182,17,0.6470588235294118
SPXW,"d50ret,d65ret,d80",0.0,1,score_desc,d80_zero,21,3,15,False,False,False,False,False,-15.783176081150494,15.24044672199753,-15.783176081150494,104,0.4423076923076923,1.3022354952094766,4.879315170483867,0.04691649202388334,-2.3999999999999986,0.21153846153846154,102,0.45098039215686275,-2.3999999999999986,0.5123669844332033,0,0.5,134,0.417910447761194,1.0991642696599724,2.253664623842994,0.01681839271524622,-3.738411134291896,0.208955223880597,128,0.4140625,-3.738411134291896,1.3198341225131904,20,0.3333333333333333,360,0.39444444444444443,1.032534521687207,1.9305307263011153,0.0053625853508364315,-5.442025524703038,0.3527777777777778,341,0.40762463343108507,-5.442025524703037,2.0719690940449182,17,0.6470588235294118
SPXW,"d50ret,d65ret,d80",0.0,1,score_desc,d80_zero,21,3,30,False,False,False,False,False,-15.783176081150494,16.63106384947884,-15.783176081150494,104,0.4423076923076923,1.3022354952094766,4.879315170483867,0.04691649202388334,-2.3999999999999986,0.21153846153846154,102,0.45098039215686275,-2.3999999999999986,0.5123669844332033,0,0.5,134,0.4253731343283582,1.1361627470085645,3.0536646238429936,0.022788541968977564,-3.7384111342918955,0.208955223880597,128,0.4140625,-3.7384111342918955,1.2275392369730915,20,0.3333333333333333,360,0.39444444444444443,1.032534521687207,1.9305307263011153,0.0053625853508364315,-5.442025524703038,0.35,341,0.40762463343108507,-5.442025524703037,2.0719690940449182,17,0.6470588235294118
SPXW,"d50ret,d65ret,d80",0.0,1,score_desc,d80_zero,21,4,15,False,False,False,False,False,-15.783176081150494,15.24044672199753,-15.783176081150494,104,0.4423076923076923,1.3022354952094766,4.879315170483867,0.04691649202388334,-2.3999999999999986,0.21153846153846154,102,0.45098039215686275,-2.3999999999999986,0.5123669844332033,0,0.5,134,0.417910447761194,1.0991642696599724,2.253664623842994,0.01681839271524622,-3.738411134291896,0.208955223880597,128,0.4140625,-3.738411134291896,1.3198341225131904,20,0.3333333333333333,360,0.39444444444444443,1.032534521687207,1.9305307263011153,0.0053625853508364315,-5.442025524703038,0.3527777777777778,341,0.40762463343108507,-5.442025524703037,2.0719690940449182,17,0.6470588235294118
SPXW,"d50ret,d65ret,d80",0.0,1,score_desc,d80_zero,21,4,30,False,False,False,False,False,-15.783176081150494,16.63106384947884,-15.783176081150494,104,0.4423076923076923,1.3022354952094766,4.879315170483867,0.04691649202388334,-2.3999999999999986,0.21153846153846154,102,0.45098039215686275,-2.3999999999999986,0.5123669844332033,0,0.5,134,0.4253731343283582,1.1361627470085645,3.0536646238429936,0.022788541968977564,-3.7384111342918955,0.208955223880597,128,0.4140625,-3.7384111342918955,1.2275392369730915,20,0.3333333333333333,360,0.39444444444444443,1.032534521687207,1.9305307263011153,0.0053625853508364315,-5.442025524703038,0.35,341,0.40762463343108507,-5.442025524703037,2.0719690940449182,17,0.6470588235294118
SPXW,"d65ret,d80,d80_zero",-999999.0,1,score_desc,d65win,22,2,30,False,False,False,False,False,-15.820564869252472,20.871826001838663,-15.820564869252472,115,0.45217391304347826,1.275634374219302,4.702388164648697,0.040890331866510414,-2.9958630366639625,0.2,102,0.47058823529411764,-2.9958630366639625,0.6388438231125109,0,0.6666666666666666,139,0.460431654676259,1.218618146441123,4.610233801583529,0.033167149651680064,-2.0568431598327024,0.18705035971223022,128,0.453125,-2.056843159832702,0.6739700230389601,22,0.6666666666666666,390,0.41794871794871796,1.0328565939627132,1.9343362035148548,0.004959836419268859,-5.4338171507977355,0.37948717948717947,350,0.41714285714285715,-5.433817150797736,1.8113794486458787,21,0.47058823529411764
SPXW,"d65ret,d80,d80_zero",0.0,1,score_desc,d65win,22,2,30,False,False,False,False,False,-15.820564869252472,20.871826001838663,-15.820564869252472,115,0.45217391304347826,1.275634374219302,4.702388164648697,0.040890331866510414,-2.9958630366639625,0.2,102,0.47058823529411764,-2.9958630366639625,0.6388438231125109,0,0.6666666666666666,139,0.460431654676259,1.218618146441123,4.610233801583529,0.033167149651680064,-2.0568431598327024,0.18705035971223022,128,0.453125,-2.056843159832702,0.6739700230389601,22,0.6666666666666666,388,0.41237113402061853,1.0282860593305572,1.6562209030140438,0.0042686105747784635,-4.979805458557385,0.37371134020618557,345,0.4144927536231884,-4.979805458557386,2.1155492238035047,20,0.47058823529411764
SPXW,"d50ret,d80",0.0,1,score_desc,d80,22,2,0,False,False,False,False,False,-15.84019025295548,20.49913941257828,-15.84019025295548,69,0.4782608695652174,1.2995939401189411,3.170677099470383,0.0459518420213099,-1.6,0.18840579710144928,61,0.5409836065573771,-1.6,0.788475117954329,0,0.3333333333333333,132,0.48484848484848486,1.4596880267257506,9.168782054467439,0.06946047010960181,-2.6831111484103736,0.14393939393939395,120,0.5,-2.6831111484103736,0.46336504860576294,16,0.6666666666666666,369,0.4254742547425474,1.131965849397361,7.15102020188502,0.01937945854169382,-3.701721634922909,0.33604336043360433,321,0.42990654205607476,-3.7017216349229094,0.6992009334111505,15,0.7058823529411765
SPXW,"d50ret,d80",0.0,1,score_desc,d80,22,2,15,False,False,False,False,False,-15.84019025295548,20.49913941257828,-15.84019025295548,69,0.4782608695652174,1.2995939401189411,3.170677099470383,0.0459518420213099,-1.6,0.18840579710144928,61,0.5409836065573771,-1.6,0.788475117954329,0,0.3333333333333333,132,0.48484848484848486,1.4596880267257506,9.168782054467439,0.06946047010960181,-2.6831111484103736,0.14393939393939395,120,0.5,-2.6831111484103736,0.46336504860576294,16,0.6666666666666666,368,0.42391304347826086,1.1273858731000834,6.902096841267483,0.018755697938226856,-3.701721634922909,0.33695652173913043,321,0.42990654205607476,-3.7017216349229094,0.7244175378857497,15,0.7058823529411765
SPXW,"d50ret,d80",0.0,1,score_desc,d80,22,2,30,False,False,False,False,False,-15.84019025295548,20.49913941257828,-15.84019025295548,69,0.4782608695652174,1.2995939401189411,3.170677099470383,0.0459518420213099,-1.6,0.18840579710144928,61,0.5409836065573771,-1.6,0.788475117954329,0,0.3333333333333333,132,0.48484848484848486,1.4596880267257506,9.168782054467439,0.06946047010960181,-2.6831111484103736,0.14393939393939395,120,0.5,-2.6831111484103736,0.46336504860576294,16,0.6666666666666666,368,0.421195652173913,1.1120008533200645,6.102096841267482,0.016581784894748593,-4.472362281198973,0.33695652173913043,321,0.42679127725856697,-4.472362281198973,0.8193904702045728,15,0.7058823529411765
SPXW,"d50ret,d80",-999999.0,1,score_desc,d80,22,2,0,False,False,False,False,False,-15.84019025295548,24.412586993459335,-15.84019025295548,69,0.4782608695652174,1.2995939401189411,3.170677099470383,0.0459518420213099,-1.6,0.18840579710144928,61,0.5409836065573771,-1.6,0.788475117954329,0,0.3333333333333333,137,0.4744525547445255,1.4043294488247344,8.387323924282983,0.061221342513014476,-2.6831111484103736,0.16058394160583941,127,0.4881889763779528,-2.6831111484103736,0.4469236166581468,21,0.6666666666666666,383,0.42036553524804177,1.1030485892764503,5.768570271335408,0.01506154117842143,-3.701721634922909,0.35509138381201044,348,0.43103448275862066,-3.7017216349229094,0.6961536222776784,19,0.6470588235294118
SPXW,"d50ret,d80",-999999.0,1,score_desc,d80,22,2,15,False,False,False,False,False,-15.84019025295548,24.412586993459335,-15.84019025295548,69,0.4782608695652174,1.2995939401189411,3.170677099470383,0.0459518420213099,-1.6,0.18840579710144928,61,0.5409836065573771,-1.6,0.788475117954329,0,0.3333333333333333,137,0.4744525547445255,1.4043294488247344,8.387323924282983,0.061221342513014476,-2.6831111484103736,0.16058394160583941,127,0.4881889763779528,-2.6831111484103736,0.4469236166581468,21,0.6666666666666666,382,0.418848167539267,1.098497859943983,5.513824407035009,0.01443409530637437,-3.701721634922909,0.35602094240837695,348,0.43103448275862066,-3.7017216349229094,0.6857792404252789,19,0.6470588235294118
SPXW,"d50ret,d80",-999999.0,1,score_desc,d80,22,2,30,False,False,False,False,False,-15.84019025295548,24.412586993459335,-15.84019025295548,69,0.4782608695652174,1.2995939401189411,3.170677099470383,0.0459518420213099,-1.6,0.18840579710144928,61,0.5409836065573771,-1.6,0.788475117954329,0,0.3333333333333333,137,0.4744525547445255,1.4043294488247344,8.387323924282983,0.061221342513014476,-2.6831111484103736,0.16058394160583941,127,0.4881889763779528,-2.6831111484103736,0.4469236166581468,21,0.6666666666666666,382,0.4162303664921466,1.0837579488460014,4.713824407035009,0.012339854468678035,-4.472362281198973,0.35602094240837695,348,0.4281609195402299,-4.472362281198973,0.8021652881366544,19,0.5882352941176471
SPXW,"d80,d80_front",0.0,1,score_desc,d65ret,22,2,30,False,False,False,False,False,-15.848373405418883,23.464975688303284,-15.848373405418883,112,0.4642857142857143,1.2846466972643424,4.1231099475887,0.03681348167489911,-2.016069374745981,0.16964285714285715,102,0.49019607843137253,-2.016069374745981,0.7276061124090267,0,0.6666666666666666,134,0.4701492537313433,1.3496874866398794,6.6309113142296985,0.04948441279275895,-1.9774802861251226,0.13432835820895522,124,0.4838709677419355,-1.9774802861251226,0.564119826303443,20,0.8333333333333334,385,0.44935064935064933,1.1479688349154664,7.383916514232247,0.019179003933070773,-5.64749454888347,0.4051948051948052,342,0.4502923976608187,-5.64749454888347,0.5471675833413546,19,0.5882352941176471
SPXW,"d65ret,d80,d80_zero",0.0,1,score_desc,d80,22,3,30,False,False,False,False,False,-15.851082551858052,15.079911125584784,-15.851082551858052,110,0.44545454545454544,1.3007091533189974,5.1253120170407565,0.046593745609461425,-2.3999999999999986,0.18181818181818182,102,0.46078431372549017,-2.3999999999999986,0.5162606369640359,0,0.5,137,0.4233576642335766,1.0969681614827291,2.1829890390620816,0.015934226562496948,-2.2774802861251233,0.1678832116788321,128,0.4296875,-2.277480286125123,1.1452187598129773,21,0.3333333333333333,374,0.42780748663101603,1.087684410116628,5.0003931751298065,0.013370035227619804,-3.7641955593450045,0.3663101604278075,337,0.42729970326409494,-3.7641955593450036,0.9329867399137511,15,0.5294117647058824
SPXW,"d65ret,d80,d80_zero",0.0,1,score_desc,d80,22,4,30,False,False,False,False,False,-15.851082551858052,15.079911125584784,-15.851082551858052,110,0.44545454545454544,1.3007091533189974,5.1253120170407565,0.046593745609461425,-2.3999999999999986,0.18181818181818182,102,0.46078431372549017,-2.3999999999999986,0.5162606369640359,0,0.5,137,0.4233576642335766,1.0969681614827291,2.1829890390620816,0.015934226562496948,-2.2774802861251233,0.1678832116788321,128,0.4296875,-2.277480286125123,1.1452187598129773,21,0.3333333333333333,374,0.42780748663101603,1.087684410116628,5.0003931751298065,0.013370035227619804,-3.7641955593450045,0.3663101604278075,337,0.42729970326409494,-3.7641955593450036,0.9329867399137511,15,0.5294117647058824
SPXW,"d65ret,d80,d80_zero",-999999.0,1,score_desc,d80,22,3,30,False,False,False,False,False,-15.851082551858052,15.079911125584784,-15.851082551858052,110,0.44545454545454544,1.3007091533189974,5.1253120170407565,0.046593745609461425,-2.3999999999999986,0.18181818181818182,102,0.46078431372549017,-2.3999999999999986,0.5162606369640359,0,0.5,137,0.4233576642335766,1.0969681614827291,2.1829890390620816,0.015934226562496948,-2.2774802861251233,0.1678832116788321,128,0.4296875,-2.277480286125123,1.1452187598129773,21,0.3333333333333333,382,0.42670157068062825,1.0684484145162114,3.9998121487064973,0.01047071243116884,-3.764195559345005,0.36649214659685864,349,0.4269340974212034,-3.7641955593450054,1.0464245467994389,19,0.47058823529411764
SPXW,"d65ret,d80,d80_zero",-999999.0,1,score_desc,d80,22,4,30,False,False,False,False,False,-15.851082551858052,15.079911125584784,-15.851082551858052,110,0.44545454545454544,1.3007091533189974,5.1253120170407565,0.046593745609461425,-2.3999999999999986,0.18181818181818182,102,0.46078431372549017,-2.3999999999999986,0.5162606369640359,0,0.5,137,0.4233576642335766,1.0969681614827291,2.1829890390620816,0.015934226562496948,-2.2774802861251233,0.1678832116788321,128,0.4296875,-2.277480286125123,1.1452187598129773,21,0.3333333333333333,382,0.42670157068062825,1.0684484145162114,3.9998121487064973,0.01047071243116884,-3.764195559345005,0.36649214659685864,349,0.4269340974212034,-3.7641955593450054,1.0464245467994389,19,0.47058823529411764
SPXW,"d65ret,d80,d80_zero",0.0,1,score_desc,d80,22,3,15,False,False,False,False,False,-15.851082551858052,15.079911125584784,-15.851082551858052,110,0.44545454545454544,1.3007091533189974,5.1253120170407565,0.046593745609461425,-2.3999999999999986,0.18181818181818182,102,0.46078431372549017,-2.3999999999999986,0.5162606369640359,0,0.5,137,0.4233576642335766,1.0969681614827291,2.1829890390620816,0.015934226562496948,-2.2774802861251233,0.1678832116788321,128,0.4296875,-2.277480286125123,1.1452187598129773,21,0.3333333333333333,374,0.4197860962566845,1.0497513757575239,2.8819560682147904,0.00770576488827484,-4.197867728968896,0.3689839572192513,337,0.42136498516320475,-4.1125954614764755,1.6187965452371451,15,0.5294117647058824
SPXW,"d65ret,d80,d80_zero",0.0,1,score_desc,d80,22,4,15,False,False,False,False,False,-15.851082551858052,15.079911125584784,-15.851082551858052,110,0.44545454545454544,1.3007091533189974,5.1253120170407565,0.046593745609461425,-2.3999999999999986,0.18181818181818182,102,0.46078431372549017,-2.3999999999999986,0.5162606369640359,0,0.5,137,0.4233576642335766,1.0969681614827291,2.1829890390620816,0.015934226562496948,-2.2774802861251233,0.1678832116788321,128,0.4296875,-2.277480286125123,1.1452187598129773,21,0.3333333333333333,374,0.4197860962566845,1.0497513757575239,2.8819560682147904,0.00770576488827484,-4.197867728968896,0.3689839572192513,337,0.42136498516320475,-4.1125954614764755,1.6187965452371451,15,0.5294117647058824
SPXW,"d65ret,d80,d80_zero",0.0,1,score_desc,d80,22,3,0,False,False,False,False,False,-15.851082551858052,15.83818601340459,-15.851082551858052,110,0.44545454545454544,1.3007091533189974,5.1253120170407565,0.046593745609461425,-2.3999999999999986,0.18181818181818182,102,0.46078431372549017,-2.3999999999999986,0.5162606369640359,0,0.5,137,0.4306569343065693,1.1103908432034146,2.477590036953746,0.018084598809881357,-2.277480286125123,0.17518248175182483,128,0.4296875,-2.2774802861251224,1.0090450650478913,21,0.3333333333333333,376,0.4175531914893617,1.0395341209291566,2.3220470204633066,0.006175656969317305,-4.757776776720382,0.3670212765957447,336,0.41369047619047616,-4.672504509227962,2.0476527057370735,15,0.5294117647058824
SPXW,"d65ret,d80,d80_zero",0.0,1,score_desc,d80,22,4,0,False,False,False,False,False,-15.851082551858052,15.83818601340459,-15.851082551858052,110,0.44545454545454544,1.3007091533189974,5.1253120170407565,0.046593745609461425,-2.3999999999999986,0.18181818181818182,102,0.46078431372549017,-2.3999999999999986,0.5162606369640359,0,0.5,137,0.4306569343065693,1.1103908432034146,2.477590036953746,0.018084598809881357,-2.277480286125123,0.17518248175182483,128,0.4296875,-2.2774802861251224,1.0090450650478913,21,0.3333333333333333,376,0.4175531914893617,1.0395341209291566,2.3220470204633066,0.006175656969317305,-4.757776776720382,0.3670212765957447,336,0.41369047619047616,-4.672504509227962,2.0476527057370735,15,0.5294117647058824
SPXW,"d65ret,d80,d80_zero",-999999.0,1,score_desc,d80,22,3,15,False,False,False,False,False,-15.851082551858052,15.079911125584784,-15.851082551858052,110,0.44545454545454544,1.3007091533189974,5.1253120170407565,0.046593745609461425,-2.3999999999999986,0.18181818181818182,102,0.46078431372549017,-2.3999999999999986,0.5162606369640359,0,0.5,137,0.4233576642335766,1.0969681614827291,2.1829890390620816,0.015934226562496948,-2.2774802861251233,0.1678832116788321,128,0.4296875,-2.277480286125123,1.1452187598129773,21,0.3333333333333333,382,0.418848167539267,1.0317074506878703,1.881375041791481,0.00492506555442796,-4.5350508852020335,0.36910994764397903,349,0.42120343839541546,-4.449778617709613,2.2247034865560735,19,0.47058823529411764
SPXW,"d65ret,d80,d80_zero",-999999.0,1,score_desc,d80,22,4,15,False,False,False,False,False,-15.851082551858052,15.079911125584784,-15.851082551858052,110,0.44545454545454544,1.3007091533189974,5.1253120170407565,0.046593745609461425,-2.3999999999999986,0.18181818181818182,102,0.46078431372549017,-2.3999999999999986,0.5162606369640359,0,0.5,137,0.4233576642335766,1.0969681614827291,2.1829890390620816,0.015934226562496948,-2.2774802861251233,0.1678832116788321,128,0.4296875,-2.277480286125123,1.1452187598129773,21,0.3333333333333333,382,0.418848167539267,1.0317074506878703,1.881375041791481,0.00492506555442796,-4.5350508852020335,0.36910994764397903,349,0.42120343839541546,-4.449778617709613,2.2247034865560735,19,0.47058823529411764
SPXW,"d65ret,d80,d80_zero",-999999.0,1,score_desc,d80,22,3,0,False,False,False,False,False,-15.851082551858052,15.83818601340459,-15.851082551858052,110,0.44545454545454544,1.3007091533189974,5.1253120170407565,0.046593745609461425,-2.3999999999999986,0.18181818181818182,102,0.46078431372549017,-2.3999999999999986,0.5162606369640359,0,0.5,137,0.4306569343065693,1.1103908432034146,2.477590036953746,0.018084598809881357,-2.277480286125123,0.17518248175182483,128,0.4296875,-2.2774802861251224,1.0090450650478913,21,0.3333333333333333,384,0.4140625,1.0196387860643905,1.1819602232977329,0.003078021414837846,-5.020779193150067,0.3697916666666667,349,0.41260744985673353,-4.935506925657644,3.7395897966173175,19,0.47058823529411764
SPXW,"d65ret,d80,d80_zero",-999999.0,1,score_desc,d80,22,4,0,False,False,False,False,False,-15.851082551858052,15.83818601340459,-15.851082551858052,110,0.44545454545454544,1.3007091533189974,5.1253120170407565,0.046593745609461425,-2.3999999999999986,0.18181818181818182,102,0.46078431372549017,-2.3999999999999986,0.5162606369640359,0,0.5,137,0.4306569343065693,1.1103908432034146,2.477590036953746,0.018084598809881357,-2.277480286125123,0.17518248175182483,128,0.4296875,-2.2774802861251224,1.0090450650478913,21,0.3333333333333333,384,0.4140625,1.0196387860643905,1.1819602232977329,0.003078021414837846,-5.020779193150067,0.3697916666666667,349,0.41260744985673353,-4.935506925657644,3.7395897966173175,19,0.47058823529411764
SPXW,"d50ret,d80,d80_front",0.0,1,score_desc,d65ret,21,2,30,False,False,False,False,False,-15.853290322514345,23.67929800384267,-15.853290322514345,108,0.4722222222222222,1.2853989676639903,4.020571479998435,0.037227513703689215,-2.1,0.1574074074074074,101,0.48514851485148514,-2.1,0.7461625828378924,0,0.6666666666666666,132,0.4696969696969697,1.365660806643935,7.285209268607484,0.055190979307632455,-2.1777454259441864,0.1590909090909091,125,0.488,-2.1777454259441864,0.34316104147792825,20,0.6666666666666666,379,0.44854881266490765,1.188865182578013,10.021905032314699,0.026443021193442478,-4.131378642811022,0.34300791556728233,344,0.438953488372093,-4.131378642811023,0.48882820845834674,19,0.7647058823529411
SPXW,"d50ret,d80,d80_front",0.0,1,score_desc,d65ret,21,3,30,False,False,False,False,False,-15.853290322514345,23.67929800384267,-15.853290322514345,108,0.4722222222222222,1.2853989676639903,4.020571479998435,0.037227513703689215,-2.1,0.1574074074074074,101,0.48514851485148514,-2.1,0.7461625828378924,0,0.6666666666666666,132,0.4696969696969697,1.365660806643935,7.285209268607484,0.055190979307632455,-2.1777454259441864,0.1590909090909091,125,0.488,-2.1777454259441864,0.34316104147792825,20,0.6666666666666666,379,0.44854881266490765,1.1885299760415036,10.004117698359062,0.026396088913876153,-4.131378642811022,0.34300791556728233,344,0.438953488372093,-4.131378642811023,0.48969734563295336,19,0.7647058823529411
SPXW,"d50ret,d80,d80_front",0.0,1,score_desc,d65ret,21,4,30,False,False,False,False,False,-15.853290322514345,23.67929800384267,-15.853290322514345,108,0.4722222222222222,1.2853989676639903,4.020571479998435,0.037227513703689215,-2.1,0.1574074074074074,101,0.48514851485148514,-2.1,0.7461625828378924,0,0.6666666666666666,132,0.4696969696969697,1.365660806643935,7.285209268607484,0.055190979307632455,-2.1777454259441864,0.1590909090909091,125,0.488,-2.1777454259441864,0.34316104147792825,20,0.6666666666666666,379,0.44854881266490765,1.1885299760415036,10.004117698359062,0.026396088913876153,-4.131378642811022,0.34300791556728233,344,0.438953488372093,-4.131378642811023,0.48969734563295336,19,0.7647058823529411
SPXW,"d65ret,d80,d80_zero",-999999.0,1,score_desc,d65win,21,3,0,False,False,False,False,False,-15.90634222531264,19.13175956858968,-15.90634222531264,111,0.45045045045045046,1.274904716417516,4.631576640060614,0.04172591567622175,-2.7376385541754655,0.1981981981981982,102,0.46078431372549017,-2.7376385541754655,0.5535331517408839,0,0.6666666666666666,137,0.45255474452554745,1.1815299413879699,3.881073345724018,0.02832900252353298,-2.3704762549331027,0.18248175182481752,128,0.4375,-2.3704762549331027,0.8005928011877343,21,0.5,383,0.42036553524804177,1.0262054597083334,1.540508647883216,0.004022215790817797,-5.594778607538666,0.3681462140992167,350,0.4142857142857143,-5.594778607538668,2.5462913823293714,21,0.4117647058823529
SPXW,"d65ret,d80,d80_zero",-999999.0,1,score_desc,d65win,21,4,0,False,False,False,False,False,-15.90634222531264,19.13175956858968,-15.90634222531264,111,0.45045045045045046,1.274904716417516,4.631576640060614,0.04172591567622175,-2.7376385541754655,0.1981981981981982,102,0.46078431372549017,-2.7376385541754655,0.5535331517408839,0,0.6666666666666666,137,0.45255474452554745,1.1815299413879699,3.881073345724018,0.02832900252353298,-2.3704762549331027,0.18248175182481752,128,0.4375,-2.3704762549331027,0.8005928011877343,21,0.5,383,0.42036553524804177,1.0262054597083334,1.540508647883216,0.004022215790817797,-5.594778607538666,0.3681462140992167,350,0.4142857142857143,-5.594778607538668,2.5462913823293714,21,0.4117647058823529
SPXW,"d65ret,d80,d80_zero",0.0,1,score_desc,d65win,21,3,0,False,False,False,False,False,-15.90634222531264,19.13175956858968,-15.90634222531264,111,0.45045045045045046,1.274904716417516,4.631576640060614,0.04172591567622175,-2.7376385541754655,0.1981981981981982,102,0.46078431372549017,-2.7376385541754655,0.5535331517408839,0,0.6666666666666666,137,0.45255474452554745,1.1815299413879699,3.881073345724018,0.02832900252353298,-2.3704762549331027,0.18248175182481752,128,0.4375,-2.3704762549331027,0.8005928011877343,21,0.5,380,0.4131578947368421,1.0250765579804046,1.459239860305492,0.0038401048955407683,-5.0275616214372585,0.3631578947368421,343,0.4139941690962099,-5.0275616214372585,2.688100840178332,20,0.4117647058823529
SPXW,"d65ret,d80,d80_zero",0.0,1,score_desc,d65win,21,4,0,False,False,False,False,False,-15.90634222531264,19.13175956858968,-15.90634222531264,111,0.45045045045045046,1.274904716417516,4.631576640060614,0.04172591567622175,-2.7376385541754655,0.1981981981981982,102,0.46078431372549017,-2.7376385541754655,0.5535331517408839,0,0.6666666666666666,137,0.45255474452554745,1.1815299413879699,3.881073345724018,0.02832900252353298,-2.3704762549331027,0.18248175182481752,128,0.4375,-2.3704762549331027,0.8005928011877343,21,0.5,380,0.4131578947368421,1.0250765579804046,1.459239860305492,0.0038401048955407683,-5.0275616214372585,0.3631578947368421,343,0.4139941690962099,-5.0275616214372585,2.688100840178332,20,0.4117647058823529
SPXW,"d65ret,d80_front",0.0,1,score_desc,d80_zero,22,2,30,False,False,False,False,False,-15.94167916533575,-10.45615847625775,-15.94167916533575,85,0.4235294117647059,1.3751429607596415,4.550591625288552,0.053536372062218264,-2.3999999999999986,0.2235294117647059,82,0.43902439024390244,-2.3999999999999986,0.5493791150379211,0,0.5,135,0.42962962962962964,0.9311742923238617,-1.361130619454017,-0.010082449032992718,-3.0242911757522446,0.21481481481481482,128,0.4375,-3.0242911757522446,-1.8367083689608068,20,0.5,364,0.4368131868131868,1.0443728060543758,2.1865637249912844,0.006007043200525507,-5.080235891098269,0.4230769230769231,334,0.44610778443113774,-5.080235891098273,2.1377091433565885,18,0.6470588235294118
SPXW,"d65ret,d80_front",0.0,1,score_desc,d80_zero,22,3,30,False,False,False,False,False,-15.94167916533575,-10.45615847625775,-15.94167916533575,85,0.4235294117647059,1.3751429607596415,4.550591625288552,0.053536372062218264,-2.3999999999999986,0.2235294117647059,82,0.43902439024390244,-2.3999999999999986,0.5493791150379211,0,0.5,135,0.42962962962962964,0.9311742923238617,-1.361130619454017,-0.010082449032992718,-3.0242911757522446,0.21481481481481482,128,0.4375,-3.0242911757522446,-1.8367083689608068,20,0.5,364,0.4368131868131868,1.0443728060543758,2.1865637249912844,0.006007043200525507,-5.080235891098269,0.4230769230769231,334,0.44610778443113774,-5.080235891098273,2.1377091433565885,18,0.6470588235294118
SPXW,"d65ret,d80_front",0.0,1,score_desc,d80_zero,22,4,30,False,False,False,False,False,-15.94167916533575,-10.45615847625775,-15.94167916533575,85,0.4235294117647059,1.3751429607596415,4.550591625288552,0.053536372062218264,-2.3999999999999986,0.2235294117647059,82,0.43902439024390244,-2.3999999999999986,0.5493791150379211,0,0.5,135,0.42962962962962964,0.9311742923238617,-1.361130619454017,-0.010082449032992718,-3.0242911757522446,0.21481481481481482,128,0.4375,-3.0242911757522446,-1.8367083689608068,20,0.5,364,0.4368131868131868,1.0443728060543758,2.1865637249912844,0.006007043200525507,-5.080235891098269,0.4230769230769231,334,0.44610778443113774,-5.080235891098273,2.1377091433565885,18,0.6470588235294118
SPXW,"d65ret,d80_front",0.0,1,score_desc,d80_zero,22,2,0,False,False,False,False,False,-15.94167916533575,-7.738820887339184,-15.94167916533575,85,0.4235294117647059,1.3751429607596415,4.550591625288552,0.053536372062218264,-2.3999999999999986,0.2235294117647059,82,0.43902439024390244,-2.3999999999999986,0.5493791150379211,0,0.5,135,0.4444444444444444,0.9747240190541061,-0.48470448562161783,-0.003590403597197169,-2.518737244774993,0.2222222222222222,128,0.4375,-2.518737244774993,-5.157781852985806,20,0.5,365,0.4328767123287671,1.0266422973087712,1.3292575158807454,0.003641801413371905,-5.095875469599276,0.41643835616438357,333,0.43843843843843844,-5.095875469599277,3.51642718705911,18,0.5294117647058824
SPXW,"d65ret,d80_front",0.0,1,score_desc,d80_zero,22,2,15,False,False,False,False,False,-15.94167916533575,-9.385763858405396,-15.94167916533575,85,0.4235294117647059,1.3751429607596415,4.550591625288552,0.053536372062218264,-2.3999999999999986,0.2235294117647059,82,0.43902439024390244,-2.3999999999999986,0.5493791150379211,0,0.5,135,0.43703703703703706,0.9469515369921522,-1.0331976279455692,-0.007653315762559772,-2.7242911757522443,0.2222222222222222,128,0.4375,-2.724291175752244,-2.4196726089770935,20,0.5,365,0.4328767123287671,1.0214645237398046,1.070924146490281,0.002934038757507619,-5.095875469599278,0.42191780821917807,334,0.4431137724550898,-5.095875469599279,4.3646763244292295,18,0.5882352941176471
SPXW,"d65ret,d80_front",-999999.0,1,score_desc,d80_zero,22,2,30,False,False,False,False,False,-15.94167916533575,-10.45615847625775,-15.94167916533575,85,0.4235294117647059,1.3751429607596415,4.550591625288552,0.053536372062218264,-2.3999999999999986,0.2235294117647059,82,0.43902439024390244,-2.3999999999999986,0.5493791150379211,0,0.5,135,0.42962962962962964,0.9311742923238617,-1.361130619454017,-0.010082449032992718,-3.0242911757522446,0.21481481481481482,128,0.4375,-3.0242911757522446,-1.8367083689608068,20,0.5,373,0.4289544235924933,1.0210348594965188,1.0653749648952244,0.0028562331498531487,-5.656082011661242,0.41823056300268097,345,0.43478260869565216,-5.656082011661243,4.387410462480131,19,0.7058823529411765
SPXW,"d65ret,d80_front",-999999.0,1,score_desc,d80_zero,22,3,30,False,False,False,False,False,-15.94167916533575,-10.45615847625775,-15.94167916533575,85,0.4235294117647059,1.3751429607596415,4.550591625288552,0.053536372062218264,-2.3999999999999986,0.2235294117647059,82,0.43902439024390244,-2.3999999999999986,0.5493791150379211,0,0.5,135,0.42962962962962964,0.9311742923238617,-1.361130619454017,-0.010082449032992718,-3.0242911757522446,0.21481481481481482,128,0.4375,-3.0242911757522446,-1.8367083689608068,20,0.5,373,0.4289544235924933,1.0210348594965188,1.0653749648952244,0.0028562331498531487,-5.656082011661242,0.41823056300268097,345,0.43478260869565216,-5.656082011661243,4.387410462480131,19,0.7058823529411765
SPXW,"d65ret,d80_front",-999999.0,1,score_desc,d80_zero,22,4,30,False,False,False,False,False,-15.94167916533575,-10.45615847625775,-15.94167916533575,85,0.4235294117647059,1.3751429607596415,4.550591625288552,0.053536372062218264,-2.3999999999999986,0.2235294117647059,82,0.43902439024390244,-2.3999999999999986,0.5493791150379211,0,0.5,135,0.42962962962962964,0.9311742923238617,-1.361130619454017,-0.010082449032992718,-3.0242911757522446,0.21481481481481482,128,0.4375,-3.0242911757522446,-1.8367083689608068,20,0.5,373,0.4289544235924933,1.0210348594965188,1.0653749648952244,0.0028562331498531487,-5.656082011661242,0.41823056300268097,345,0.43478260869565216,-5.656082011661243,4.387410462480131,19,0.7058823529411765
SPXW,"d65ret,d80_front",-999999.0,1,score_desc,d80_zero,22,2,0,False,False,False,False,False,-15.94167916533575,-7.738820887339184,-15.94167916533575,85,0.4235294117647059,1.3751429607596415,4.550591625288552,0.053536372062218264,-2.3999999999999986,0.2235294117647059,82,0.43902439024390244,-2.3999999999999986,0.5493791150379211,0,0.5,135,0.4444444444444444,0.9747240190541061,-0.48470448562161783,-0.003590403597197169,-2.518737244774993,0.2222222222222222,128,0.4375,-2.518737244774993,-5.157781852985806,20,0.5,373,0.4289544235924933,1.0207196722344938,1.0497353863942207,0.002814303984971101,-5.671721590162244,0.4155495978552279,345,0.4318840579710145,-5.671721590162246,4.452776697850912,19,0.6470588235294118
SPXW,"d65ret,d80_front",0.0,1,score_desc,d80_zero,22,3,0,False,False,False,False,False,-15.94167916533575,-7.738820887339184,-15.94167916533575,85,0.4235294117647059,1.3751429607596415,4.550591625288552,0.053536372062218264,-2.3999999999999986,0.2235294117647059,82,0.43902439024390244,-2.3999999999999986,0.5493791150379211,0,0.5,135,0.4444444444444444,0.9747240190541061,-0.48470448562161783,-0.003590403597197169,-2.518737244774993,0.2222222222222222,128,0.4375,-2.518737244774993,-5.157781852985806,20,0.5,365,0.4301369863013699,1.0105445009748366,0.5292575158807447,0.001450020591454095,-5.095875469599279,0.41643835616438357,333,0.43843843843843844,-5.09587546959928,8.264856211189523,18,0.5294117647058824
SPXW,"d65ret,d80_front",0.0,1,score_desc,d80_zero,22,4,0,False,False,False,False,False,-15.94167916533575,-7.738820887339184,-15.94167916533575,85,0.4235294117647059,1.3751429607596415,4.550591625288552,0.053536372062218264,-2.3999999999999986,0.2235294117647059,82,0.43902439024390244,-2.3999999999999986,0.5493791150379211,0,0.5,135,0.4444444444444444,0.9747240190541061,-0.48470448562161783,-0.003590403597197169,-2.518737244774993,0.2222222222222222,128,0.4375,-2.518737244774993,-5.157781852985806,20,0.5,365,0.4301369863013699,1.0105445009748366,0.5292575158807447,0.001450020591454095,-5.095875469599279,0.41643835616438357,333,0.43843843843843844,-5.09587546959928,8.264856211189523,18,0.5294117647058824
SPXW,"d65ret,d80_front",0.0,1,score_desc,d80_zero,22,3,15,False,False,False,False,False,-15.94167916533575,-9.385763858405396,-15.94167916533575,85,0.4235294117647059,1.3751429607596415,4.550591625288552,0.053536372062218264,-2.3999999999999986,0.2235294117647059,82,0.43902439024390244,-2.3999999999999986,0.5493791150379211,0,0.5,135,0.43703703703703706,0.9469515369921522,-1.0331976279455692,-0.007653315762559772,-2.7242911757522443,0.2222222222222222,128,0.4375,-2.724291175752244,-2.4196726089770935,20,0.5,365,0.4301369863013699,1.005397674744438,0.2709241464902812,0.0007422579355898114,-5.09587546959928,0.42191780821917807,334,0.4431137724550898,-5.09587546959928,15.732368521646107,18,0.5882352941176471
SPXW,"d65ret,d80_front",0.0,1,score_desc,d80_zero,22,4,15,False,False,False,False,False,-15.94167916533575,-9.385763858405396,-15.94167916533575,85,0.4235294117647059,1.3751429607596415,4.550591625288552,0.053536372062218264,-2.3999999999999986,0.2235294117647059,82,0.43902439024390244,-2.3999999999999986,0.5493791150379211,0,0.5,135,0.43703703703703706,0.9469515369921522,-1.0331976279455692,-0.007653315762559772,-2.7242911757522443,0.2222222222222222,128,0.4375,-2.724291175752244,-2.4196726089770935,20,0.5,365,0.4301369863013699,1.005397674744438,0.2709241464902812,0.0007422579355898114,-5.09587546959928,0.42191780821917807,334,0.4431137724550898,-5.09587546959928,15.732368521646107,18,0.5882352941176471
SPXW,"d65ret,d80_front",-999999.0,1,score_desc,d80_zero,22,2,15,False,False,False,False,False,-15.94167916533575,-9.385763858405396,-15.94167916533575,85,0.4235294117647059,1.3751429607596415,4.550591625288552,0.053536372062218264,-2.3999999999999986,0.2235294117647059,82,0.43902439024390244,-2.3999999999999986,0.5493791150379211,0,0.5,135,0.43703703703703706,0.9469515369921522,-1.0331976279455692,-0.007653315762559772,-2.7242911757522443,0.2222222222222222,128,0.4375,-2.724291175752244,-2.4196726089770935,20,0.5,373,0.4262734584450402,1.0049002595194778,0.24973538639422,0.0006695318670086327,-5.671721590162246,0.41823056300268097,345,0.4318840579710145,-5.671721590162246,18.716759907092978,19,0.6470588235294118
SPXW,"d65ret,d80_front",-999999.0,1,score_desc,d80_zero,22,3,0,False,False,False,False,False,-15.94167916533575,-7.738820887339184,-15.94167916533575,85,0.4235294117647059,1.3751429607596415,4.550591625288552,0.053536372062218264,-2.3999999999999986,0.2235294117647059,82,0.43902439024390244,-2.3999999999999986,0.5493791150379211,0,0.5,135,0.4444444444444444,0.9747240190541061,-0.48470448562161783,-0.003590403597197169,-2.518737244774993,0.2222222222222222,128,0.4375,-2.518737244774993,-5.157781852985806,20,0.5,373,0.4262734584450402,1.0049002595194778,0.24973538639422,0.0006695318670086327,-5.671721590162248,0.4155495978552279,345,0.4318840579710145,-5.671721590162247,17.51548841596983,19,0.5882352941176471
SPXW,"d65ret,d80_front",-999999.0,1,score_desc,d80_zero,22,4,0,False,False,False,False,False,-15.94167916533575,-7.738820887339184,-15.94167916533575,85,0.4235294117647059,1.3751429607596415,4.550591625288552,0.053536372062218264,-2.3999999999999986,0.2235294117647059,82,0.43902439024390244,-2.3999999999999986,0.5493791150379211,0,0.5,135,0.4444444444444444,0.9747240190541061,-0.48470448562161783,-0.003590403597197169,-2.518737244774993,0.2222222222222222,128,0.4375,-2.518737244774993,-5.157781852985806,20,0.5,373,0.4262734584450402,1.0049002595194778,0.24973538639422,0.0006695318670086327,-5.671721590162248,0.4155495978552279,345,0.4318840579710145,-5.671721590162247,17.51548841596983,19,0.5882352941176471
SPXW,"d65ret,d80_front",-999999.0,1,score_desc,d80_zero,22,3,15,False,False,False,False,False,-15.94167916533575,-9.385763858405396,-15.94167916533575,85,0.4235294117647059,1.3751429607596415,4.550591625288552,0.053536372062218264,-2.3999999999999986,0.2235294117647059,82,0.43902439024390244,-2.3999999999999986,0.5493791150379211,0,0.5,135,0.43703703703703706,0.9469515369921522,-1.0331976279455692,-0.007653315762559772,-2.7242911757522443,0.2222222222222222,128,0.4375,-2.724291175752244,-2.4196726089770935,20,0.5,373,0.42359249329758714,0.9892660001680177,-0.5502646136057803,-0.0014752402509538346,-5.671721590162249,0.41823056300268097,345,0.4318840579710145,-5.6717215901622495,-7.7458706386144485,19,0.5882352941176471
SPXW,"d65ret,d80_front",-999999.0,1,score_desc,d80_zero,22,4,15,False,False,False,False,False,-15.94167916533575,-9.385763858405396,-15.94167916533575,85,0.4235294117647059,1.3751429607596415,4.550591625288552,0.053536372062218264,-2.3999999999999986,0.2235294117647059,82,0.43902439024390244,-2.3999999999999986,0.5493791150379211,0,0.5,135,0.43703703703703706,0.9469515369921522,-1.0331976279455692,-0.007653315762559772,-2.7242911757522443,0.2222222222222222,128,0.4375,-2.724291175752244,-2.4196726089770935,20,0.5,373,0.42359249329758714,0.9892660001680177,-0.5502646136057803,-0.0014752402509538346,-5.671721590162249,0.41823056300268097,345,0.4318840579710145,-5.6717215901622495,-7.7458706386144485,19,0.5882352941176471
SPXW,"d80,d80_front",0.0,1,score_desc,d65ret,22,3,30,False,False,False,False,False,-15.945071493159034,23.464975688303284,-15.945071493159034,112,0.4642857142857143,1.2812251027602646,4.08442679441805,0.03646809637873259,-2.016069374745981,0.16964285714285715,102,0.49019607843137253,-2.016069374745981,0.734497189201659,0,0.6666666666666666,134,0.4701492537313433,1.3496874866398794,6.6309113142296985,0.04948441279275895,-1.9774802861251226,0.13432835820895522,124,0.4838709677419355,-1.9774802861251226,0.564119826303443,20,0.8333333333333334,385,0.45194805194805193,1.1556016840016912,7.718129191373911,0.020047088808763405,-5.64749454888347,0.4077922077922078,342,0.45321637426900585,-5.64749454888347,0.5234739733564334,19,0.5882352941176471
SPXW,"d80,d80_front",0.0,1,score_desc,d65ret,22,4,30,False,False,False,False,False,-15.945071493159034,23.464975688303284,-15.945071493159034,112,0.4642857142857143,1.2812251027602646,4.08442679441805,0.03646809637873259,-2.016069374745981,0.16964285714285715,102,0.49019607843137253,-2.016069374745981,0.734497189201659,0,0.6666666666666666,134,0.4701492537313433,1.3496874866398794,6.6309113142296985,0.04948441279275895,-1.9774802861251226,0.13432835820895522,124,0.4838709677419355,-1.9774802861251226,0.564119826303443,20,0.8333333333333334,385,0.45194805194805193,1.1556016840016912,7.718129191373911,0.020047088808763405,-5.64749454888347,0.4077922077922078,342,0.45321637426900585,-5.64749454888347,0.5234739733564334,19,0.5882352941176471
SPXW,"d65ret,d80,d80_zero",-999999.0,1,score_desc,d65win,22,3,30,False,False,False,False,False,-15.948950252598621,19.712836056612982,-15.948950252598621,115,0.45217391304347826,1.2711585523535616,4.642318090464193,0.04036798339534081,-2.995863036663962,0.2,102,0.47058823529411764,-2.995863036663962,0.6471102527493572,0,0.6666666666666666,139,0.45323741007194246,1.1980436592678876,4.235770765289898,0.030473170973308615,-2.3787445281393063,0.17985611510791366,128,0.4453125,-2.3787445281393063,0.7335522986583503,22,0.5,390,0.41794871794871796,1.0328565939627132,1.9343362035148548,0.004959836419268859,-5.4338171507977355,0.37948717948717947,350,0.41714285714285715,-5.433817150797736,1.8113794486458787,21,0.47058823529411764
SPXW,"d65ret,d80,d80_zero",-999999.0,1,score_desc,d65win,22,4,30,False,False,False,False,False,-15.948950252598621,19.712836056612982,-15.948950252598621,115,0.45217391304347826,1.2711585523535616,4.642318090464193,0.04036798339534081,-2.995863036663962,0.2,102,0.47058823529411764,-2.995863036663962,0.6471102527493572,0,0.6666666666666666,139,0.45323741007194246,1.1980436592678876,4.235770765289898,0.030473170973308615,-2.3787445281393063,0.17985611510791366,128,0.4453125,-2.3787445281393063,0.7335522986583503,22,0.5,390,0.41794871794871796,1.0328565939627132,1.9343362035148548,0.004959836419268859,-5.4338171507977355,0.37948717948717947,350,0.41714285714285715,-5.433817150797736,1.8113794486458787,21,0.47058823529411764
SPXW,"d65ret,d80,d80_zero",0.0,1,score_desc,d65win,22,3,30,False,False,False,False,False,-15.948950252598621,19.712836056612982,-15.948950252598621,115,0.45217391304347826,1.2711585523535616,4.642318090464193,0.04036798339534081,-2.995863036663962,0.2,102,0.47058823529411764,-2.995863036663962,0.6471102527493572,0,0.6666666666666666,139,0.45323741007194246,1.1980436592678876,4.235770765289898,0.030473170973308615,-2.3787445281393063,0.17985611510791366,128,0.4453125,-2.3787445281393063,0.7335522986583503,22,0.5,388,0.41237113402061853,1.0282860593305572,1.6562209030140438,0.0042686105747784635,-4.979805458557385,0.37371134020618557,345,0.4144927536231884,-4.979805458557386,2.1155492238035047,20,0.47058823529411764
SPXW,"d65ret,d80,d80_zero",0.0,1,score_desc,d65win,22,4,30,False,False,False,False,False,-15.948950252598621,19.712836056612982,-15.948950252598621,115,0.45217391304347826,1.2711585523535616,4.642318090464193,0.04036798339534081,-2.995863036663962,0.2,102,0.47058823529411764,-2.995863036663962,0.6471102527493572,0,0.6666666666666666,139,0.45323741007194246,1.1980436592678876,4.235770765289898,0.030473170973308615,-2.3787445281393063,0.17985611510791366,128,0.4453125,-2.3787445281393063,0.7335522986583503,22,0.5,388,0.41237113402061853,1.0282860593305572,1.6562209030140438,0.0042686105747784635,-4.979805458557385,0.37371134020618557,345,0.4144927536231884,-4.979805458557386,2.1155492238035047,20,0.47058823529411764
SPXW,"d65ret,d80,d80_zero",0.0,1,score_desc,d65ret,22,2,0,False,False,False,False,False,-15.968931865548104,17.865225362462215,-15.968931865548104,114,0.4473684210526316,1.280543438436735,4.9390796403962325,0.043325260003475724,-2.6999999999999984,0.18421052631578946,102,0.46078431372549017,-2.699999999999999,0.7086340482088715,0,0.6666666666666666,134,0.44029850746268656,1.1510315555535118,3.296502202294858,0.02460076270369297,-1.9774802861251233,0.19402985074626866,128,0.453125,-1.9774802861251233,0.7583795934550344,20,0.5,381,0.42782152230971127,1.090659550086421,5.272586463608497,0.013838809615770333,-3.9737238398281223,0.3884514435695538,341,0.4222873900293255,-3.888451572335702,0.9483011866206663,17,0.47058823529411764
SPXW,"d65ret,d80,d80_zero",-999999.0,1,score_desc,d65ret,22,2,0,False,False,False,False,False,-15.968931865548104,17.865225362462215,-15.968931865548104,114,0.4473684210526316,1.280543438436735,4.9390796403962325,0.043325260003475724,-2.6999999999999984,0.18421052631578946,102,0.46078431372549017,-2.699999999999999,0.7086340482088715,0,0.6666666666666666,134,0.44029850746268656,1.1510315555535118,3.296502202294858,0.02460076270369297,-1.9774802861251233,0.19402985074626866,128,0.453125,-1.9774802861251233,0.7583795934550344,20,0.5,384,0.4270833333333333,1.0782892182814512,4.577463855443872,0.011920478790218417,-5.373723839828123,0.3854166666666667,349,0.42120343839541546,-5.288451572335702,0.8441171320729648,19,0.5294117647058824
SPXW,"d65ret,d80,d80_zero",0.0,1,score_desc,d65ret,22,2,30,False,False,False,False,False,-15.968931865548104,18.156905448243002,-15.968931865548104,114,0.4473684210526316,1.280543438436735,4.9390796403962325,0.043325260003475724,-2.6999999999999984,0.18421052631578946,102,0.46078431372549017,-2.699999999999999,0.7086340482088715,0,0.6666666666666666,134,0.44029850746268656,1.1635864167216552,3.570531873369972,0.02664576024902964,-1.977480286125123,0.1865671641791045,128,0.453125,-1.977480286125123,0.8402109563493443,20,0.5,377,0.4244031830238727,1.0768641728110275,4.433236366849852,0.011759247657426662,-4.623871038853838,0.38992042440318303,341,0.41935483870967744,-4.538598771361418,1.1278442172378182,17,0.5294117647058824
SPXW,"d65ret,d80,d80_zero",0.0,1,score_desc,d65ret,22,2,15,False,False,False,False,False,-15.968931865548104,18.156905448243002,-15.968931865548104,114,0.4473684210526316,1.280543438436735,4.9390796403962325,0.043325260003475724,-2.6999999999999984,0.18421052631578946,102,0.46078431372549017,-2.699999999999999,0.7086340482088715,0,0.6666666666666666,134,0.44029850746268656,1.1635864167216552,3.570531873369972,0.02664576024902964,-1.977480286125123,0.1865671641791045,128,0.453125,-1.977480286125123,0.8402109563493443,20,0.5,380,0.42105263157894735,1.06191091648142,3.6129085111299575,0.009507653976657782,-4.646274202755004,0.39210526315789473,341,0.41935483870967744,-4.561001935262581,1.3839265468796003,17,0.47058823529411764
SPXW,"d65ret,d80,d80_zero",-999999.0,1,score_desc,d65ret,22,2,30,False,False,False,False,False,-15.968931865548104,18.156905448243002,-15.968931865548104,114,0.4473684210526316,1.280543438436735,4.9390796403962325,0.043325260003475724,-2.6999999999999984,0.18421052631578946,102,0.46078431372549017,-2.699999999999999,0.7086340482088715,0,0.6666666666666666,134,0.44029850746268656,1.1635864167216552,3.570531873369972,0.02664576024902964,-1.977480286125123,0.1865671641791045,128,0.453125,-1.977480286125123,0.8402109563493443,20,0.5,382,0.4214659685863874,1.0535635103001324,3.1381137586852277,0.008214957483469183,-6.023871038853837,0.3900523560209424,349,0.4183381088825215,-5.938598771361416,1.210658472323436,19,0.5294117647058824
SPXW,"d65ret,d80,d80_zero",-999999.0,1,score_desc,d65ret,22,2,15,False,False,False,False,False,-15.968931865548104,18.156905448243002,-15.968931865548104,114,0.4473684210526316,1.280543438436735,4.9390796403962325,0.043325260003475724,-2.6999999999999984,0.18421052631578946,102,0.46078431372549017,-2.699999999999999,0.7086340482088715,0,0.6666666666666666,134,0.44029850746268656,1.1635864167216552,3.570531873369972,0.02664576024902964,-1.977480286125123,0.1865671641791045,128,0.453125,-1.977480286125123,0.8402109563493443,20,0.5,383,0.42036553524804177,1.049734610325666,2.917785902965333,0.007618239955523062,-6.023871038853839,0.38903394255874674,349,0.4183381088825215,-5.938598771361419,1.3020777176303167,19,0.5294117647058824
SPXW,"d50ret,d65ret,d80_zero",-999999.0,1,score_desc,d50ret,22,3,0,False,False,False,False,False,-15.97803317032744,13.382290782204871,-15.97803317032744,85,0.4235294117647059,1.3659975358249803,4.734638597716536,0.055701630561371014,-2.3999999999999986,0.23529411764705882,82,0.4268292682926829,-2.3999999999999986,0.5280234063072359,0,0.5,139,0.4028776978417266,1.0276126277114574,0.6371600303574396,0.004583885110485177,-3.6047175763909745,0.2446043165467626,128,0.3984375,-3.6047175763909745,5.04477660136435,22,0.6666666666666666,385,0.412987012987013,1.0320580796174106,1.858549559164131,0.0048274014523743665,-4.283049715440622,0.43636363636363634,349,0.40114613180515757,-4.2830497154406215,1.5585029126800887,19,0.4117647058823529
SPXW,"d50ret,d65ret,d80_zero",-999999.0,1,score_desc,d50ret,22,4,0,False,False,False,False,False,-15.97803317032744,13.382290782204871,-15.97803317032744,85,0.4235294117647059,1.3659975358249803,4.734638597716536,0.055701630561371014,-2.3999999999999986,0.23529411764705882,82,0.4268292682926829,-2.3999999999999986,0.5280234063072359,0,0.5,139,0.4028776978417266,1.0276126277114574,0.6371600303574396,0.004583885110485177,-3.6047175763909745,0.2446043165467626,128,0.3984375,-3.6047175763909745,5.04477660136435,22,0.6666666666666666,385,0.412987012987013,1.0320580796174106,1.858549559164131,0.0048274014523743665,-4.283049715440622,0.43636363636363634,349,0.40114613180515757,-4.2830497154406215,1.5585029126800887,19,0.4117647058823529
SPXW,"d50ret,d65ret,d80_zero",-999999.0,1,score_desc,d50ret,22,3,15,False,False,False,False,False,-15.97803317032744,13.751389090586514,-15.97803317032744,85,0.4235294117647059,1.3659975358249803,4.734638597716536,0.055701630561371014,-2.3999999999999986,0.23529411764705882,82,0.4268292682926829,-2.3999999999999986,0.5280234063072359,0,0.5,139,0.4028776978417266,1.0396687579294805,0.9153546439226501,0.006585285208076619,-3.7341902754875136,0.2446043165467626,128,0.3984375,-3.734190275487514,3.7457956721990486,22,0.6666666666666666,384,0.4140625,1.0318200767203354,1.8381556584833691,0.0047868636939671074,-4.375765066360318,0.4427083333333333,349,0.40114613180515757,-4.375765066360317,1.5757941325314588,19,0.35294117647058826
SPXW,"d50ret,d65ret,d80_zero",-999999.0,1,score_desc,d50ret,22,3,30,False,False,False,False,False,-15.97803317032744,13.751389090586514,-15.97803317032744,85,0.4235294117647059,1.3659975358249803,4.734638597716536,0.055701630561371014,-2.3999999999999986,0.23529411764705882,82,0.4268292682926829,-2.3999999999999986,0.5280234063072359,0,0.5,139,0.4028776978417266,1.0396687579294805,0.9153546439226501,0.006585285208076619,-3.7341902754875136,0.2446043165467626,128,0.3984375,-3.734190275487514,3.7457956721990486,22,0.6666666666666666,384,0.4140625,1.0318200767203354,1.8381556584833691,0.0047868636939671074,-4.375765066360318,0.4427083333333333,349,0.40114613180515757,-4.375765066360317,1.5757941325314588,19,0.35294117647058826
SPXW,"d50ret,d65ret,d80_zero",-999999.0,1,score_desc,d50ret,22,4,15,False,False,False,False,False,-15.97803317032744,13.751389090586514,-15.97803317032744,85,0.4235294117647059,1.3659975358249803,4.734638597716536,0.055701630561371014,-2.3999999999999986,0.23529411764705882,82,0.4268292682926829,-2.3999999999999986,0.5280234063072359,0,0.5,139,0.4028776978417266,1.0396687579294805,0.9153546439226501,0.006585285208076619,-3.7341902754875136,0.2446043165467626,128,0.3984375,-3.734190275487514,3.7457956721990486,22,0.6666666666666666,384,0.4140625,1.0318200767203354,1.8381556584833691,0.0047868636939671074,-4.375765066360318,0.4427083333333333,349,0.40114613180515757,-4.375765066360317,1.5757941325314588,19,0.35294117647058826
SPXW,"d50ret,d65ret,d80_zero",-999999.0,1,score_desc,d50ret,22,4,30,False,False,False,False,False,-15.97803317032744,13.751389090586514,-15.97803317032744,85,0.4235294117647059,1.3659975358249803,4.734638597716536,0.055701630561371014,-2.3999999999999986,0.23529411764705882,82,0.4268292682926829,-2.3999999999999986,0.5280234063072359,0,0.5,139,0.4028776978417266,1.0396687579294805,0.9153546439226501,0.006585285208076619,-3.7341902754875136,0.2446043165467626,128,0.3984375,-3.734190275487514,3.7457956721990486,22,0.6666666666666666,384,0.4140625,1.0318200767203354,1.8381556584833691,0.0047868636939671074,-4.375765066360318,0.4427083333333333,349,0.40114613180515757,-4.375765066360317,1.5757941325314588,19,0.35294117647058826
SPXW,"d50ret,d65ret,d80_zero",-999999.0,1,score_desc,d50ret,22,2,15,False,False,False,False,False,-15.97803317032744,13.751389090586514,-15.97803317032744,85,0.4235294117647059,1.3659975358249803,4.734638597716536,0.055701630561371014,-2.3999999999999986,0.23529411764705882,82,0.43902439024390244,-2.3999999999999986,0.5280234063072359,0,0.5,139,0.4028776978417266,1.0396687579294805,0.9153546439226501,0.006585285208076619,-3.7341902754875136,0.2446043165467626,128,0.3984375,-3.734190275487514,3.7457956721990486,22,0.6666666666666666,384,0.4140625,1.0277469306028437,1.60286155000273,0.004174118619798776,-4.375765066360318,0.4453125,349,0.3982808022922636,-4.375765066360317,1.8071148448926608,19,0.35294117647058826
SPXW,"d50ret,d65ret,d80_zero",-999999.0,1,score_desc,d50ret,22,2,30,False,False,False,False,False,-15.97803317032744,13.751389090586514,-15.97803317032744,85,0.4235294117647059,1.3659975358249803,4.734638597716536,0.055701630561371014,-2.3999999999999986,0.23529411764705882,82,0.43902439024390244,-2.3999999999999986,0.5280234063072359,0,0.5,139,0.4028776978417266,1.0396687579294805,0.9153546439226501,0.006585285208076619,-3.7341902754875136,0.2446043165467626,128,0.3984375,-3.734190275487514,3.7457956721990486,22,0.6666666666666666,384,0.4140625,1.0277469306028437,1.60286155000273,0.004174118619798776,-4.375765066360318,0.4453125,349,0.3982808022922636,-4.375765066360317,1.8071148448926608,19,0.35294117647058826
SPXW,"d50ret,d65ret,d80_zero",-999999.0,1,score_desc,d50ret,22,2,0,False,False,False,False,False,-15.97803317032744,13.382290782204871,-15.97803317032744,85,0.4235294117647059,1.3659975358249803,4.734638597716536,0.055701630561371014,-2.3999999999999986,0.23529411764705882,82,0.43902439024390244,-2.3999999999999986,0.5280234063072359,0,0.5,139,0.4028776978417266,1.0276126277114574,0.6371600303574396,0.004583885110485177,-3.6047175763909745,0.2446043165467626,128,0.3984375,-3.6047175763909745,5.04477660136435,22,0.6666666666666666,385,0.4103896103896104,1.0142578951522656,0.8308710094030647,0.002158106517930038,-4.283049715440622,0.44155844155844154,349,0.3954154727793696,-4.283049715440622,3.4861667678098542,19,0.35294117647058826
SPXW,"d50ret,d65ret,d80_zero",0.0,1,score_desc,d50ret,22,3,15,False,False,False,False,False,-15.97803317032744,13.751389090586514,-15.97803317032744,85,0.4235294117647059,1.3659975358249803,4.734638597716536,0.055701630561371014,-2.3999999999999986,0.23529411764705882,82,0.4268292682926829,-2.3999999999999986,0.5280234063072359,0,0.5,139,0.4028776978417266,1.0396687579294805,0.9153546439226501,0.006585285208076619,-3.7341902754875136,0.2446043165467626,128,0.3984375,-3.734190275487514,3.7457956721990486,22,0.6666666666666666,359,0.4011142061281337,0.9937339970454347,-0.3459553638898205,-0.0009636639662669095,-6.460688166373005,0.4373259052924791,316,0.38924050632911394,-6.460688166373005,-11.134324966978998,3,0.4117647058823529
SPXW,"d50ret,d65ret,d80_zero",0.0,1,score_desc,d50ret,22,4,15,False,False,False,False,False,-15.97803317032744,13.751389090586514,-15.97803317032744,85,0.4235294117647059,1.3659975358249803,4.734638597716536,0.055701630561371014,-2.3999999999999986,0.23529411764705882,82,0.4268292682926829,-2.3999999999999986,0.5280234063072359,0,0.5,139,0.4028776978417266,1.0396687579294805,0.9153546439226501,0.006585285208076619,-3.7341902754875136,0.2446043165467626,128,0.3984375,-3.734190275487514,3.7457956721990486,22,0.6666666666666666,359,0.4011142061281337,0.9937339970454347,-0.3459553638898205,-0.0009636639662669095,-6.460688166373005,0.4373259052924791,316,0.38924050632911394,-6.460688166373005,-11.134324966978998,3,0.4117647058823529
SPXW,"d50ret,d65ret,d80_zero",0.0,1,score_desc,d50ret,22,2,15,False,False,False,False,False,-15.97803317032744,13.751389090586514,-15.97803317032744,85,0.4235294117647059,1.3659975358249803,4.734638597716536,0.055701630561371014,-2.3999999999999986,0.23529411764705882,82,0.43902439024390244,-2.3999999999999986,0.5280234063072359,0,0.5,139,0.4028776978417266,1.0396687579294805,0.9153546439226501,0.006585285208076619,-3.7341902754875136,0.2446043165467626,128,0.3984375,-3.734190275487514,3.7457956721990486,22,0.6666666666666666,359,0.4011142061281337,0.9894723097504198,-0.5812494723704598,-0.0016190793102241218,-6.460688166373005,0.4401114206128134,316,0.3860759493670886,-6.460688166373005,-6.627067427535954,3,0.4117647058823529
SPXW,"d50ret,d65ret,d80_zero",0.0,1,score_desc,d50ret,22,3,30,False,False,False,False,False,-15.97803317032744,13.751389090586514,-15.97803317032744,85,0.4235294117647059,1.3659975358249803,4.734638597716536,0.055701630561371014,-2.3999999999999986,0.23529411764705882,82,0.4268292682926829,-2.3999999999999986,0.5280234063072359,0,0.5,139,0.4028776978417266,1.0396687579294805,0.9153546439226501,0.006585285208076619,-3.7341902754875136,0.2446043165467626,128,0.3984375,-3.734190275487514,3.7457956721990486,22,0.6666666666666666,359,0.3983286908077994,0.9793564296451919,-1.1459553638898206,-0.003192076222534319,-7.2606881663730025,0.4373259052924791,316,0.3860759493670886,-7.260688166373004,-3.3613695323556136,3,0.4117647058823529
SPXW,"d50ret,d65ret,d80_zero",0.0,1,score_desc,d50ret,22,4,30,False,False,False,False,False,-15.97803317032744,13.751389090586514,-15.97803317032744,85,0.4235294117647059,1.3659975358249803,4.734638597716536,0.055701630561371014,-2.3999999999999986,0.23529411764705882,82,0.4268292682926829,-2.3999999999999986,0.5280234063072359,0,0.5,139,0.4028776978417266,1.0396687579294805,0.9153546439226501,0.006585285208076619,-3.7341902754875136,0.2446043165467626,128,0.3984375,-3.734190275487514,3.7457956721990486,22,0.6666666666666666,359,0.3983286908077994,0.9793564296451919,-1.1459553638898206,-0.003192076222534319,-7.2606881663730025,0.4373259052924791,316,0.3860759493670886,-7.260688166373004,-3.3613695323556136,3,0.4117647058823529
SPXW,"d50ret,d65ret,d80_zero",0.0,1,score_desc,d50ret,22,3,0,False,False,False,False,False,-15.97803317032744,13.382290782204871,-15.97803317032744,85,0.4235294117647059,1.3659975358249803,4.734638597716536,0.055701630561371014,-2.3999999999999986,0.23529411764705882,82,0.4268292682926829,-2.3999999999999986,0.5280234063072359,0,0.5,139,0.4028776978417266,1.0276126277114574,0.6371600303574396,0.004583885110485177,-3.6047175763909745,0.2446043165467626,128,0.3984375,-3.6047175763909745,5.04477660136435,22,0.6666666666666666,360,0.3972222222222222,0.9757130338140774,-1.3532400129701254,-0.003759000036028126,-6.367972815453308,0.4305555555555556,314,0.3885350318471338,-6.367972815453309,-2.509942706957614,3,0.35294117647058826
SPXW,"d50ret,d65ret,d80_zero",0.0,1,score_desc,d50ret,22,4,0,False,False,False,False,False,-15.97803317032744,13.382290782204871,-15.97803317032744,85,0.4235294117647059,1.3659975358249803,4.734638597716536,0.055701630561371014,-2.3999999999999986,0.23529411764705882,82,0.4268292682926829,-2.3999999999999986,0.5280234063072359,0,0.5,139,0.4028776978417266,1.0276126277114574,0.6371600303574396,0.004583885110485177,-3.6047175763909745,0.2446043165467626,128,0.3984375,-3.6047175763909745,5.04477660136435,22,0.6666666666666666,360,0.3972222222222222,0.9757130338140774,-1.3532400129701254,-0.003759000036028126,-6.367972815453308,0.4305555555555556,314,0.3885350318471338,-6.367972815453309,-2.509942706957614,3,0.35294117647058826
SPXW,"d50ret,d65ret,d80_zero",0.0,1,score_desc,d50ret,22,2,30,False,False,False,False,False,-15.97803317032744,13.751389090586514,-15.97803317032744,85,0.4235294117647059,1.3659975358249803,4.734638597716536,0.055701630561371014,-2.3999999999999986,0.23529411764705882,82,0.43902439024390244,-2.3999999999999986,0.5280234063072359,0,0.5,139,0.4028776978417266,1.0396687579294805,0.9153546439226501,0.006585285208076619,-3.7341902754875136,0.2446043165467626,128,0.3984375,-3.734190275487514,3.7457956721990486,22,0.6666666666666666,359,0.3983286908077994,0.9751177737293069,-1.3812494723704598,-0.0038474915664915314,-7.2606881663730025,0.4401114206128134,316,0.3829113924050633,-7.260688166373004,-2.788764464834929,3,0.4117647058823529
SPXW,"d50ret,d65ret,d80_zero",0.0,1,score_desc,d50ret,22,2,0,False,False,False,False,False,-15.97803317032744,13.382290782204871,-15.97803317032744,85,0.4235294117647059,1.3659975358249803,4.734638597716536,0.055701630561371014,-2.3999999999999986,0.23529411764705882,82,0.43902439024390244,-2.3999999999999986,0.5280234063072359,0,0.5,139,0.4028776978417266,1.0276126277114574,0.6371600303574396,0.004583885110485177,-3.6047175763909745,0.2446043165467626,128,0.3984375,-3.6047175763909745,5.04477660136435,22,0.6666666666666666,360,0.39166666666666666,0.9475620697653689,-2.9532400129701255,-0.00820344448047257,-6.367972815453307,0.43333333333333335,315,0.38095238095238093,-6.367972815453308,-1.1501113646031154,3,0.35294117647058826
SPXW,"d80,d80_front",0.0,1,score_desc,d80_zero,22,3,15,False,False,False,False,False,-16.0185098177332,15.893018020973905,-16.0185098177332,92,0.4673913043478261,1.2725214962341154,3.0086419081453917,0.03270262943636295,-2.016069374745981,0.1956521739130435,89,0.48314606741573035,-2.016069374745981,0.8309396984837812,0,0.6666666666666666,130,0.45384615384615384,1.2337775590158093,4.432981791788669,0.03409985993683592,-2.2774802861251224,0.1076923076923077,123,0.4634146341463415,-2.277480286125123,0.5639544932557171,16,0.8333333333333334,358,0.4720670391061452,1.3102289060236387,13.723623083001886,0.038334142689949405,-5.4788825276352,0.4301675977653631,330,0.4727272727272727,-5.478882527635198,0.3242503605354607,12,0.7058823529411765
SPXW,"d80,d80_front",0.0,1,score_desc,d80_zero,22,4,15,False,False,False,False,False,-16.0185098177332,15.893018020973905,-16.0185098177332,92,0.4673913043478261,1.2725214962341154,3.0086419081453917,0.03270262943636295,-2.016069374745981,0.1956521739130435,89,0.48314606741573035,-2.016069374745981,0.8309396984837812,0,0.6666666666666666,130,0.45384615384615384,1.2337775590158093,4.432981791788669,0.03409985993683592,-2.2774802861251224,0.1076923076923077,123,0.4634146341463415,-2.277480286125123,0.5639544932557171,16,0.8333333333333334,358,0.4720670391061452,1.3102289060236387,13.723623083001886,0.038334142689949405,-5.4788825276352,0.4301675977653631,330,0.4727272727272727,-5.478882527635198,0.3242503605354607,12,0.7058823529411765
SPXW,"d80,d80_front",0.0,1,score_desc,d80_zero,22,3,0,False,False,False,False,False,-16.0185098177332,15.893018020973905,-16.0185098177332,92,0.4673913043478261,1.2725214962341154,3.0086419081453917,0.03270262943636295,-2.016069374745981,0.1956521739130435,89,0.48314606741573035,-2.016069374745981,0.8309396984837812,0,0.6666666666666666,130,0.45384615384615384,1.2337775590158093,4.432981791788669,0.03409985993683592,-2.2774802861251224,0.1076923076923077,123,0.4634146341463415,-2.277480286125123,0.5639544932557171,16,0.8333333333333334,359,0.47075208913649025,1.3069061942323925,13.656345014690624,0.038039958258191155,-5.178882527635196,0.42618384401114207,330,0.47575757575757577,-5.178882527635196,0.32584778194525876,12,0.7058823529411765
SPXW,"d80,d80_front",0.0,1,score_desc,d80_zero,22,4,0,False,False,False,False,False,-16.0185098177332,15.893018020973905,-16.0185098177332,92,0.4673913043478261,1.2725214962341154,3.0086419081453917,0.03270262943636295,-2.016069374745981,0.1956521739130435,89,0.48314606741573035,-2.016069374745981,0.8309396984837812,0,0.6666666666666666,130,0.45384615384615384,1.2337775590158093,4.432981791788669,0.03409985993683592,-2.2774802861251224,0.1076923076923077,123,0.4634146341463415,-2.277480286125123,0.5639544932557171,16,0.8333333333333334,359,0.47075208913649025,1.3069061942323925,13.656345014690624,0.038039958258191155,-5.178882527635196,0.42618384401114207,330,0.47575757575757577,-5.178882527635196,0.32584778194525876,12,0.7058823529411765
SPXW,"d80,d80_front",0.0,1,score_desc,d80_zero,22,2,15,False,False,False,False,False,-16.0185098177332,15.893018020973905,-16.0185098177332,92,0.4673913043478261,1.2725214962341154,3.0086419081453917,0.03270262943636295,-2.016069374745981,0.1956521739130435,89,0.48314606741573035,-2.016069374745981,0.8309396984837812,0,0.6666666666666666,130,0.45384615384615384,1.2337775590158093,4.432981791788669,0.03409985993683592,-2.2774802861251224,0.1076923076923077,123,0.4634146341463415,-2.277480286125123,0.5639544932557171,16,0.8333333333333334,358,0.4692737430167598,1.300635073592475,13.389410405860222,0.03740058772586654,-5.4788825276352,0.4273743016759777,330,0.4696969696969697,-5.478882527635198,0.3297887600369493,12,0.7058823529411765
SPXW,"d80,d80_front",0.0,1,score_desc,d80_zero,22,2,0,False,False,False,False,False,-16.0185098177332,15.893018020973905,-16.0185098177332,92,0.4673913043478261,1.2725214962341154,3.0086419081453917,0.03270262943636295,-2.016069374745981,0.1956521739130435,89,0.48314606741573035,-2.016069374745981,0.8309396984837812,0,0.6666666666666666,130,0.45384615384615384,1.2337775590158093,4.432981791788669,0.03409985993683592,-2.2774802861251224,0.1076923076923077,123,0.4634146341463415,-2.277480286125123,0.5639544932557171,16,0.8333333333333334,359,0.467966573816156,1.2973902357309786,13.32213233754896,0.03710900372576312,-5.178882527635196,0.4233983286908078,330,0.4727272727272727,-5.178882527635196,0.33145422545673914,12,0.7058823529411765
SPXW,"d50ret,d65ret,d80_front",0.0,1,score_desc,d80_zero,21,2,30,False,False,False,False,False,-16.038910704001093,-8.541889155223084,-16.038910704001093,84,0.42857142857142855,1.3467039693026952,4.294430565029592,0.05112417339320943,-2.3999999999999986,0.2261904761904762,82,0.43902439024390244,-2.3999999999999986,0.582149358836536,0,0.5,134,0.40298507462686567,0.9894822945942531,-0.22990958436735465,-0.001715743166920557,-4.530134879582616,0.26865671641791045,128,0.40625,-4.530134879582616,-14.129437671173536,20,0.5,359,0.415041782729805,1.0547926176773534,2.8211486546992304,0.007858352798605098,-5.077447798059995,0.37047353760445684,337,0.42433234421364985,-5.077447798059996,1.6568560680628301,18,0.6470588235294118
SPXW,"d50ret,d65ret,d80_front",0.0,1,score_desc,d80_zero,21,3,30,False,False,False,False,False,-16.038910704001093,-8.541889155223084,-16.038910704001093,84,0.42857142857142855,1.3467039693026952,4.294430565029592,0.05112417339320943,-2.3999999999999986,0.2261904761904762,82,0.43902439024390244,-2.3999999999999986,0.582149358836536,0,0.5,134,0.40298507462686567,0.9894822945942531,-0.22990958436735465,-0.001715743166920557,-4.530134879582616,0.26865671641791045,128,0.40625,-4.530134879582616,-14.129437671173536,20,0.5,359,0.415041782729805,1.0547926176773534,2.8211486546992304,0.007858352798605098,-5.077447798059995,0.37047353760445684,337,0.42433234421364985,-5.077447798059996,1.6568560680628301,18,0.6470588235294118
SPXW,"d50ret,d65ret,d80_front",0.0,1,score_desc,d80_zero,21,4,30,False,False,False,False,False,-16.038910704001093,-8.541889155223084,-16.038910704001093,84,0.42857142857142855,1.3467039693026952,4.294430565029592,0.05112417339320943,-2.3999999999999986,0.2261904761904762,82,0.43902439024390244,-2.3999999999999986,0.582149358836536,0,0.5,134,0.40298507462686567,0.9894822945942531,-0.22990958436735465,-0.001715743166920557,-4.530134879582616,0.26865671641791045,128,0.40625,-4.530134879582616,-14.129437671173536,20,0.5,359,0.415041782729805,1.0547926176773534,2.8211486546992304,0.007858352798605098,-5.077447798059995,0.37047353760445684,337,0.42433234421364985,-5.077447798059996,1.6568560680628301,18,0.6470588235294118
SPXW,"d50ret,d65ret,d80_front",0.0,1,score_desc,d80_zero,21,2,0,False,False,False,False,False,-16.038910704001093,-10.366143556736493,-16.038910704001093,84,0.42857142857142855,1.3467039693026952,4.294430565029592,0.05112417339320943,-2.3999999999999986,0.2261904761904762,82,0.43902439024390244,-2.3999999999999986,0.582149358836536,0,0.5,134,0.40298507462686567,0.9545557340174685,-0.9933794397981961,-0.007413279401479076,-4.495983248619958,0.26119402985074625,128,0.3984375,-4.495983248619958,-2.7668109809906114,20,0.5,359,0.415041782729805,1.0544723181443234,2.8055090761982266,0.007814788513086982,-5.093087376560999,0.37047353760445684,337,0.42136498516320475,-5.093087376560999,1.666092370579608,18,0.6470588235294118
SPXW,"d50ret,d65ret,d80_front",0.0,1,score_desc,d80_zero,21,2,15,False,False,False,False,False,-16.038910704001093,-12.159202554297442,-16.038910704001093,84,0.42857142857142855,1.3467039693026952,4.294430565029592,0.05112417339320943,-2.3999999999999986,0.2261904761904762,82,0.43902439024390244,-2.3999999999999986,0.582149358836536,0,0.5,134,0.39552238805970147,0.9322191046275897,-1.5019765928589077,-0.011208780543723191,-4.530134879582619,0.26119402985074625,128,0.3984375,-4.530134879582619,-1.8299174270701424,20,0.3333333333333333,359,0.415041782729805,1.0544723181443234,2.8055090761982266,0.007814788513086982,-5.093087376560999,0.37047353760445684,337,0.42433234421364985,-5.093087376560999,1.666092370579608,18,0.6470588235294118
SPXW,"d50ret,d65ret,d80_front",0.0,1,score_desc,d80_zero,21,3,0,False,False,False,False,False,-16.038910704001093,-10.366143556736493,-16.038910704001093,84,0.42857142857142855,1.3467039693026952,4.294430565029592,0.05112417339320943,-2.3999999999999986,0.2261904761904762,82,0.43902439024390244,-2.3999999999999986,0.582149358836536,0,0.5,134,0.40298507462686567,0.9545557340174685,-0.9933794397981961,-0.007413279401479076,-4.495983248619958,0.26119402985074625,128,0.3984375,-4.495983248619958,-2.7668109809906114,20,0.5,359,0.415041782729805,1.0544723181443234,2.8055090761982266,0.007814788513086982,-5.093087376560999,0.37047353760445684,337,0.42136498516320475,-5.093087376560999,1.666092370579608,18,0.6470588235294118
SPXW,"d50ret,d65ret,d80_front",0.0,1,score_desc,d80_zero,21,3,15,False,False,False,False,False,-16.038910704001093,-12.159202554297442,-16.038910704001093,84,0.42857142857142855,1.3467039693026952,4.294430565029592,0.05112417339320943,-2.3999999999999986,0.2261904761904762,82,0.43902439024390244,-2.3999999999999986,0.582149358836536,0,0.5,134,0.39552238805970147,0.9322191046275897,-1.5019765928589077,-0.011208780543723191,-4.530134879582619,0.26119402985074625,128,0.3984375,-4.530134879582619,-1.8299174270701424,20,0.3333333333333333,359,0.415041782729805,1.0544723181443234,2.8055090761982266,0.007814788513086982,-5.093087376560999,0.37047353760445684,337,0.42433234421364985,-5.093087376560999,1.666092370579608,18,0.6470588235294118
SPXW,"d50ret,d65ret,d80_front",0.0,1,score_desc,d80_zero,21,4,0,False,False,False,False,False,-16.038910704001093,-10.366143556736493,-16.038910704001093,84,0.42857142857142855,1.3467039693026952,4.294430565029592,0.05112417339320943,-2.3999999999999986,0.2261904761904762,82,0.43902439024390244,-2.3999999999999986,0.582149358836536,0,0.5,134,0.40298507462686567,0.9545557340174685,-0.9933794397981961,-0.007413279401479076,-4.495983248619958,0.26119402985074625,128,0.3984375,-4.495983248619958,-2.7668109809906114,20,0.5,359,0.415041782729805,1.0544723181443234,2.8055090761982266,0.007814788513086982,-5.093087376560999,0.37047353760445684,337,0.42136498516320475,-5.093087376560999,1.666092370579608,18,0.6470588235294118
SPXW,"d50ret,d65ret,d80_front",0.0,1,score_desc,d80_zero,21,4,15,False,False,False,False,False,-16.038910704001093,-12.159202554297442,-16.038910704001093,84,0.42857142857142855,1.3467039693026952,4.294430565029592,0.05112417339320943,-2.3999999999999986,0.2261904761904762,82,0.43902439024390244,-2.3999999999999986,0.582149358836536,0,0.5,134,0.39552238805970147,0.9322191046275897,-1.5019765928589077,-0.011208780543723191,-4.530134879582619,0.26119402985074625,128,0.3984375,-4.530134879582619,-1.8299174270701424,20,0.3333333333333333,359,0.415041782729805,1.0544723181443234,2.8055090761982266,0.007814788513086982,-5.093087376560999,0.37047353760445684,337,0.42433234421364985,-5.093087376560999,1.666092370579608,18,0.6470588235294118
SPXW,"d50ret,d65ret,d80_front",-999999.0,1,score_desc,d80_zero,21,2,0,False,False,False,False,False,-16.038910704001093,-10.366143556736493,-16.038910704001093,84,0.42857142857142855,1.3467039693026952,4.294430565029592,0.05112417339320943,-2.3999999999999986,0.2261904761904762,82,0.43902439024390244,-2.3999999999999986,0.582149358836536,0,0.5,134,0.40298507462686567,0.9545557340174685,-0.9933794397981961,-0.007413279401479076,-4.495983248619958,0.26119402985074625,128,0.3984375,-4.495983248619958,-2.7668109809906114,20,0.5,368,0.41304347826086957,1.0453298307939765,2.3837322886211916,0.006477533392992368,-5.11315005442343,0.3641304347826087,350,0.42,-5.11315005442343,1.7954731108245583,19,0.6470588235294118
SPXW,"d50ret,d65ret,d80_front",-999999.0,1,score_desc,d80_zero,21,2,15,False,False,False,False,False,-16.038910704001093,-12.159202554297442,-16.038910704001093,84,0.42857142857142855,1.3467039693026952,4.294430565029592,0.05112417339320943,-2.3999999999999986,0.2261904761904762,82,0.43902439024390244,-2.3999999999999986,0.582149358836536,0,0.5,134,0.39552238805970147,0.9322191046275897,-1.5019765928589077,-0.011208780543723191,-4.530134879582619,0.26119402985074625,128,0.3984375,-4.530134879582619,-1.8299174270701424,20,0.3333333333333333,368,0.41304347826086957,1.0453298307939765,2.3837322886211916,0.006477533392992368,-5.11315005442343,0.3641304347826087,350,0.4228571428571429,-5.11315005442343,1.7511350948978375,19,0.6470588235294118
SPXW,"d50ret,d65ret,d80_front",-999999.0,1,score_desc,d80_zero,21,2,30,False,False,False,False,False,-16.038910704001093,-8.541889155223084,-16.038910704001093,84,0.42857142857142855,1.3467039693026952,4.294430565029592,0.05112417339320943,-2.3999999999999986,0.2261904761904762,82,0.43902439024390244,-2.3999999999999986,0.582149358836536,0,0.5,134,0.40298507462686567,0.9894822945942531,-0.22990958436735465,-0.001715743166920557,-4.530134879582616,0.26865671641791045,128,0.40625,-4.530134879582616,-14.129437671173536,20,0.5,368,0.41304347826086957,1.0453298307939765,2.3837322886211916,0.006477533392992368,-5.11315005442343,0.3641304347826087,350,0.4228571428571429,-5.11315005442343,1.7511350948978375,19,0.6470588235294118
SPXW,"d50ret,d65ret,d80_front",-999999.0,1,score_desc,d80_zero,21,3,0,False,False,False,False,False,-16.038910704001093,-10.366143556736493,-16.038910704001093,84,0.42857142857142855,1.3467039693026952,4.294430565029592,0.05112417339320943,-2.3999999999999986,0.2261904761904762,82,0.43902439024390244,-2.3999999999999986,0.582149358836536,0,0.5,134,0.40298507462686567,0.9545557340174685,-0.9933794397981961,-0.007413279401479076,-4.495983248619958,0.26119402985074625,128,0.3984375,-4.495983248619958,-2.7668109809906114,20,0.5,368,0.41304347826086957,1.0453298307939765,2.3837322886211916,0.006477533392992368,-5.11315005442343,0.3641304347826087,350,0.42,-5.11315005442343,1.7954731108245583,19,0.6470588235294118
SPXW,"d50ret,d65ret,d80_front",-999999.0,1,score_desc,d80_zero,21,3,15,False,False,False,False,False,-16.038910704001093,-12.159202554297442,-16.038910704001093,84,0.42857142857142855,1.3467039693026952,4.294430565029592,0.05112417339320943,-2.3999999999999986,0.2261904761904762,82,0.43902439024390244,-2.3999999999999986,0.582149358836536,0,0.5,134,0.39552238805970147,0.9322191046275897,-1.5019765928589077,-0.011208780543723191,-4.530134879582619,0.26119402985074625,128,0.3984375,-4.530134879582619,-1.8299174270701424,20,0.3333333333333333,368,0.41304347826086957,1.0453298307939765,2.3837322886211916,0.006477533392992368,-5.11315005442343,0.3641304347826087,350,0.4228571428571429,-5.11315005442343,1.7511350948978375,19,0.6470588235294118
SPXW,"d50ret,d65ret,d80_front",-999999.0,1,score_desc,d80_zero,21,3,30,False,False,False,False,False,-16.038910704001093,-8.541889155223084,-16.038910704001093,84,0.42857142857142855,1.3467039693026952,4.294430565029592,0.05112417339320943,-2.3999999999999986,0.2261904761904762,82,0.43902439024390244,-2.3999999999999986,0.582149358836536,0,0.5,134,0.40298507462686567,0.9894822945942531,-0.22990958436735465,-0.001715743166920557,-4.530134879582616,0.26865671641791045,128,0.40625,-4.530134879582616,-14.129437671173536,20,0.5,368,0.41304347826086957,1.0453298307939765,2.3837322886211916,0.006477533392992368,-5.11315005442343,0.3641304347826087,350,0.4228571428571429,-5.11315005442343,1.7511350948978375,19,0.6470588235294118
SPXW,"d50ret,d65ret,d80_front",-999999.0,1,score_desc,d80_zero,21,4,0,False,False,False,False,False,-16.038910704001093,-10.366143556736493,-16.038910704001093,84,0.42857142857142855,1.3467039693026952,4.294430565029592,0.05112417339320943,-2.3999999999999986,0.2261904761904762,82,0.43902439024390244,-2.3999999999999986,0.582149358836536,0,0.5,134,0.40298507462686567,0.9545557340174685,-0.9933794397981961,-0.007413279401479076,-4.495983248619958,0.26119402985074625,128,0.3984375,-4.495983248619958,-2.7668109809906114,20,0.5,368,0.41304347826086957,1.0453298307939765,2.3837322886211916,0.006477533392992368,-5.11315005442343,0.3641304347826087,350,0.42,-5.11315005442343,1.7954731108245583,19,0.6470588235294118
SPXW,"d50ret,d65ret,d80_front",-999999.0,1,score_desc,d80_zero,21,4,15,False,False,False,False,False,-16.038910704001093,-12.159202554297442,-16.038910704001093,84,0.42857142857142855,1.3467039693026952,4.294430565029592,0.05112417339320943,-2.3999999999999986,0.2261904761904762,82,0.43902439024390244,-2.3999999999999986,0.582149358836536,0,0.5,134,0.39552238805970147,0.9322191046275897,-1.5019765928589077,-0.011208780543723191,-4.530134879582619,0.26119402985074625,128,0.3984375,-4.530134879582619,-1.8299174270701424,20,0.3333333333333333,368,0.41304347826086957,1.0453298307939765,2.3837322886211916,0.006477533392992368,-5.11315005442343,0.3641304347826087,350,0.4228571428571429,-5.11315005442343,1.7511350948978375,19,0.6470588235294118
SPXW,"d50ret,d65ret,d80_front",-999999.0,1,score_desc,d80_zero,21,4,30,False,False,False,False,False,-16.038910704001093,-8.541889155223084,-16.038910704001093,84,0.42857142857142855,1.3467039693026952,4.294430565029592,0.05112417339320943,-2.3999999999999986,0.2261904761904762,82,0.43902439024390244,-2.3999999999999986,0.582149358836536,0,0.5,134,0.40298507462686567,0.9894822945942531,-0.22990958436735465,-0.001715743166920557,-4.530134879582616,0.26865671641791045,128,0.40625,-4.530134879582616,-14.129437671173536,20,0.5,368,0.41304347826086957,1.0453298307939765,2.3837322886211916,0.006477533392992368,-5.11315005442343,0.3641304347826087,350,0.4228571428571429,-5.11315005442343,1.7511350948978375,19,0.6470588235294118
SPXW,"d65ret,d80,d80_zero",0.0,1,score_desc,d80,21,2,30,False,False,False,False,False,-16.044753637085176,15.162162130923877,-16.044753637085176,108,0.4444444444444444,1.2941523745109405,4.925312017040756,0.04560474089852552,-2.3999999999999986,0.18518518518518517,102,0.46078431372549017,-2.3999999999999986,0.5372242078069738,0,0.5,135,0.4222222222222222,1.089273841487193,1.982989039062081,0.014688807696756156,-2.2774802861251233,0.17037037037037037,128,0.4296875,-2.2774802861251233,1.2607230553238238,21,0.5,367,0.4332425068119891,1.1168381031247137,6.4869042018176755,0.017675488288331542,-3.7641955593450045,0.37057220708446864,337,0.42433234421364985,-3.7641955593450036,0.7707836965742404,15,0.5294117647058824
SPXW,"d65ret,d80,d80_zero",0.0,1,score_desc,d80,21,3,30,False,False,False,False,False,-16.044753637085176,15.162162130923877,-16.044753637085176,108,0.4444444444444444,1.2941523745109405,4.925312017040756,0.04560474089852552,-2.3999999999999986,0.18518518518518517,102,0.46078431372549017,-2.3999999999999986,0.5372242078069738,0,0.5,135,0.4222222222222222,1.089273841487193,1.982989039062081,0.014688807696756156,-2.2774802861251233,0.17037037037037037,128,0.4296875,-2.2774802861251233,1.2607230553238238,21,0.5,367,0.4305177111716621,1.097589137175346,5.4687583353797855,0.014901248870244648,-3.764195559345004,0.37057220708446864,337,0.42433234421364985,-3.764195559345005,0.8530822246376225,15,0.5294117647058824
SPXW,"d65ret,d80,d80_zero",0.0,1,score_desc,d80,21,4,30,False,False,False,False,False,-16.044753637085176,15.162162130923877,-16.044753637085176,108,0.4444444444444444,1.2941523745109405,4.925312017040756,0.04560474089852552,-2.3999999999999986,0.18518518518518517,102,0.46078431372549017,-2.3999999999999986,0.5372242078069738,0,0.5,135,0.4222222222222222,1.089273841487193,1.982989039062081,0.014688807696756156,-2.2774802861251233,0.17037037037037037,128,0.4296875,-2.2774802861251233,1.2607230553238238,21,0.5,367,0.4305177111716621,1.097589137175346,5.4687583353797855,0.014901248870244648,-3.764195559345004,0.37057220708446864,337,0.42433234421364985,-3.764195559345005,0.8530822246376225,15,0.5294117647058824
SPXW,"d65ret,d80,d80_zero",-999999.0,1,score_desc,d80,21,2,30,False,False,False,False,False,-16.044753637085176,15.162162130923877,-16.044753637085176,108,0.4444444444444444,1.2941523745109405,4.925312017040756,0.04560474089852552,-2.3999999999999986,0.18518518518518517,102,0.46078431372549017,-2.3999999999999986,0.5372242078069738,0,0.5,135,0.4222222222222222,1.089273841487193,1.982989039062081,0.014688807696756156,-2.2774802861251233,0.17037037037037037,128,0.4296875,-2.2774802861251233,1.2607230553238238,21,0.5,376,0.4308510638297872,1.0932901047349546,5.325855567301514,0.014164509487504027,-3.764195559345005,0.3696808510638298,349,0.42406876790830944,-3.7641955593450054,0.8759720326240704,19,0.47058823529411764
SPXW,"d65ret,d80,d80_zero",0.0,1,score_desc,d80,21,2,15,False,False,False,False,False,-16.044753637085176,15.162162130923877,-16.044753637085176,108,0.4444444444444444,1.2941523745109405,4.925312017040756,0.04560474089852552,-2.3999999999999986,0.18518518518518517,102,0.46078431372549017,-2.3999999999999986,0.5372242078069738,0,0.5,135,0.4222222222222222,1.089273841487193,1.982989039062081,0.014688807696756156,-2.2774802861251233,0.17037037037037037,128,0.4296875,-2.2774802861251233,1.2607230553238238,21,0.5,367,0.4250681198910082,1.0774270145428695,4.368467094902658,0.01190318009510261,-3.8382867046884552,0.37057220708446864,337,0.41839762611275966,-3.7664504042570917,1.1445662497570934,15,0.5294117647058824
SPXW,"d65ret,d80,d80_zero",-999999.0,1,score_desc,d80,21,3,30,False,False,False,False,False,-16.044753637085176,15.162162130923877,-16.044753637085176,108,0.4444444444444444,1.2941523745109405,4.925312017040756,0.04560474089852552,-2.3999999999999986,0.18518518518518517,102,0.46078431372549017,-2.3999999999999986,0.5372242078069738,0,0.5,135,0.4222222222222222,1.089273841487193,1.982989039062081,0.014688807696756156,-2.2774802861251233,0.17037037037037037,128,0.4296875,-2.2774802861251233,1.2607230553238238,21,0.5,376,0.42819148936170215,1.0747771164066513,4.307709700863621,0.011456674736339418,-3.764195559345006,0.3696808510638298,349,0.42406876790830944,-3.764195559345006,0.9669408609211196,19,0.47058823529411764
SPXW,"d65ret,d80,d80_zero",-999999.0,1,score_desc,d80,21,4,30,False,False,False,False,False,-16.044753637085176,15.162162130923877,-16.044753637085176,108,0.4444444444444444,1.2941523745109405,4.925312017040756,0.04560474089852552,-2.3999999999999986,0.18518518518518517,102,0.46078431372549017,-2.3999999999999986,0.5372242078069738,0,0.5,135,0.4222222222222222,1.089273841487193,1.982989039062081,0.014688807696756156,-2.2774802861251233,0.17037037037037037,128,0.4296875,-2.2774802861251233,1.2607230553238238,21,0.5,376,0.42819148936170215,1.0747771164066513,4.307709700863621,0.011456674736339418,-3.764195559345006,0.3696808510638298,349,0.42406876790830944,-3.764195559345006,0.9669408609211196,19,0.47058823529411764
SPXW,"d65ret,d80,d80_zero",0.0,1,score_desc,d80,21,2,0,False,False,False,False,False,-16.044753637085176,15.929735631629997,-16.044753637085176,108,0.4444444444444444,1.2941523745109405,4.925312017040756,0.04560474089852552,-2.3999999999999986,0.18518518518518517,102,0.46078431372549017,-2.3999999999999986,0.5372242078069738,0,0.5,135,0.42962962962962964,1.1028545240092018,2.277590036953746,0.01687103731076849,-2.2774802861251233,0.17777777777777778,128,0.4296875,-2.2774802861251233,1.0976514471163237,21,0.5,369,0.42276422764227645,1.0665499639146263,3.8085580471511746,0.01032129552073489,-4.248772542323462,0.3685636856368564,336,0.4107142857142857,-4.176936241892097,1.3128328196914398,15,0.5294117647058824
SPXW,"d65ret,d80,d80_zero",0.0,1,score_desc,d80,21,3,15,False,False,False,False,False,-16.044753637085176,15.162162130923877,-16.044753637085176,108,0.4444444444444444,1.2941523745109405,4.925312017040756,0.04560474089852552,-2.3999999999999986,0.18518518518518517,102,0.46078431372549017,-2.3999999999999986,0.5372242078069738,0,0.5,135,0.4222222222222222,1.089273841487193,1.982989039062081,0.014688807696756156,-2.2774802861251233,0.17037037037037037,128,0.4296875,-2.2774802861251233,1.2607230553238238,21,0.5,367,0.4223433242506812,1.0588409515090171,3.350321228464767,0.009128940677015715,-3.8382867046884566,0.37057220708446864,337,0.41839762611275966,-3.766450404257092,1.3924934979709784,15,0.5294117647058824
SPXW,"d65ret,d80,d80_zero",0.0,1,score_desc,d80,21,4,15,False,False,False,False,False,-16.044753637085176,15.162162130923877,-16.044753637085176,108,0.4444444444444444,1.2941523745109405,4.925312017040756,0.04560474089852552,-2.3999999999999986,0.18518518518518517,102,0.46078431372549017,-2.3999999999999986,0.5372242078069738,0,0.5,135,0.4222222222222222,1.089273841487193,1.982989039062081,0.014688807696756156,-2.2774802861251233,0.17037037037037037,128,0.4296875,-2.2774802861251233,1.2607230553238238,21,0.5,367,0.4223433242506812,1.0588409515090171,3.350321228464767,0.009128940677015715,-3.8382867046884566,0.37057220708446864,337,0.41839762611275966,-3.766450404257092,1.3924934979709784,15,0.5294117647058824
SPXW,"d65ret,d80,d80_zero",-999999.0,1,score_desc,d80,21,2,15,False,False,False,False,False,-16.044753637085176,15.162162130923877,-16.044753637085176,108,0.4444444444444444,1.2941523745109405,4.925312017040756,0.04560474089852552,-2.3999999999999986,0.18518518518518517,102,0.46078431372549017,-2.3999999999999986,0.5372242078069738,0,0.5,135,0.4222222222222222,1.089273841487193,1.982989039062081,0.014688807696756156,-2.2774802861251233,0.17037037037037037,128,0.4296875,-2.2774802861251233,1.2607230553238238,21,0.5,376,0.4228723404255319,1.055310636721621,3.207418460386497,0.00853036824570877,-4.186514258897963,0.3696808510638298,349,0.4183381088825215,-4.114677958466599,1.454534412759212,19,0.47058823529411764
SPXW,"d65ret,d80,d80_zero",0.0,1,score_desc,d80,21,3,0,False,False,False,False,False,-16.044753637085176,15.929735631629997,-16.044753637085176,108,0.4444444444444444,1.2941523745109405,4.925312017040756,0.04560474089852552,-2.3999999999999986,0.18518518518518517,102,0.46078431372549017,-2.3999999999999986,0.5372242078069738,0,0.5,135,0.42962962962962964,1.1028545240092018,2.277590036953746,0.01687103731076849,-2.2774802861251233,0.17777777777777778,128,0.4296875,-2.2774802861251233,1.0976514471163237,21,0.5,369,0.42005420054200543,1.0483215889523372,2.7904121807132825,0.007562092630659302,-4.2487725423234615,0.3685636856368564,336,0.4107142857142857,-4.1769362418921,1.703958252893304,15,0.5294117647058824
SPXW,"d65ret,d80,d80_zero",0.0,1,score_desc,d80,21,4,0,False,False,False,False,False,-16.044753637085176,15.929735631629997,-16.044753637085176,108,0.4444444444444444,1.2941523745109405,4.925312017040756,0.04560474089852552,-2.3999999999999986,0.18518518518518517,102,0.46078431372549017,-2.3999999999999986,0.5372242078069738,0,0.5,135,0.42962962962962964,1.1028545240092018,2.277590036953746,0.01687103731076849,-2.2774802861251233,0.17777777777777778,128,0.4296875,-2.2774802861251233,1.0976514471163237,21,0.5,369,0.42005420054200543,1.0483215889523372,2.7904121807132825,0.007562092630659302,-4.2487725423234615,0.3685636856368564,336,0.4107142857142857,-4.1769362418921,1.703958252893304,15,0.5294117647058824
SPXW,"d65ret,d80,d80_zero",-999999.0,1,score_desc,d80,21,2,0,False,False,False,False,False,-16.044753637085176,15.929735631629997,-16.044753637085176,108,0.4444444444444444,1.2941523745109405,4.925312017040756,0.04560474089852552,-2.3999999999999986,0.18518518518518517,102,0.46078431372549017,-2.3999999999999986,0.5372242078069738,0,0.5,135,0.42962962962962964,1.1028545240092018,2.277590036953746,0.01687103731076849,-2.2774802861251233,0.17777777777777778,128,0.4296875,-2.2774802861251233,1.0976514471163237,21,0.5,378,0.41798941798941797,1.0426250329840785,2.508003641892748,0.006634930269557534,-4.6722425668459975,0.37037037037037035,349,0.40974212034383956,-4.6004062664146295,1.8958289313774972,19,0.47058823529411764
SPXW,"d65ret,d80,d80_zero",-999999.0,1,score_desc,d80,21,3,15,False,False,False,False,False,-16.044753637085176,15.162162130923877,-16.044753637085176,108,0.4444444444444444,1.2941523745109405,4.925312017040756,0.04560474089852552,-2.3999999999999986,0.18518518518518517,102,0.46078431372549017,-2.3999999999999986,0.5372242078069738,0,0.5,135,0.4222222222222222,1.089273841487193,1.982989039062081,0.014688807696756156,-2.2774802861251233,0.17037037037037037,128,0.4296875,-2.2774802861251233,1.2607230553238238,21,0.5,376,0.42021276595744683,1.037418777344471,2.1892725939486044,0.00582253349454416,-4.186514258897965,0.3696808510638298,349,0.4183381088825215,-4.114677958466599,1.902595655865189,19,0.47058823529411764
SPXW,"d65ret,d80,d80_zero",-999999.0,1,score_desc,d80,21,4,15,False,False,False,False,False,-16.044753637085176,15.162162130923877,-16.044753637085176,108,0.4444444444444444,1.2941523745109405,4.925312017040756,0.04560474089852552,-2.3999999999999986,0.18518518518518517,102,0.46078431372549017,-2.3999999999999986,0.5372242078069738,0,0.5,135,0.4222222222222222,1.089273841487193,1.982989039062081,0.014688807696756156,-2.2774802861251233,0.17037037037037037,128,0.4296875,-2.2774802861251233,1.2607230553238238,21,0.5,376,0.42021276595744683,1.037418777344471,2.1892725939486044,0.00582253349454416,-4.186514258897965,0.3696808510638298,349,0.4183381088825215,-4.114677958466599,1.902595655865189,19,0.47058823529411764
SPXW,"d65ret,d80,d80_zero",-999999.0,1,score_desc,d80,21,3,0,False,False,False,False,False,-16.044753637085176,15.929735631629997,-16.044753637085176,108,0.4444444444444444,1.2941523745109405,4.925312017040756,0.04560474089852552,-2.3999999999999986,0.18518518518518517,102,0.46078431372549017,-2.3999999999999986,0.5372242078069738,0,0.5,135,0.42962962962962964,1.1028545240092018,2.277590036953746,0.01687103731076849,-2.2774802861251233,0.17777777777777778,128,0.4296875,-2.2774802861251233,1.0976514471163237,21,0.5,378,0.41534391534391535,1.025099994938594,1.489857775454856,0.0039414226863885085,-4.672242566845998,0.37037037037037035,349,0.40974212034383956,-4.600406266414631,2.9667572729902223,19,0.47058823529411764
SPXW,"d65ret,d80,d80_zero",-999999.0,1,score_desc,d80,21,4,0,False,False,False,False,False,-16.044753637085176,15.929735631629997,-16.044753637085176,108,0.4444444444444444,1.2941523745109405,4.925312017040756,0.04560474089852552,-2.3999999999999986,0.18518518518518517,102,0.46078431372549017,-2.3999999999999986,0.5372242078069738,0,0.5,135,0.42962962962962964,1.1028545240092018,2.277590036953746,0.01687103731076849,-2.2774802861251233,0.17777777777777778,128,0.4296875,-2.2774802861251233,1.0976514471163237,21,0.5,378,0.41534391534391535,1.025099994938594,1.489857775454856,0.0039414226863885085,-4.672242566845998,0.37037037037037035,349,0.40974212034383956,-4.600406266414631,2.9667572729902223,19,0.47058823529411764
SPXW,"d65ret,d80,d80_zero",0.0,1,score_desc,d65ret,22,3,0,False,False,False,False,False,-16.049663043237658,17.865225362462215,-16.049663043237658,114,0.4473684210526316,1.2777359558576802,4.90039648722558,0.04298593409847,-2.6999999999999984,0.18421052631578946,102,0.45098039215686275,-2.699999999999999,0.714227921990363,0,0.6666666666666666,134,0.44029850746268656,1.1510315555535118,3.296502202294858,0.02460076270369297,-1.9774802861251233,0.19402985074626866,128,0.453125,-1.9774802861251233,0.7583795934550344,20,0.5,381,0.4304461942257218,1.0963890491340382,5.576886482162542,0.014637497328510609,-3.9737238398281223,0.3884514435695538,341,0.4222873900293255,-3.8884515723357,0.8521218163964169,17,0.47058823529411764
SPXW,"d65ret,d80,d80_zero",0.0,1,score_desc,d65ret,22,4,0,False,False,False,False,False,-16.049663043237658,17.865225362462215,-16.049663043237658,114,0.4473684210526316,1.2777359558576802,4.90039648722558,0.04298593409847,-2.6999999999999984,0.18421052631578946,102,0.45098039215686275,-2.699999999999999,0.714227921990363,0,0.6666666666666666,134,0.44029850746268656,1.1510315555535118,3.296502202294858,0.02460076270369297,-1.9774802861251233,0.19402985074626866,128,0.453125,-1.9774802861251233,0.7583795934550344,20,0.5,381,0.4304461942257218,1.0963890491340382,5.576886482162542,0.014637497328510609,-3.9737238398281223,0.3884514435695538,341,0.4222873900293255,-3.8884515723357,0.8521218163964169,17,0.47058823529411764
SPXW,"d65ret,d80,d80_zero",-999999.0,1,score_desc,d65ret,22,3,0,False,False,False,False,False,-16.049663043237658,17.865225362462215,-16.049663043237658,114,0.4473684210526316,1.2777359558576802,4.90039648722558,0.04298593409847,-2.6999999999999984,0.18421052631578946,102,0.45098039215686275,-2.699999999999999,0.714227921990363,0,0.6666666666666666,134,0.44029850746268656,1.1510315555535118,3.296502202294858,0.02460076270369297,-1.9774802861251233,0.19402985074626866,128,0.453125,-1.9774802861251233,0.7583795934550344,20,0.5,384,0.4296875,1.0839243303117565,4.881763873997915,0.012712926755202905,-5.373723839828122,0.3854166666666667,349,0.42120343839541546,-5.288451572335701,0.7013685602880046,19,0.5294117647058824
SPXW,"d65ret,d80,d80_zero",-999999.0,1,score_desc,d65ret,22,4,0,False,False,False,False,False,-16.049663043237658,17.865225362462215,-16.049663043237658,114,0.4473684210526316,1.2777359558576802,4.90039648722558,0.04298593409847,-2.6999999999999984,0.18421052631578946,102,0.45098039215686275,-2.699999999999999,0.714227921990363,0,0.6666666666666666,134,0.44029850746268656,1.1510315555535118,3.296502202294858,0.02460076270369297,-1.9774802861251233,0.19402985074626866,128,0.453125,-1.9774802861251233,0.7583795934550344,20,0.5,384,0.4296875,1.0839243303117565,4.881763873997915,0.012712926755202905,-5.373723839828122,0.3854166666666667,349,0.42120343839541546,-5.288451572335701,0.7013685602880046,19,0.5294117647058824
SPXW,"d65ret,d80,d80_zero",0.0,1,score_desc,d65ret,22,3,30,False,False,False,False,False,-16.049663043237658,18.156905448243002,-16.049663043237658,114,0.4473684210526316,1.2777359558576802,4.90039648722558,0.04298593409847,-2.6999999999999984,0.18421052631578946,102,0.45098039215686275,-2.699999999999999,0.714227921990363,0,0.6666666666666666,134,0.44029850746268656,1.1635864167216552,3.570531873369972,0.02664576024902964,-1.977480286125123,0.1865671641791045,128,0.453125,-1.977480286125123,0.8402109563493443,20,0.5,377,0.4244031830238727,1.0768641728110275,4.433236366849852,0.011759247657426662,-4.623871038853838,0.38992042440318303,341,0.41935483870967744,-4.538598771361418,1.1278442172378182,17,0.5294117647058824
SPXW,"d65ret,d80,d80_zero",0.0,1,score_desc,d65ret,22,4,30,False,False,False,False,False,-16.049663043237658,18.156905448243002,-16.049663043237658,114,0.4473684210526316,1.2777359558576802,4.90039648722558,0.04298593409847,-2.6999999999999984,0.18421052631578946,102,0.45098039215686275,-2.699999999999999,0.714227921990363,0,0.6666666666666666,134,0.44029850746268656,1.1635864167216552,3.570531873369972,0.02664576024902964,-1.977480286125123,0.1865671641791045,128,0.453125,-1.977480286125123,0.8402109563493443,20,0.5,377,0.4244031830238727,1.0768641728110275,4.433236366849852,0.011759247657426662,-4.623871038853838,0.38992042440318303,341,0.41935483870967744,-4.538598771361418,1.1278442172378182,17,0.5294117647058824
SPXW,"d65ret,d80,d80_zero",0.0,1,score_desc,d65ret,22,3,15,False,False,False,False,False,-16.049663043237658,18.156905448243002,-16.049663043237658,114,0.4473684210526316,1.2777359558576802,4.90039648722558,0.04298593409847,-2.6999999999999984,0.18421052631578946,102,0.45098039215686275,-2.699999999999999,0.714227921990363,0,0.6666666666666666,134,0.44029850746268656,1.1635864167216552,3.570531873369972,0.02664576024902964,-1.977480286125123,0.1865671641791045,128,0.453125,-1.977480286125123,0.8402109563493443,20,0.5,380,0.42105263157894735,1.06191091648142,3.6129085111299575,0.009507653976657782,-4.646274202755004,0.39210526315789473,341,0.41935483870967744,-4.561001935262581,1.3839265468796003,17,0.47058823529411764
SPXW,"d65ret,d80,d80_zero",0.0,1,score_desc,d65ret,22,4,15,False,False,False,False,False,-16.049663043237658,18.156905448243002,-16.049663043237658,114,0.4473684210526316,1.2777359558576802,4.90039648722558,0.04298593409847,-2.6999999999999984,0.18421052631578946,102,0.45098039215686275,-2.699999999999999,0.714227921990363,0,0.6666666666666666,134,0.44029850746268656,1.1635864167216552,3.570531873369972,0.02664576024902964,-1.977480286125123,0.1865671641791045,128,0.453125,-1.977480286125123,0.8402109563493443,20,0.5,380,0.42105263157894735,1.06191091648142,3.6129085111299575,0.009507653976657782,-4.646274202755004,0.39210526315789473,341,0.41935483870967744,-4.561001935262581,1.3839265468796003,17,0.47058823529411764
SPXW,"d65ret,d80,d80_zero",-999999.0,1,score_desc,d65ret,22,3,30,False,False,False,False,False,-16.049663043237658,18.156905448243002,-16.049663043237658,114,0.4473684210526316,1.2777359558576802,4.90039648722558,0.04298593409847,-2.6999999999999984,0.18421052631578946,102,0.45098039215686275,-2.699999999999999,0.714227921990363,0,0.6666666666666666,134,0.44029850746268656,1.1635864167216552,3.570531873369972,0.02664576024902964,-1.977480286125123,0.1865671641791045,128,0.453125,-1.977480286125123,0.8402109563493443,20,0.5,382,0.4214659685863874,1.0535635103001324,3.1381137586852277,0.008214957483469183,-6.023871038853837,0.3900523560209424,349,0.4183381088825215,-5.938598771361416,1.210658472323436,19,0.5294117647058824
SPXW,"d65ret,d80,d80_zero",-999999.0,1,score_desc,d65ret,22,4,30,False,False,False,False,False,-16.049663043237658,18.156905448243002,-16.049663043237658,114,0.4473684210526316,1.2777359558576802,4.90039648722558,0.04298593409847,-2.6999999999999984,0.18421052631578946,102,0.45098039215686275,-2.699999999999999,0.714227921990363,0,0.6666666666666666,134,0.44029850746268656,1.1635864167216552,3.570531873369972,0.02664576024902964,-1.977480286125123,0.1865671641791045,128,0.453125,-1.977480286125123,0.8402109563493443,20,0.5,382,0.4214659685863874,1.0535635103001324,3.1381137586852277,0.008214957483469183,-6.023871038853837,0.3900523560209424,349,0.4183381088825215,-5.938598771361416,1.210658472323436,19,0.5294117647058824
SPXW,"d65ret,d80,d80_zero",-999999.0,1,score_desc,d65ret,22,3,15,False,False,False,False,False,-16.049663043237658,18.156905448243002,-16.049663043237658,114,0.4473684210526316,1.2777359558576802,4.90039648722558,0.04298593409847,-2.6999999999999984,0.18421052631578946,102,0.45098039215686275,-2.699999999999999,0.714227921990363,0,0.6666666666666666,134,0.44029850746268656,1.1635864167216552,3.570531873369972,0.02664576024902964,-1.977480286125123,0.1865671641791045,128,0.453125,-1.977480286125123,0.8402109563493443,20,0.5,383,0.42036553524804177,1.049734610325666,2.917785902965333,0.007618239955523062,-6.023871038853839,0.38903394255874674,349,0.4183381088825215,-5.938598771361419,1.3020777176303167,19,0.5294117647058824
SPXW,"d65ret,d80,d80_zero",-999999.0,1,score_desc,d65ret,22,4,15,False,False,False,False,False,-16.049663043237658,18.156905448243002,-16.049663043237658,114,0.4473684210526316,1.2777359558576802,4.90039648722558,0.04298593409847,-2.6999999999999984,0.18421052631578946,102,0.45098039215686275,-2.699999999999999,0.714227921990363,0,0.6666666666666666,134,0.44029850746268656,1.1635864167216552,3.570531873369972,0.02664576024902964,-1.977480286125123,0.1865671641791045,128,0.453125,-1.977480286125123,0.8402109563493443,20,0.5,383,0.42036553524804177,1.049734610325666,2.917785902965333,0.007618239955523062,-6.023871038853839,0.38903394255874674,349,0.4183381088825215,-5.938598771361419,1.3020777176303167,19,0.5294117647058824
SPXW,"d65ret,d80,d80_zero",0.0,1,score_desc,d80,21,1,0,False,False,False,False,False,-16.067165918836473,-9.143435801991728,-16.067165918836473,102,0.47058823529411764,1.2767500690986555,4.157249658286555,0.040757349591044656,-2.3999999999999986,0.18627450980392157,102,0.47058823529411764,-2.3999999999999986,0.6013591209315045,0,0.5,128,0.3984375,0.9810539933423953,-0.41215802407833735,-0.0032199845631120105,-3.0739987096038823,0.2109375,128,0.3984375,-3.0739987096038823,-6.065634669106513,20,0.5,338,0.4349112426035503,1.1382760351252934,6.356440161158524,0.018806035979758946,-2.754187019173222,0.42011834319526625,338,0.4349112426035503,-2.754187019173222,0.39330190116103453,15,0.5882352941176471
SPXW,"d65ret,d80,d80_zero",0.0,1,score_desc,d80,21,1,15,False,False,False,False,False,-16.067165918836473,-9.143435801991728,-16.067165918836473,102,0.47058823529411764,1.2767500690986555,4.157249658286555,0.040757349591044656,-2.3999999999999986,0.18627450980392157,102,0.47058823529411764,-2.3999999999999986,0.6013591209315045,0,0.5,128,0.3984375,0.9810539933423953,-0.41215802407833735,-0.0032199845631120105,-3.0739987096038823,0.2109375,128,0.3984375,-3.0739987096038823,-6.065634669106513,20,0.5,338,0.4349112426035503,1.1382760351252934,6.356440161158524,0.018806035979758946,-2.754187019173222,0.42011834319526625,338,0.4349112426035503,-2.754187019173222,0.39330190116103453,15,0.5882352941176471
SPXW,"d65ret,d80,d80_zero",0.0,1,score_desc,d80,21,1,30,False,False,False,False,False,-16.067165918836473,-9.143435801991728,-16.067165918836473,102,0.47058823529411764,1.2767500690986555,4.157249658286555,0.040757349591044656,-2.3999999999999986,0.18627450980392157,102,0.47058823529411764,-2.3999999999999986,0.6013591209315045,0,0.5,128,0.3984375,0.9810539933423953,-0.41215802407833735,-0.0032199845631120105,-3.0739987096038823,0.2109375,128,0.3984375,-3.0739987096038823,-6.065634669106513,20,0.5,338,0.4349112426035503,1.1382760351252934,6.356440161158524,0.018806035979758946,-2.754187019173222,0.42011834319526625,338,0.4349112426035503,-2.754187019173222,0.39330190116103453,15,0.5882352941176471
SPXW,"d65ret,d80,d80_zero",0.0,1,score_desc,d80,22,1,0,False,False,False,False,False,-16.067165918836473,15.009064809325963,-16.067165918836473,102,0.47058823529411764,1.2767500690986555,4.157249658286555,0.040757349591044656,-2.3999999999999986,0.18627450980392157,102,0.47058823529411764,-2.3999999999999986,0.6013591209315045,0,0.5,128,0.421875,1.076947228848523,1.6046842963218402,0.012536596065014376,-2.73741416498016,0.2109375,128,0.421875,-2.73741416498016,1.5579388454977394,20,0.5,338,0.4319526627218935,1.1200893662357212,5.556440161158523,0.0164391720744335,-2.754187019173223,0.4230769230769231,338,0.4319526627218935,-2.754187019173223,0.44992835835358796,15,0.5294117647058824
SPXW,"d65ret,d80,d80_zero",0.0,1,score_desc,d80,22,1,15,False,False,False,False,False,-16.067165918836473,15.009064809325963,-16.067165918836473,102,0.47058823529411764,1.2767500690986555,4.157249658286555,0.040757349591044656,-2.3999999999999986,0.18627450980392157,102,0.47058823529411764,-2.3999999999999986,0.6013591209315045,0,0.5,128,0.421875,1.076947228848523,1.6046842963218402,0.012536596065014376,-2.73741416498016,0.2109375,128,0.421875,-2.73741416498016,1.5579388454977394,20,0.5,338,0.4319526627218935,1.1200893662357212,5.556440161158523,0.0164391720744335,-2.754187019173223,0.4230769230769231,338,0.4319526627218935,-2.754187019173223,0.44992835835358796,15,0.5294117647058824
SPXW,"d65ret,d80,d80_zero",0.0,1,score_desc,d80,22,1,30,False,False,False,False,False,-16.067165918836473,15.009064809325963,-16.067165918836473,102,0.47058823529411764,1.2767500690986555,4.157249658286555,0.040757349591044656,-2.3999999999999986,0.18627450980392157,102,0.47058823529411764,-2.3999999999999986,0.6013591209315045,0,0.5,128,0.421875,1.076947228848523,1.6046842963218402,0.012536596065014376,-2.73741416498016,0.2109375,128,0.421875,-2.73741416498016,1.5579388454977394,20,0.5,338,0.4319526627218935,1.1200893662357212,5.556440161158523,0.0164391720744335,-2.754187019173223,0.4230769230769231,338,0.4319526627218935,-2.754187019173223,0.44992835835358796,15,0.5294117647058824
SPXW,"d65ret,d80,d80_zero",-999999.0,1,score_desc,d80,21,1,0,False,False,False,False,False,-16.067165918836473,-9.143435801991728,-16.067165918836473,102,0.47058823529411764,1.2767500690986555,4.157249658286555,0.040757349591044656,-2.3999999999999986,0.18627450980392157,102,0.47058823529411764,-2.3999999999999986,0.6013591209315045,0,0.5,128,0.3984375,0.9810539933423953,-0.41215802407833735,-0.0032199845631120105,-3.0739987096038823,0.2109375,128,0.3984375,-3.0739987096038823,-6.065634669106513,20,0.5,349,0.4297994269340974,1.101196246436199,4.8986613791189235,0.014036279023263392,-3.108508677094317,0.4183381088825215,349,0.4297994269340974,-3.108508677094317,0.5103435013198752,19,0.5294117647058824
SPXW,"d65ret,d80,d80_zero",-999999.0,1,score_desc,d80,21,1,15,False,False,False,False,False,-16.067165918836473,-9.143435801991728,-16.067165918836473,102,0.47058823529411764,1.2767500690986555,4.157249658286555,0.040757349591044656,-2.3999999999999986,0.18627450980392157,102,0.47058823529411764,-2.3999999999999986,0.6013591209315045,0,0.5,128,0.3984375,0.9810539933423953,-0.41215802407833735,-0.0032199845631120105,-3.0739987096038823,0.2109375,128,0.3984375,-3.0739987096038823,-6.065634669106513,20,0.5,349,0.4297994269340974,1.101196246436199,4.8986613791189235,0.014036279023263392,-3.108508677094317,0.4183381088825215,349,0.4297994269340974,-3.108508677094317,0.5103435013198752,19,0.5294117647058824
SPXW,"d65ret,d80,d80_zero",-999999.0,1,score_desc,d80,21,1,30,False,False,False,False,False,-16.067165918836473,-9.143435801991728,-16.067165918836473,102,0.47058823529411764,1.2767500690986555,4.157249658286555,0.040757349591044656,-2.3999999999999986,0.18627450980392157,102,0.47058823529411764,-2.3999999999999986,0.6013591209315045,0,0.5,128,0.3984375,0.9810539933423953,-0.41215802407833735,-0.0032199845631120105,-3.0739987096038823,0.2109375,128,0.3984375,-3.0739987096038823,-6.065634669106513,20,0.5,349,0.4297994269340974,1.101196246436199,4.8986613791189235,0.014036279023263392,-3.108508677094317,0.4183381088825215,349,0.4297994269340974,-3.108508677094317,0.5103435013198752,19,0.5294117647058824
SPXW,"d65ret,d80,d80_zero",-999999.0,1,score_desc,d80,22,1,0,False,False,False,False,False,-16.067165918836473,15.009064809325963,-16.067165918836473,102,0.47058823529411764,1.2767500690986555,4.157249658286555,0.040757349591044656,-2.3999999999999986,0.18627450980392157,102,0.47058823529411764,-2.3999999999999986,0.6013591209315045,0,0.5,128,0.421875,1.076947228848523,1.6046842963218402,0.012536596065014376,-2.73741416498016,0.2109375,128,0.421875,-2.73741416498016,1.5579388454977394,20,0.5,349,0.4326647564469914,1.0995646237521461,4.779324352731026,0.01369433911957314,-2.7541870191732225,0.42406876790830944,349,0.4326647564469914,-2.7541870191732225,0.5230864899494502,19,0.47058823529411764
SPXW,"d65ret,d80,d80_zero",-999999.0,1,score_desc,d80,22,1,15,False,False,False,False,False,-16.067165918836473,15.009064809325963,-16.067165918836473,102,0.47058823529411764,1.2767500690986555,4.157249658286555,0.040757349591044656,-2.3999999999999986,0.18627450980392157,102,0.47058823529411764,-2.3999999999999986,0.6013591209315045,0,0.5,128,0.421875,1.076947228848523,1.6046842963218402,0.012536596065014376,-2.73741416498016,0.2109375,128,0.421875,-2.73741416498016,1.5579388454977394,20,0.5,349,0.4326647564469914,1.0995646237521461,4.779324352731026,0.01369433911957314,-2.7541870191732225,0.42406876790830944,349,0.4326647564469914,-2.7541870191732225,0.5230864899494502,19,0.47058823529411764
SPXW,"d65ret,d80,d80_zero",-999999.0,1,score_desc,d80,22,1,30,False,False,False,False,False,-16.067165918836473,15.009064809325963,-16.067165918836473,102,0.47058823529411764,1.2767500690986555,4.157249658286555,0.040757349591044656,-2.3999999999999986,0.18627450980392157,102,0.47058823529411764,-2.3999999999999986,0.6013591209315045,0,0.5,128,0.421875,1.076947228848523,1.6046842963218402,0.012536596065014376,-2.73741416498016,0.2109375,128,0.421875,-2.73741416498016,1.5579388454977394,20,0.5,349,0.4326647564469914,1.0995646237521461,4.779324352731026,0.01369433911957314,-2.7541870191732225,0.42406876790830944,349,0.4326647564469914,-2.7541870191732225,0.5230864899494502,19,0.47058823529411764
SPXW,"d65ret,d80_zero",-999999.0,1,score_desc,d80,21,1,0,False,False,False,False,False,-16.067165918836473,-12.731483540324108,-16.067165918836473,102,0.47058823529411764,1.2767500690986555,4.157249658286555,0.040757349591044656,-2.3999999999999986,0.18627450980392157,102,0.47058823529411764,-2.3999999999999986,0.6013591209315045,0,0.5,128,0.3828125,0.9299306078284112,-1.547996675441219,-0.012093724026884524,-3.72188273742826,0.2265625,128,0.3828125,-3.72188273742826,-1.6149905485342437,20,0.3333333333333333,349,0.4269340974212034,1.0883482573095336,4.289160755880494,0.012289858899371044,-4.298040412211069,0.4785100286532951,349,0.4269340974212034,-4.298040412211069,0.5828646073879297,19,0.47058823529411764
SPXW,"d65ret,d80_zero",-999999.0,1,score_desc,d80,21,1,15,False,False,False,False,False,-16.067165918836473,-12.731483540324108,-16.067165918836473,102,0.47058823529411764,1.2767500690986555,4.157249658286555,0.040757349591044656,-2.3999999999999986,0.18627450980392157,102,0.47058823529411764,-2.3999999999999986,0.6013591209315045,0,0.5,128,0.3828125,0.9299306078284112,-1.547996675441219,-0.012093724026884524,-3.72188273742826,0.2265625,128,0.3828125,-3.72188273742826,-1.6149905485342437,20,0.3333333333333333,349,0.4269340974212034,1.0883482573095336,4.289160755880494,0.012289858899371044,-4.298040412211069,0.4785100286532951,349,0.4269340974212034,-4.298040412211069,0.5828646073879297,19,0.47058823529411764
SPXW,"d65ret,d80_zero",-999999.0,1,score_desc,d80,21,1,30,False,False,False,False,False,-16.067165918836473,-12.731483540324108,-16.067165918836473,102,0.47058823529411764,1.2767500690986555,4.157249658286555,0.040757349591044656,-2.3999999999999986,0.18627450980392157,102,0.47058823529411764,-2.3999999999999986,0.6013591209315045,0,0.5,128,0.3828125,0.9299306078284112,-1.547996675441219,-0.012093724026884524,-3.72188273742826,0.2265625,128,0.3828125,-3.72188273742826,-1.6149905485342437,20,0.3333333333333333,349,0.4269340974212034,1.0883482573095336,4.289160755880494,0.012289858899371044,-4.298040412211069,0.4785100286532951,349,0.4269340974212034,-4.298040412211069,0.5828646073879297,19,0.47058823529411764
SPXW,"d65ret,d80_zero",-999999.0,1,score_desc,d80,22,1,0,False,False,False,False,False,-16.067165918836473,12.460643067835413,-16.067165918836473,102,0.47058823529411764,1.2767500690986555,4.157249658286555,0.040757349591044656,-2.3999999999999986,0.18627450980392157,102,0.47058823529411764,-2.3999999999999986,0.6013591209315045,0,0.5,128,0.40625,1.0221233566221906,0.46884564495895775,0.0036628566012418574,-2.866242073037726,0.2265625,128,0.40625,-2.866242073037726,5.332245328244112,20,0.3333333333333333,349,0.4269340974212034,1.0793421095465052,3.865386859773654,0.011075607048062045,-4.7769873141226995,0.47564469914040114,349,0.4269340974212034,-4.7769873141226995,0.6467657936174577,19,0.4117647058823529
SPXW,"d65ret,d80_zero",-999999.0,1,score_desc,d80,22,1,15,False,False,False,False,False,-16.067165918836473,12.460643067835413,-16.067165918836473,102,0.47058823529411764,1.2767500690986555,4.157249658286555,0.040757349591044656,-2.3999999999999986,0.18627450980392157,102,0.47058823529411764,-2.3999999999999986,0.6013591209315045,0,0.5,128,0.40625,1.0221233566221906,0.46884564495895775,0.0036628566012418574,-2.866242073037726,0.2265625,128,0.40625,-2.866242073037726,5.332245328244112,20,0.3333333333333333,349,0.4269340974212034,1.0793421095465052,3.865386859773654,0.011075607048062045,-4.7769873141226995,0.47564469914040114,349,0.4269340974212034,-4.7769873141226995,0.6467657936174577,19,0.4117647058823529
SPXW,"d65ret,d80_zero",-999999.0,1,score_desc,d80,22,1,30,False,False,False,False,False,-16.067165918836473,12.460643067835413,-16.067165918836473,102,0.47058823529411764,1.2767500690986555,4.157249658286555,0.040757349591044656,-2.3999999999999986,0.18627450980392157,102,0.47058823529411764,-2.3999999999999986,0.6013591209315045,0,0.5,128,0.40625,1.0221233566221906,0.46884564495895775,0.0036628566012418574,-2.866242073037726,0.2265625,128,0.40625,-2.866242073037726,5.332245328244112,20,0.3333333333333333,349,0.4269340974212034,1.0793421095465052,3.865386859773654,0.011075607048062045,-4.7769873141226995,0.47564469914040114,349,0.4269340974212034,-4.7769873141226995,0.6467657936174577,19,0.4117647058823529
SPXW,"d65ret,d80_zero",0.0,1,score_desc,d80,21,1,0,False,False,False,False,False,-16.067165918836473,-12.731483540324108,-16.067165918836473,102,0.47058823529411764,1.2767500690986555,4.157249658286555,0.040757349591044656,-2.3999999999999986,0.18627450980392157,102,0.47058823529411764,-2.3999999999999986,0.6013591209315045,0,0.5,128,0.3828125,0.9299306078284112,-1.547996675441219,-0.012093724026884524,-3.72188273742826,0.2265625,128,0.3828125,-3.72188273742826,-1.6149905485342437,20,0.3333333333333333,337,0.41543026706231456,1.0441083081252303,2.097801449038741,0.006224930115841961,-4.94260600597293,0.4391691394658754,337,0.41543026706231456,-4.94260600597293,1.1917238407598372,15,0.4117647058823529
SPXW,"d65ret,d80_zero",0.0,1,score_desc,d80,21,1,15,False,False,False,False,False,-16.067165918836473,-12.731483540324108,-16.067165918836473,102,0.47058823529411764,1.2767500690986555,4.157249658286555,0.040757349591044656,-2.3999999999999986,0.18627450980392157,102,0.47058823529411764,-2.3999999999999986,0.6013591209315045,0,0.5,128,0.3828125,0.9299306078284112,-1.547996675441219,-0.012093724026884524,-3.72188273742826,0.2265625,128,0.3828125,-3.72188273742826,-1.6149905485342437,20,0.3333333333333333,337,0.41543026706231456,1.0441083081252303,2.097801449038741,0.006224930115841961,-4.94260600597293,0.4391691394658754,337,0.41543026706231456,-4.94260600597293,1.1917238407598372,15,0.4117647058823529
SPXW,"d65ret,d80_zero",0.0,1,score_desc,d80,21,1,30,False,False,False,False,False,-16.067165918836473,-12.731483540324108,-16.067165918836473,102,0.47058823529411764,1.2767500690986555,4.157249658286555,0.040757349591044656,-2.3999999999999986,0.18627450980392157,102,0.47058823529411764,-2.3999999999999986,0.6013591209315045,0,0.5,128,0.3828125,0.9299306078284112,-1.547996675441219,-0.012093724026884524,-3.72188273742826,0.2265625,128,0.3828125,-3.72188273742826,-1.6149905485342437,20,0.3333333333333333,337,0.41543026706231456,1.0441083081252303,2.097801449038741,0.006224930115841961,-4.94260600597293,0.4391691394658754,337,0.41543026706231456,-4.94260600597293,1.1917238407598372,15,0.4117647058823529
SPXW,"d65ret,d80_zero",0.0,1,score_desc,d80,22,1,0,False,False,False,False,False,-16.067165918836473,12.460643067835413,-16.067165918836473,102,0.47058823529411764,1.2767500690986555,4.157249658286555,0.040757349591044656,-2.3999999999999986,0.18627450980392157,102,0.47058823529411764,-2.3999999999999986,0.6013591209315045,0,0.5,128,0.40625,1.0221233566221906,0.46884564495895775,0.0036628566012418574,-2.866242073037726,0.2265625,128,0.40625,-2.866242073037726,5.332245328244112,20,0.3333333333333333,338,0.41124260355029585,1.02071836802548,0.9978014490387415,0.002952075293014028,-5.659182534915536,0.4378698224852071,338,0.41124260355029585,-5.659182534915536,2.5055084880949425,15,0.4117647058823529
SPXW,"d65ret,d80_zero",0.0,1,score_desc,d80,22,1,15,False,False,False,False,False,-16.067165918836473,12.460643067835413,-16.067165918836473,102,0.47058823529411764,1.2767500690986555,4.157249658286555,0.040757349591044656,-2.3999999999999986,0.18627450980392157,102,0.47058823529411764,-2.3999999999999986,0.6013591209315045,0,0.5,128,0.40625,1.0221233566221906,0.46884564495895775,0.0036628566012418574,-2.866242073037726,0.2265625,128,0.40625,-2.866242073037726,5.332245328244112,20,0.3333333333333333,338,0.41124260355029585,1.02071836802548,0.9978014490387415,0.002952075293014028,-5.659182534915536,0.4378698224852071,338,0.41124260355029585,-5.659182534915536,2.5055084880949425,15,0.4117647058823529
SPXW,"d65ret,d80_zero",0.0,1,score_desc,d80,22,1,30,False,False,False,False,False,-16.067165918836473,12.460643067835413,-16.067165918836473,102,0.47058823529411764,1.2767500690986555,4.157249658286555,0.040757349591044656,-2.3999999999999986,0.18627450980392157,102,0.47058823529411764,-2.3999999999999986,0.6013591209315045,0,0.5,128,0.40625,1.0221233566221906,0.46884564495895775,0.0036628566012418574,-2.866242073037726,0.2265625,128,0.40625,-2.866242073037726,5.332245328244112,20,0.3333333333333333,338,0.41124260355029585,1.02071836802548,0.9978014490387415,0.002952075293014028,-5.659182534915536,0.4378698224852071,338,0.41124260355029585,-5.659182534915536,2.5055084880949425,15,0.4117647058823529
SPXW,"d65ret,d80_front,d80_zero",0.0,1,score_desc,d65ret,21,2,0,False,False,False,False,False,-16.20247882290847,-10.668550524261114,-16.20247882290847,90,0.43333333333333335,1.3080490524994994,4.165643785477672,0.046284930949751904,-2.491469142497367,0.2111111111111111,82,0.43902439024390244,-2.491469142497367,0.8402062634836304,0,0.5,133,0.40601503759398494,0.946506008944333,-1.1618734251643588,-0.008735890414769614,-3.0371870856008276,0.24060150375939848,128,0.4140625,-3.0371870856008276,-2.151697375853441,20,0.5,375,0.43733333333333335,1.048213283622188,2.4515183728303276,0.00653738232754754,-4.457533677737965,0.4026666666666667,342,0.4239766081871345,-4.45323365918392,2.0395523261885242,19,0.47058823529411764
SPXW,"d65ret,d80_front,d80_zero",0.0,1,score_desc,d65ret,21,2,15,False,False,False,False,False,-16.20247882290847,-10.717709453114358,-16.20247882290847,90,0.43333333333333335,1.3080490524994994,4.165643785477672,0.046284930949751904,-2.491469142497367,0.2111111111111111,82,0.43902439024390244,-2.491469142497367,0.8402062634836304,0,0.5,133,0.40601503759398494,0.9455618004887738,-1.1823813493382773,-0.008890085333370506,-3.0576950097747466,0.24060150375939848,128,0.4140625,-3.057695009774746,-2.114377058974358,20,0.5,375,0.43733333333333335,1.048213283622188,2.4515183728303276,0.00653738232754754,-4.457533677737965,0.4026666666666667,342,0.4239766081871345,-4.45323365918392,2.0395523261885242,19,0.47058823529411764
SPXW,"d65ret,d80_front,d80_zero",0.0,1,score_desc,d65ret,21,3,0,False,False,False,False,False,-16.20247882290847,-10.668550524261114,-16.20247882290847,90,0.43333333333333335,1.3080490524994994,4.165643785477672,0.046284930949751904,-2.491469142497367,0.2111111111111111,82,0.4268292682926829,-2.491469142497367,0.8402062634836304,0,0.5,133,0.40601503759398494,0.946506008944333,-1.1618734251643588,-0.008735890414769614,-3.0371870856008276,0.24060150375939848,128,0.4140625,-3.0371870856008276,-2.151697375853441,20,0.5,375,0.43733333333333335,1.048213283622188,2.4515183728303276,0.00653738232754754,-4.457533677737965,0.4,342,0.4239766081871345,-4.45323365918392,2.0395523261885242,19,0.47058823529411764
SPXW,"d65ret,d80_front,d80_zero",0.0,1,score_desc,d65ret,21,3,15,False,False,False,False,False,-16.20247882290847,-10.717709453114358,-16.20247882290847,90,0.43333333333333335,1.3080490524994994,4.165643785477672,0.046284930949751904,-2.491469142497367,0.2111111111111111,82,0.4268292682926829,-2.491469142497367,0.8402062634836304,0,0.5,133,0.40601503759398494,0.9455618004887738,-1.1823813493382773,-0.008890085333370506,-3.0576950097747466,0.24060150375939848,128,0.4140625,-3.057695009774746,-2.114377058974358,20,0.5,375,0.43733333333333335,1.048213283622188,2.4515183728303276,0.00653738232754754,-4.457533677737965,0.4,342,0.4239766081871345,-4.45323365918392,2.0395523261885242,19,0.47058823529411764
SPXW,"d65ret,d80_front,d80_zero",0.0,1,score_desc,d65ret,21,4,0,False,False,False,False,False,-16.20247882290847,-10.668550524261114,-16.20247882290847,90,0.43333333333333335,1.3080490524994994,4.165643785477672,0.046284930949751904,-2.491469142497367,0.2111111111111111,82,0.4268292682926829,-2.491469142497367,0.8402062634836304,0,0.5,133,0.40601503759398494,0.946506008944333,-1.1618734251643588,-0.008735890414769614,-3.0371870856008276,0.24060150375939848,128,0.4140625,-3.0371870856008276,-2.151697375853441,20,0.5,375,0.43733333333333335,1.048213283622188,2.4515183728303276,0.00653738232754754,-4.457533677737965,0.4,342,0.4239766081871345,-4.45323365918392,2.0395523261885242,19,0.47058823529411764
SPXW,"d65ret,d80_front,d80_zero",0.0,1,score_desc,d65ret,21,4,15,False,False,False,False,False,-16.20247882290847,-10.717709453114358,-16.20247882290847,90,0.43333333333333335,1.3080490524994994,4.165643785477672,0.046284930949751904,-2.491469142497367,0.2111111111111111,82,0.4268292682926829,-2.491469142497367,0.8402062634836304,0,0.5,133,0.40601503759398494,0.9455618004887738,-1.1823813493382773,-0.008890085333370506,-3.0576950097747466,0.24060150375939848,128,0.4140625,-3.057695009774746,-2.114377058974358,20,0.5,375,0.43733333333333335,1.048213283622188,2.4515183728303276,0.00653738232754754,-4.457533677737965,0.4,342,0.4239766081871345,-4.45323365918392,2.0395523261885242,19,0.47058823529411764
SPXW,"d65ret,d80_front,d80_zero",0.0,1,score_desc,d65ret,21,2,30,False,False,False,False,False,-16.20247882290847,-10.717709453114358,-16.20247882290847,90,0.43333333333333335,1.3080490524994994,4.165643785477672,0.046284930949751904,-2.491469142497367,0.2111111111111111,82,0.43902439024390244,-2.491469142497367,0.8402062634836304,0,0.5,133,0.40601503759398494,0.9455618004887738,-1.1823813493382773,-0.008890085333370506,-3.0576950097747466,0.24060150375939848,128,0.4140625,-3.057695009774746,-2.114377058974358,20,0.5,375,0.43733333333333335,1.04524596918647,2.300638256177586,0.006135035349806896,-4.457533677737965,0.4026666666666667,342,0.4239766081871345,-4.45323365918392,2.1733099441314563,19,0.47058823529411764
SPXW,"d65ret,d80_front,d80_zero",0.0,1,score_desc,d65ret,21,3,30,False,False,False,False,False,-16.20247882290847,-10.717709453114358,-16.20247882290847,90,0.43333333333333335,1.3080490524994994,4.165643785477672,0.046284930949751904,-2.491469142497367,0.2111111111111111,82,0.4268292682926829,-2.491469142497367,0.8402062634836304,0,0.5,133,0.40601503759398494,0.9455618004887738,-1.1823813493382773,-0.008890085333370506,-3.0576950097747466,0.24060150375939848,128,0.4140625,-3.057695009774746,-2.114377058974358,20,0.5,375,0.43733333333333335,1.04524596918647,2.300638256177586,0.006135035349806896,-4.457533677737965,0.4,342,0.4239766081871345,-4.45323365918392,2.1733099441314563,19,0.47058823529411764
SPXW,"d65ret,d80_front,d80_zero",0.0,1,score_desc,d65ret,21,4,30,False,False,False,False,False,-16.20247882290847,-10.717709453114358,-16.20247882290847,90,0.43333333333333335,1.3080490524994994,4.165643785477672,0.046284930949751904,-2.491469142497367,0.2111111111111111,82,0.4268292682926829,-2.491469142497367,0.8402062634836304,0,0.5,133,0.40601503759398494,0.9455618004887738,-1.1823813493382773,-0.008890085333370506,-3.0576950097747466,0.24060150375939848,128,0.4140625,-3.057695009774746,-2.114377058974358,20,0.5,375,0.43733333333333335,1.04524596918647,2.300638256177586,0.006135035349806896,-4.457533677737965,0.4,342,0.4239766081871345,-4.45323365918392,2.1733099441314563,19,0.47058823529411764
SPXW,"d65ret,d80_front,d80_zero",-999999.0,1,score_desc,d65ret,21,2,0,False,False,False,False,False,-16.20247882290847,-10.668550524261114,-16.20247882290847,90,0.43333333333333335,1.3080490524994994,4.165643785477672,0.046284930949751904,-2.491469142497367,0.2111111111111111,82,0.43902439024390244,-2.491469142497367,0.8402062634836304,0,0.5,133,0.40601503759398494,0.946506008944333,-1.1618734251643588,-0.008735890414769614,-3.0371870856008276,0.24060150375939848,128,0.4140625,-3.0371870856008276,-2.151697375853441,20,0.5,379,0.43271767810026385,1.0319982619790105,1.6525915382998946,0.004360399837202888,-5.256460512268399,0.40105540897097625,349,0.42120343839541546,-5.2521604937143564,2.8373024136189433,19,0.47058823529411764
SPXW,"d65ret,d80_front,d80_zero",-999999.0,1,score_desc,d65ret,21,2,15,False,False,False,False,False,-16.20247882290847,-10.717709453114358,-16.20247882290847,90,0.43333333333333335,1.3080490524994994,4.165643785477672,0.046284930949751904,-2.491469142497367,0.2111111111111111,82,0.43902439024390244,-2.491469142497367,0.8402062634836304,0,0.5,133,0.40601503759398494,0.9455618004887738,-1.1823813493382773,-0.008890085333370506,-3.0576950097747466,0.24060150375939848,128,0.4140625,-3.057695009774746,-2.114377058974358,20,0.5,379,0.43271767810026385,1.0319982619790105,1.6525915382998946,0.004360399837202888,-5.256460512268399,0.40105540897097625,349,0.42120343839541546,-5.2521604937143564,2.8373024136189433,19,0.47058823529411764
SPXW,"d65ret,d80_front,d80_zero",-999999.0,1,score_desc,d65ret,21,3,0,False,False,False,False,False,-16.20247882290847,-10.668550524261114,-16.20247882290847,90,0.43333333333333335,1.3080490524994994,4.165643785477672,0.046284930949751904,-2.491469142497367,0.2111111111111111,82,0.4268292682926829,-2.491469142497367,0.8402062634836304,0,0.5,133,0.40601503759398494,0.946506008944333,-1.1618734251643588,-0.008735890414769614,-3.0371870856008276,0.24060150375939848,128,0.4140625,-3.0371870856008276,-2.151697375853441,20,0.5,379,0.43271767810026385,1.0319982619790105,1.6525915382998946,0.004360399837202888,-5.256460512268399,0.39841688654353563,349,0.42120343839541546,-5.2521604937143564,2.6557693529398203,19,0.47058823529411764
SPXW,"d65ret,d80_front,d80_zero",-999999.0,1,score_desc,d65ret,21,3,15,False,False,False,False,False,-16.20247882290847,-10.717709453114358,-16.20247882290847,90,0.43333333333333335,1.3080490524994994,4.165643785477672,0.046284930949751904,-2.491469142497367,0.2111111111111111,82,0.4268292682926829,-2.491469142497367,0.8402062634836304,0,0.5,133,0.40601503759398494,0.9455618004887738,-1.1823813493382773,-0.008890085333370506,-3.0576950097747466,0.24060150375939848,128,0.4140625,-3.057695009774746,-2.114377058974358,20,0.5,379,0.43271767810026385,1.0319982619790105,1.6525915382998946,0.004360399837202888,-5.256460512268399,0.39841688654353563,349,0.42120343839541546,-5.2521604937143564,2.6557693529398203,19,0.47058823529411764
SPXW,"d65ret,d80_front,d80_zero",-999999.0,1,score_desc,d65ret,21,4,0,False,False,False,False,False,-16.20247882290847,-10.668550524261114,-16.20247882290847,90,0.43333333333333335,1.3080490524994994,4.165643785477672,0.046284930949751904,-2.491469142497367,0.2111111111111111,82,0.4268292682926829,-2.491469142497367,0.8402062634836304,0,0.5,133,0.40601503759398494,0.946506008944333,-1.1618734251643588,-0.008735890414769614,-3.0371870856008276,0.24060150375939848,128,0.4140625,-3.0371870856008276,-2.151697375853441,20,0.5,379,0.43271767810026385,1.0319982619790105,1.6525915382998946,0.004360399837202888,-5.256460512268399,0.39841688654353563,349,0.42120343839541546,-5.2521604937143564,2.6557693529398203,19,0.47058823529411764
SPXW,"d65ret,d80_front,d80_zero",-999999.0,1,score_desc,d65ret,21,4,15,False,False,False,False,False,-16.20247882290847,-10.717709453114358,-16.20247882290847,90,0.43333333333333335,1.3080490524994994,4.165643785477672,0.046284930949751904,-2.491469142497367,0.2111111111111111,82,0.4268292682926829,-2.491469142497367,0.8402062634836304,0,0.5,133,0.40601503759398494,0.9455618004887738,-1.1823813493382773,-0.008890085333370506,-3.0576950097747466,0.24060150375939848,128,0.4140625,-3.057695009774746,-2.114377058974358,20,0.5,379,0.43271767810026385,1.0319982619790105,1.6525915382998946,0.004360399837202888,-5.256460512268399,0.39841688654353563,349,0.42120343839541546,-5.2521604937143564,2.6557693529398203,19,0.47058823529411764
SPXW,"d65ret,d80_front,d80_zero",-999999.0,1,score_desc,d65ret,21,2,30,False,False,False,False,False,-16.20247882290847,-10.717709453114358,-16.20247882290847,90,0.43333333333333335,1.3080490524994994,4.165643785477672,0.046284930949751904,-2.491469142497367,0.2111111111111111,82,0.43902439024390244,-2.491469142497367,0.8402062634836304,0,0.5,133,0.40601503759398494,0.9455618004887738,-1.1823813493382773,-0.008890085333370506,-3.0576950097747466,0.24060150375939848,128,0.4140625,-3.057695009774746,-2.114377058974358,20,0.5,379,0.43271767810026385,1.0290768495257887,1.501711421647153,0.00396229926555977,-5.2564605122684,0.40105540897097625,349,0.42120343839541546,-5.2521604937143564,3.1223721766739367,19,0.47058823529411764
SPXW,"d65ret,d80_front,d80_zero",-999999.0,1,score_desc,d65ret,21,3,30,False,False,False,False,False,-16.20247882290847,-10.717709453114358,-16.20247882290847,90,0.43333333333333335,1.3080490524994994,4.165643785477672,0.046284930949751904,-2.491469142497367,0.2111111111111111,82,0.4268292682926829,-2.491469142497367,0.8402062634836304,0,0.5,133,0.40601503759398494,0.9455618004887738,-1.1823813493382773,-0.008890085333370506,-3.0576950097747466,0.24060150375939848,128,0.4140625,-3.057695009774746,-2.114377058974358,20,0.5,379,0.43271767810026385,1.0290768495257887,1.501711421647153,0.00396229926555977,-5.2564605122684,0.39841688654353563,349,0.42120343839541546,-5.2521604937143564,2.9226001061712403,19,0.47058823529411764
SPXW,"d65ret,d80_front,d80_zero",-999999.0,1,score_desc,d65ret,21,4,30,False,False,False,False,False,-16.20247882290847,-10.717709453114358,-16.20247882290847,90,0.43333333333333335,1.3080490524994994,4.165643785477672,0.046284930949751904,-2.491469142497367,0.2111111111111111,82,0.4268292682926829,-2.491469142497367,0.8402062634836304,0,0.5,133,0.40601503759398494,0.9455618004887738,-1.1823813493382773,-0.008890085333370506,-3.0576950097747466,0.24060150375939848,128,0.4140625,-3.057695009774746,-2.114377058974358,20,0.5,379,0.43271767810026385,1.0290768495257887,1.501711421647153,0.00396229926555977,-5.2564605122684,0.39841688654353563,349,0.42120343839541546,-5.2521604937143564,2.9226001061712403,19,0.47058823529411764
SPXW,"d65ret,d80_zero",-999999.0,1,score_desc,d50ret,22,3,15,False,False,False,False,False,-16.24798960666534,-10.90369486988822,-16.24798960666534,85,0.4235294117647059,1.3388184027181154,4.472021740301633,0.05261202047413686,-2.3999999999999986,0.2235294117647059,82,0.4146341463414634,-2.3999999999999986,0.6708375258921825,0,0.5,137,0.39416058394160586,0.9542401076557747,-1.058654464585698,-0.007727404850990495,-4.008474258930914,0.23357664233576642,124,0.4032258064516129,-4.008474258930914,-2.676369439208899,22,0.3333333333333333,383,0.412532637075718,0.9702048473312447,-1.7147395420159697,-0.004477126741556057,-4.598752258644732,0.46736292428198434,348,0.40804597701149425,-4.445847815605411,-1.639393406256577,19,0.47058823529411764
SPXW,"d65ret,d80_zero",-999999.0,1,score_desc,d50ret,22,3,30,False,False,False,False,False,-16.24798960666534,-10.90369486988822,-16.24798960666534,85,0.4235294117647059,1.3388184027181154,4.472021740301633,0.05261202047413686,-2.3999999999999986,0.2235294117647059,82,0.4146341463414634,-2.3999999999999986,0.6708375258921825,0,0.5,137,0.39416058394160586,0.9542401076557747,-1.058654464585698,-0.007727404850990495,-4.008474258930914,0.23357664233576642,124,0.4032258064516129,-4.008474258930914,-2.676369439208899,22,0.3333333333333333,383,0.412532637075718,0.9702048473312447,-1.7147395420159697,-0.004477126741556057,-4.598752258644732,0.46736292428198434,348,0.40804597701149425,-4.445847815605411,-1.639393406256577,19,0.47058823529411764
SPXW,"d65ret,d80_zero",-999999.0,1,score_desc,d50ret,22,4,15,False,False,False,False,False,-16.24798960666534,-10.90369486988822,-16.24798960666534,85,0.4235294117647059,1.3388184027181154,4.472021740301633,0.05261202047413686,-2.3999999999999986,0.2235294117647059,82,0.4146341463414634,-2.3999999999999986,0.6708375258921825,0,0.5,137,0.39416058394160586,0.9542401076557747,-1.058654464585698,-0.007727404850990495,-4.008474258930914,0.23357664233576642,124,0.4032258064516129,-4.008474258930914,-2.676369439208899,22,0.3333333333333333,383,0.412532637075718,0.9702048473312447,-1.7147395420159697,-0.004477126741556057,-4.598752258644732,0.46736292428198434,348,0.40804597701149425,-4.445847815605411,-1.639393406256577,19,0.47058823529411764
SPXW,"d65ret,d80_zero",-999999.0,1,score_desc,d50ret,22,4,30,False,False,False,False,False,-16.24798960666534,-10.90369486988822,-16.24798960666534,85,0.4235294117647059,1.3388184027181154,4.472021740301633,0.05261202047413686,-2.3999999999999986,0.2235294117647059,82,0.4146341463414634,-2.3999999999999986,0.6708375258921825,0,0.5,137,0.39416058394160586,0.9542401076557747,-1.058654464585698,-0.007727404850990495,-4.008474258930914,0.23357664233576642,124,0.4032258064516129,-4.008474258930914,-2.676369439208899,22,0.3333333333333333,383,0.412532637075718,0.9702048473312447,-1.7147395420159697,-0.004477126741556057,-4.598752258644732,0.46736292428198434,348,0.40804597701149425,-4.445847815605411,-1.639393406256577,19,0.47058823529411764
SPXW,"d65ret,d80_zero",-999999.0,1,score_desc,d50ret,22,2,15,False,False,False,False,False,-16.24798960666534,-10.90369486988822,-16.24798960666534,85,0.4235294117647059,1.3388184027181154,4.472021740301633,0.05261202047413686,-2.3999999999999986,0.2235294117647059,82,0.4268292682926829,-2.3999999999999986,0.6708375258921825,0,0.5,137,0.39416058394160586,0.9542401076557747,-1.058654464585698,-0.007727404850990495,-4.008474258930914,0.23357664233576642,124,0.4032258064516129,-4.008474258930914,-2.676369439208899,22,0.3333333333333333,383,0.412532637075718,0.9689127626578364,-1.783936757616574,-0.0046577983227586795,-4.432655365764695,0.4699738903394256,348,0.40804597701149425,-4.279750922725376,-1.5758028902236494,19,0.47058823529411764
SPXW,"d65ret,d80_zero",-999999.0,1,score_desc,d50ret,22,2,30,False,False,False,False,False,-16.24798960666534,-10.90369486988822,-16.24798960666534,85,0.4235294117647059,1.3388184027181154,4.472021740301633,0.05261202047413686,-2.3999999999999986,0.2235294117647059,82,0.4268292682926829,-2.3999999999999986,0.6708375258921825,0,0.5,137,0.39416058394160586,0.9542401076557747,-1.058654464585698,-0.007727404850990495,-4.008474258930914,0.23357664233576642,124,0.4032258064516129,-4.008474258930914,-2.676369439208899,22,0.3333333333333333,383,0.412532637075718,0.9689127626578364,-1.783936757616574,-0.0046577983227586795,-4.432655365764695,0.4699738903394256,348,0.40804597701149425,-4.279750922725376,-1.5758028902236494,19,0.47058823529411764
SPXW,"d65ret,d80_zero",-999999.0,1,score_desc,d50ret,22,3,0,False,False,False,False,False,-16.24798960666534,-9.801372335778577,-16.24798960666534,85,0.4235294117647059,1.3388184027181154,4.472021740301633,0.05261202047413686,-2.3999999999999986,0.2235294117647059,82,0.4146341463414634,-2.3999999999999986,0.6708375258921825,0,0.5,137,0.40145985401459855,0.9696529294762042,-0.6929749277934143,-0.0050582111517767465,-3.4825039300060276,0.24087591240875914,124,0.4032258064516129,-3.4825039300060276,-4.2755127724895425,22,0.3333333333333333,386,0.40414507772020725,0.9313953592908777,-4.059883945128977,-0.010517834054738282,-5.830823027844883,0.4637305699481865,345,0.4028985507246377,-5.830823027844886,-0.6924170091120911,19,0.4117647058823529
SPXW,"d65ret,d80_zero",-999999.0,1,score_desc,d50ret,22,4,0,False,False,False,False,False,-16.24798960666534,-9.801372335778577,-16.24798960666534,85,0.4235294117647059,1.3388184027181154,4.472021740301633,0.05261202047413686,-2.3999999999999986,0.2235294117647059,82,0.4146341463414634,-2.3999999999999986,0.6708375258921825,0,0.5,137,0.40145985401459855,0.9696529294762042,-0.6929749277934143,-0.0050582111517767465,-3.4825039300060276,0.24087591240875914,124,0.4032258064516129,-3.4825039300060276,-4.2755127724895425,22,0.3333333333333333,386,0.40414507772020725,0.9313953592908777,-4.059883945128977,-0.010517834054738282,-5.830823027844883,0.4637305699481865,345,0.4028985507246377,-5.830823027844886,-0.6924170091120911,19,0.4117647058823529
SPXW,"d65ret,d80_zero",-999999.0,1,score_desc,d50ret,22,2,0,False,False,False,False,False,-16.24798960666534,-9.801372335778577,-16.24798960666534,85,0.4235294117647059,1.3388184027181154,4.472021740301633,0.05261202047413686,-2.3999999999999986,0.2235294117647059,82,0.4268292682926829,-2.3999999999999986,0.6708375258921825,0,0.5,137,0.40145985401459855,0.9696529294762042,-0.6929749277934143,-0.0050582111517767465,-3.4825039300060276,0.24087591240875914,124,0.4032258064516129,-3.4825039300060276,-4.2755127724895425,22,0.3333333333333333,386,0.39896373056994816,0.907840737206133,-5.4937870522489405,-0.014232608943650105,-6.829468489478208,0.46632124352331605,346,0.3988439306358382,-6.829468489478207,-0.5116930583389897,19,0.4117647058823529
SPXW,"d65ret,d80_zero",0.0,1,score_desc,d50ret,22,3,15,False,False,False,False,False,-16.24798960666534,-10.90369486988822,-16.24798960666534,85,0.4235294117647059,1.3388184027181154,4.472021740301633,0.05261202047413686,-2.3999999999999986,0.2235294117647059,82,0.4146341463414634,-2.3999999999999986,0.6708375258921825,0,0.5,137,0.39416058394160586,0.9542401076557747,-1.058654464585698,-0.007727404850990495,-4.008474258930914,0.23357664233576642,124,0.4032258064516129,-4.008474258930914,-2.676369439208899,22,0.3333333333333333,356,0.39325842696629215,0.8785395994942528,-6.706425551873053,-0.01883827402211532,-8.689457678611582,0.4550561797752809,310,0.3967741935483871,-8.687995746728483,-0.49372540901518386,3,0.4117647058823529
SPXW,"d65ret,d80_zero",0.0,1,score_desc,d50ret,22,4,15,False,False,False,False,False,-16.24798960666534,-10.90369486988822,-16.24798960666534,85,0.4235294117647059,1.3388184027181154,4.472021740301633,0.05261202047413686,-2.3999999999999986,0.2235294117647059,82,0.4146341463414634,-2.3999999999999986,0.6708375258921825,0,0.5,137,0.39416058394160586,0.9542401076557747,-1.058654464585698,-0.007727404850990495,-4.008474258930914,0.23357664233576642,124,0.4032258064516129,-4.008474258930914,-2.676369439208899,22,0.3333333333333333,356,0.39325842696629215,0.8785395994942528,-6.706425551873053,-0.01883827402211532,-8.689457678611582,0.4550561797752809,310,0.3967741935483871,-8.687995746728483,-0.49372540901518386,3,0.4117647058823529
SPXW,"d65ret,d80_zero",0.0,1,score_desc,d50ret,22,2,15,False,False,False,False,False,-16.24798960666534,-10.90369486988822,-16.24798960666534,85,0.4235294117647059,1.3388184027181154,4.472021740301633,0.05261202047413686,-2.3999999999999986,0.2235294117647059,82,0.4268292682926829,-2.3999999999999986,0.6708375258921825,0,0.5,137,0.39416058394160586,0.9542401076557747,-1.058654464585698,-0.007727404850990495,-4.008474258930914,0.23357664233576642,124,0.4032258064516129,-4.008474258930914,-2.676369439208899,22,0.3333333333333333,356,0.39325842696629215,0.8769161057363644,-6.775622767473658,-0.019032648223240613,-8.758654894212185,0.45786516853932585,310,0.3967741935483871,-8.757192962329087,-0.48868315315951155,3,0.4117647058823529
SPXW,"d65ret,d80_zero",0.0,1,score_desc,d50ret,22,3,30,False,False,False,False,False,-16.24798960666534,-10.90369486988822,-16.24798960666534,85,0.4235294117647059,1.3388184027181154,4.472021740301633,0.05261202047413686,-2.3999999999999986,0.2235294117647059,82,0.4146341463414634,-2.3999999999999986,0.6708375258921825,0,0.5,137,0.39416058394160586,0.9542401076557747,-1.058654464585698,-0.007727404850990495,-4.008474258930914,0.23357664233576642,124,0.4032258064516129,-4.008474258930914,-2.676369439208899,22,0.3333333333333333,356,0.3904494382022472,0.8647854237837057,-7.506425551873054,-0.021085465033351274,-9.48799574672848,0.4550561797752809,310,0.3935483870967742,-9.48799574672848,-0.44110644617026634,3,0.35294117647058826
SPXW,"d65ret,d80_zero",0.0,1,score_desc,d50ret,22,4,30,False,False,False,False,False,-16.24798960666534,-10.90369486988822,-16.24798960666534,85,0.4235294117647059,1.3388184027181154,4.472021740301633,0.05261202047413686,-2.3999999999999986,0.2235294117647059,82,0.4146341463414634,-2.3999999999999986,0.6708375258921825,0,0.5,137,0.39416058394160586,0.9542401076557747,-1.058654464585698,-0.007727404850990495,-4.008474258930914,0.23357664233576642,124,0.4032258064516129,-4.008474258930914,-2.676369439208899,22,0.3333333333333333,356,0.3904494382022472,0.8647854237837057,-7.506425551873054,-0.021085465033351274,-9.48799574672848,0.4550561797752809,310,0.3935483870967742,-9.48799574672848,-0.44110644617026634,3,0.35294117647058826
SPXW,"d65ret,d80_zero",0.0,1,score_desc,d50ret,22,2,30,False,False,False,False,False,-16.24798960666534,-10.90369486988822,-16.24798960666534,85,0.4235294117647059,1.3388184027181154,4.472021740301633,0.05261202047413686,-2.3999999999999986,0.2235294117647059,82,0.4268292682926829,-2.3999999999999986,0.6708375258921825,0,0.5,137,0.39416058394160586,0.9542401076557747,-1.058654464585698,-0.007727404850990495,-4.008474258930914,0.23357664233576642,124,0.4032258064516129,-4.008474258930914,-2.676369439208899,22,0.3333333333333333,356,0.3904494382022472,0.8631294545761036,-7.575622767473659,-0.02127983923447657,-9.557192962329083,0.45786516853932585,310,0.3935483870967742,-9.557192962329086,-0.4370772938754195,3,0.35294117647058826
SPXW,"d65ret,d80_zero",0.0,1,score_desc,d50ret,22,3,0,False,False,False,False,False,-16.24798960666534,-9.801372335778577,-16.24798960666534,85,0.4235294117647059,1.3388184027181154,4.472021740301633,0.05261202047413686,-2.3999999999999986,0.2235294117647059,82,0.4146341463414634,-2.3999999999999986,0.6708375258921825,0,0.5,137,0.40145985401459855,0.9696529294762042,-0.6929749277934143,-0.0050582111517767465,-3.4825039300060276,0.24087591240875914,124,0.4032258064516129,-3.4825039300060276,-4.2755127724895425,22,0.3333333333333333,359,0.3871866295264624,0.8511462094175891,-8.416481429171554,-0.023444237964266167,-9.772133312366,0.44846796657381616,306,0.39215686274509803,-9.772133312366002,-0.39341056313057443,3,0.35294117647058826
SPXW,"d65ret,d80_zero",0.0,1,score_desc,d50ret,22,4,0,False,False,False,False,False,-16.24798960666534,-9.801372335778577,-16.24798960666534,85,0.4235294117647059,1.3388184027181154,4.472021740301633,0.05261202047413686,-2.3999999999999986,0.2235294117647059,82,0.4146341463414634,-2.3999999999999986,0.6708375258921825,0,0.5,137,0.40145985401459855,0.9696529294762042,-0.6929749277934143,-0.0050582111517767465,-3.4825039300060276,0.24087591240875914,124,0.4032258064516129,-3.4825039300060276,-4.2755127724895425,22,0.3333333333333333,359,0.3871866295264624,0.8511462094175891,-8.416481429171554,-0.023444237964266167,-9.772133312366,0.44846796657381616,306,0.39215686274509803,-9.772133312366002,-0.39341056313057443,3,0.35294117647058826
SPXW,"d65ret,d80_zero",0.0,1,score_desc,d50ret,22,2,0,False,False,False,False,False,-16.24798960666534,-9.801372335778577,-16.24798960666534,85,0.4235294117647059,1.3388184027181154,4.472021740301633,0.05261202047413686,-2.3999999999999986,0.2235294117647059,82,0.4268292682926829,-2.3999999999999986,0.6708375258921825,0,0.5,137,0.40145985401459855,0.9696529294762042,-0.6929749277934143,-0.0050582111517767465,-3.4825039300060276,0.24087591240875914,124,0.4032258064516129,-3.4825039300060276,-4.2755127724895425,22,0.3333333333333333,359,0.3816155988857939,0.8271129522010268,-9.850384536291518,-0.027438397037023728,-11.206036419485972,0.45125348189415043,307,0.38762214983713356,-11.206036419485974,-0.3361424811822607,3,0.35294117647058826
SPXW,d80,0.0,1,score_desc,d80_zero,21,2,0,False,False,False,False,False,-14.970150260041088,-16.283729697683725,-16.283729697683725,63,0.49206349206349204,1.3328044125204899,3.1227864846892546,0.04956803943951198,-2.2,0.19047619047619047,61,0.5081967213114754,-2.2,0.8005670615833899,0,0.5,109,0.46788990825688076,1.290816728431384,4.928082014278228,0.04521176159888283,-2.2774802861251224,0.07339449541284404,103,0.47572815533980584,-2.2774802861251224,0.5072967521150624,0,0.8333333333333334,305,0.4524590163934426,1.3311557102427243,13.910617857045764,0.045608583137854965,-3.4252815198840136,0.4491803278688525,285,0.47017543859649125,-3.3006825711248227,0.26083716720077965,0,0.6470588235294118
SPXW,d80,0.0,1,score_desc,d80_zero,21,3,0,False,False,False,False,False,-14.970150260041088,-16.283729697683725,-16.283729697683725,63,0.49206349206349204,1.3328044125204899,3.1227864846892546,0.04956803943951198,-2.2,0.19047619047619047,61,0.5081967213114754,-2.2,0.8005670615833899,0,0.5,109,0.46788990825688076,1.290816728431384,4.928082014278228,0.04521176159888283,-2.2774802861251224,0.07339449541284404,103,0.47572815533980584,-2.2774802861251224,0.5072967521150624,0,0.8333333333333334,306,0.45098039215686275,1.3217162899116557,13.610617857045764,0.044479143323678964,-3.4252815198840136,0.45098039215686275,285,0.47017543859649125,-3.3006825711248227,0.25715217609964464,0,0.6470588235294118
SPXW,d80,0.0,1,score_desc,d80_zero,21,4,0,False,False,False,False,False,-14.970150260041088,-16.283729697683725,-16.283729697683725,63,0.49206349206349204,1.3328044125204899,3.1227864846892546,0.04956803943951198,-2.2,0.19047619047619047,61,0.5081967213114754,-2.2,0.8005670615833899,0,0.5,109,0.46788990825688076,1.290816728431384,4.928082014278228,0.04521176159888283,-2.2774802861251224,0.07339449541284404,103,0.47572815533980584,-2.2774802861251224,0.5072967521150624,0,0.8333333333333334,306,0.45098039215686275,1.3217162899116557,13.610617857045764,0.044479143323678964,-3.4252815198840136,0.45098039215686275,285,0.47017543859649125,-3.3006825711248227,0.25715217609964464,0,0.6470588235294118
SPXW,d80,-999999.0,1,score_desc,d80_zero,21,2,0,False,False,False,False,False,-14.970150260041088,-16.283729697683725,-16.283729697683725,63,0.49206349206349204,1.3328044125204899,3.1227864846892546,0.04956803943951198,-2.2,0.19047619047619047,61,0.5081967213114754,-2.2,0.8005670615833899,0,0.5,109,0.46788990825688076,1.290816728431384,4.928082014278228,0.04521176159888283,-2.2774802861251224,0.07339449541284404,103,0.47572815533980584,-2.2774802861251224,0.5072967521150624,0,0.8333333333333334,319,0.45454545454545453,1.3170560518840728,13.63066934792317,0.04272937099662436,-2.5904611199544005,0.45454545454545453,298,0.4697986577181208,-2.5904611199544005,0.2769787165411389,0,0.7058823529411765
SPXW,d80,-999999.0,1,score_desc,d80_zero,21,3,0,False,False,False,False,False,-14.970150260041088,-16.283729697683725,-16.283729697683725,63,0.49206349206349204,1.3328044125204899,3.1227864846892546,0.04956803943951198,-2.2,0.19047619047619047,61,0.5081967213114754,-2.2,0.8005670615833899,0,0.5,109,0.46788990825688076,1.290816728431384,4.928082014278228,0.04521176159888283,-2.2774802861251224,0.07339449541284404,103,0.47572815533980584,-2.2774802861251224,0.5072967521150624,0,0.8333333333333334,320,0.453125,1.3079291300390161,13.33066934792317,0.041658341712259905,-2.5904611199544005,0.45625,298,0.4697986577181208,-2.5904611199544005,0.2735795968345868,0,0.7058823529411765
SPXW,d80,-999999.0,1,score_desc,d80_zero,21,4,0,False,False,False,False,False,-14.970150260041088,-16.283729697683725,-16.283729697683725,63,0.49206349206349204,1.3328044125204899,3.1227864846892546,0.04956803943951198,-2.2,0.19047619047619047,61,0.5081967213114754,-2.2,0.8005670615833899,0,0.5,109,0.46788990825688076,1.290816728431384,4.928082014278228,0.04521176159888283,-2.2774802861251224,0.07339449541284404,103,0.47572815533980584,-2.2774802861251224,0.5072967521150624,0,0.8333333333333334,320,0.453125,1.3079291300390161,13.33066934792317,0.041658341712259905,-2.5904611199544005,0.45625,298,0.4697986577181208,-2.5904611199544005,0.2735795968345868,0,0.7058823529411765
SPXW,d80,-999999.0,1,score_desc,d80_zero,21,2,15,False,False,False,False,False,-14.970150260041088,-16.283729697683725,-16.283729697683725,63,0.49206349206349204,1.3328044125204899,3.1227864846892546,0.04956803943951198,-2.2,0.19047619047619047,61,0.5081967213114754,-2.2,0.8005670615833899,0,0.5,109,0.46788990825688076,1.290816728431384,4.928082014278228,0.04521176159888283,-2.2774802861251224,0.07339449541284404,103,0.47572815533980584,-2.2774802861251224,0.5072967521150624,0,0.8333333333333334,316,0.4462025316455696,1.2698846027248842,11.683670202183166,0.036973639880326474,-3.4916352199073177,0.4651898734177215,298,0.4563758389261745,-3.4916352199073177,0.3533483986113352,0,0.7058823529411765
SPXW,d80,-999999.0,1,score_desc,d80_zero,21,3,15,False,False,False,False,False,-14.970150260041088,-16.283729697683725,-16.283729697683725,63,0.49206349206349204,1.3328044125204899,3.1227864846892546,0.04956803943951198,-2.2,0.19047619047619047,61,0.5081967213114754,-2.2,0.8005670615833899,0,0.5,109,0.46788990825688076,1.290816728431384,4.928082014278228,0.04521176159888283,-2.2774802861251224,0.07339449541284404,103,0.47572815533980584,-2.2774802861251224,0.5072967521150624,0,0.8333333333333334,316,0.4462025316455696,1.2698846027248842,11.683670202183166,0.036973639880326474,-3.4916352199073177,0.4651898734177215,298,0.4563758389261745,-3.4916352199073177,0.3533483986113352,0,0.7058823529411765
SPXW,d80,-999999.0,1,score_desc,d80_zero,21,4,15,False,False,False,False,False,-14.970150260041088,-16.283729697683725,-16.283729697683725,63,0.49206349206349204,1.3328044125204899,3.1227864846892546,0.04956803943951198,-2.2,0.19047619047619047,61,0.5081967213114754,-2.2,0.8005670615833899,0,0.5,109,0.46788990825688076,1.290816728431384,4.928082014278228,0.04521176159888283,-2.2774802861251224,0.07339449541284404,103,0.47572815533980584,-2.2774802861251224,0.5072967521150624,0,0.8333333333333334,316,0.4462025316455696,1.2698846027248842,11.683670202183166,0.036973639880326474,-3.4916352199073177,0.4651898734177215,298,0.4563758389261745,-3.4916352199073177,0.3533483986113352,0,0.7058823529411765
SPXW,d80,0.0,1,score_desc,d80_zero,21,2,15,False,False,False,False,False,-14.970150260041088,-16.283729697683725,-16.283729697683725,63,0.49206349206349204,1.3328044125204899,3.1227864846892546,0.04956803943951198,-2.2,0.19047619047619047,61,0.5081967213114754,-2.2,0.8005670615833899,0,0.5,109,0.46788990825688076,1.290816728431384,4.928082014278228,0.04521176159888283,-2.2774802861251224,0.07339449541284404,103,0.47572815533980584,-2.2774802861251224,0.5072967521150624,0,0.8333333333333334,303,0.44224422442244227,1.265468357353217,11.310617857045763,0.03732877180543156,-3.8252815198840135,0.45544554455445546,285,0.45263157894736844,-3.7006825711248226,0.3650027087841779,0,0.6470588235294118
SPXW,d80,0.0,1,score_desc,d80_zero,21,3,15,False,False,False,False,False,-14.970150260041088,-16.283729697683725,-16.283729697683725,63,0.49206349206349204,1.3328044125204899,3.1227864846892546,0.04956803943951198,-2.2,0.19047619047619047,61,0.5081967213114754,-2.2,0.8005670615833899,0,0.5,109,0.46788990825688076,1.290816728431384,4.928082014278228,0.04521176159888283,-2.2774802861251224,0.07339449541284404,103,0.47572815533980584,-2.2774802861251224,0.5072967521150624,0,0.8333333333333334,303,0.44224422442244227,1.265468357353217,11.310617857045763,0.03732877180543156,-3.8252815198840135,0.45544554455445546,285,0.45263157894736844,-3.7006825711248226,0.3650027087841779,0,0.6470588235294118
SPXW,d80,0.0,1,score_desc,d80_zero,21,4,15,False,False,False,False,False,-14.970150260041088,-16.283729697683725,-16.283729697683725,63,0.49206349206349204,1.3328044125204899,3.1227864846892546,0.04956803943951198,-2.2,0.19047619047619047,61,0.5081967213114754,-2.2,0.8005670615833899,0,0.5,109,0.46788990825688076,1.290816728431384,4.928082014278228,0.04521176159888283,-2.2774802861251224,0.07339449541284404,103,0.47572815533980584,-2.2774802861251224,0.5072967521150624,0,0.8333333333333334,303,0.44224422442244227,1.265468357353217,11.310617857045763,0.03732877180543156,-3.8252815198840135,0.45544554455445546,285,0.45263157894736844,-3.7006825711248226,0.3650027087841779,0,0.6470588235294118
SPXW,d80,-999999.0,1,score_desc,d80_zero,21,3,30,False,False,False,False,False,-13.731907768431373,-16.283729697683725,-16.283729697683725,63,0.5079365079365079,1.4318704382574183,3.9227864846892544,0.06226645213792467,-1.4,0.19047619047619047,61,0.5081967213114754,-1.4,0.7647625002556433,0,0.5,109,0.46788990825688076,1.290816728431384,4.928082014278228,0.04521176159888283,-2.2774802861251224,0.07339449541284404,103,0.47572815533980584,-2.2774802861251224,0.5072967521150624,0,0.8333333333333334,315,0.4444444444444444,1.2583349527409924,11.183670202183166,0.035503714927565606,-3.4916352199073177,0.4634920634920635,298,0.45302013422818793,-3.4916352199073177,0.36914591374828726,0,0.7058823529411765
SPXW,d80,-999999.0,1,score_desc,d80_zero,21,4,30,False,False,False,False,False,-13.731907768431373,-16.283729697683725,-16.283729697683725,63,0.5079365079365079,1.4318704382574183,3.9227864846892544,0.06226645213792467,-1.4,0.19047619047619047,61,0.5081967213114754,-1.4,0.7647625002556433,0,0.5,109,0.46788990825688076,1.290816728431384,4.928082014278228,0.04521176159888283,-2.2774802861251224,0.07339449541284404,103,0.47572815533980584,-2.2774802861251224,0.5072967521150624,0,0.8333333333333334,315,0.4444444444444444,1.2583349527409924,11.183670202183166,0.035503714927565606,-3.4916352199073177,0.4634920634920635,298,0.45302013422818793,-3.4916352199073177,0.36914591374828726,0,0.7058823529411765
SPXW,d80,0.0,1,score_desc,d80_zero,21,3,30,False,False,False,False,False,-13.731907768431373,-16.283729697683725,-16.283729697683725,63,0.5079365079365079,1.4318704382574183,3.9227864846892544,0.06226645213792467,-1.4,0.19047619047619047,61,0.5081967213114754,-1.4,0.7647625002556433,0,0.5,109,0.46788990825688076,1.290816728431384,4.928082014278228,0.04521176159888283,-2.2774802861251224,0.07339449541284404,103,0.47572815533980584,-2.2774802861251224,0.5072967521150624,0,0.8333333333333334,302,0.44039735099337746,1.2537329967960638,10.810617857045763,0.03579674787101246,-3.725281519884014,0.45364238410596025,285,0.44912280701754387,-3.600682571124823,0.38188438537337904,0,0.6470588235294118
SPXW,d80,0.0,1,score_desc,d80_zero,21,4,30,False,False,False,False,False,-13.731907768431373,-16.283729697683725,-16.283729697683725,63,0.5079365079365079,1.4318704382574183,3.9227864846892544,0.06226645213792467,-1.4,0.19047619047619047,61,0.5081967213114754,-1.4,0.7647625002556433,0,0.5,109,0.46788990825688076,1.290816728431384,4.928082014278228,0.04521176159888283,-2.2774802861251224,0.07339449541284404,103,0.47572815533980584,-2.2774802861251224,0.5072967521150624,0,0.8333333333333334,302,0.44039735099337746,1.2537329967960638,10.810617857045763,0.03579674787101246,-3.725281519884014,0.45364238410596025,285,0.44912280701754387,-3.600682571124823,0.38188438537337904,0,0.6470588235294118
SPXW,"d50ret,d65ret,d80_zero",0.0,1,score_desc,d80_front,21,3,15,False,False,False,False,False,-16.385939199000987,-8.019215292605985,-16.385939199000987,90,0.4222222222222222,1.3293422433581124,4.396614270670586,0.04885126967411762,-2.3999999999999986,0.23333333333333334,82,0.43902439024390244,-2.3999999999999986,0.6825049309188965,0,0.5,137,0.40145985401459855,0.9924136364713716,-0.17321493226710682,-0.0012643425712927506,-3.4532839107268423,0.26277372262773724,128,0.3828125,-3.4532839107268423,-16.319198189291683,21,0.6666666666666666,372,0.4220430107526882,1.0630650148741438,3.3515149833034554,0.009009448879847998,-3.858038919155317,0.3978494623655914,331,0.3987915407854985,-3.858038919155317,1.1483202756024278,19,0.5882352941176471
SPXW,"d50ret,d65ret,d80_zero",0.0,1,score_desc,d80_front,21,4,15,False,False,False,False,False,-16.385939199000987,-8.019215292605985,-16.385939199000987,90,0.4222222222222222,1.3293422433581124,4.396614270670586,0.04885126967411762,-2.3999999999999986,0.23333333333333334,82,0.43902439024390244,-2.3999999999999986,0.6825049309188965,0,0.5,137,0.40145985401459855,0.9924136364713716,-0.17321493226710682,-0.0012643425712927506,-3.4532839107268423,0.26277372262773724,128,0.3828125,-3.4532839107268423,-16.319198189291683,21,0.6666666666666666,372,0.4220430107526882,1.0630650148741438,3.3515149833034554,0.009009448879847998,-3.858038919155317,0.3978494623655914,331,0.3987915407854985,-3.858038919155317,1.1483202756024278,19,0.5882352941176471
SPXW,"d50ret,d65ret,d80_zero",-999999.0,1,score_desc,d80_front,21,2,0,False,False,False,False,False,-16.385939199000987,-8.066983981943402,-16.385939199000987,90,0.4222222222222222,1.3293422433581124,4.396614270670586,0.04885126967411762,-2.3999999999999986,0.23333333333333334,82,0.43902439024390244,-2.3999999999999986,0.6825049309188965,0,0.5,137,0.40145985401459855,0.9915190730857747,-0.19363996669368877,-0.0014134304138225457,-3.4737089451534238,0.26277372262773724,128,0.3828125,-3.4737089451534238,-14.492378936545922,21,0.6666666666666666,381,0.41732283464566927,1.0542946437297995,3.028064834062941,0.007947676729823992,-3.858038919155319,0.4251968503937008,349,0.40114613180515757,-3.858038919155319,0.9851460975350665,21,0.47058823529411764
SPXW,"d50ret,d65ret,d80_zero",-999999.0,1,score_desc,d80_front,21,3,0,False,False,False,False,False,-16.385939199000987,-8.066983981943402,-16.385939199000987,90,0.4222222222222222,1.3293422433581124,4.396614270670586,0.04885126967411762,-2.3999999999999986,0.23333333333333334,82,0.43902439024390244,-2.3999999999999986,0.6825049309188965,0,0.5,137,0.40145985401459855,0.9915190730857747,-0.19363996669368877,-0.0014134304138225457,-3.4737089451534238,0.26277372262773724,128,0.3828125,-3.4737089451534238,-14.492378936545922,21,0.6666666666666666,381,0.41732283464566927,1.0542946437297995,3.028064834062941,0.007947676729823992,-3.858038919155319,0.4251968503937008,349,0.40114613180515757,-3.858038919155319,0.9851460975350665,21,0.47058823529411764
SPXW,"d50ret,d65ret,d80_zero",-999999.0,1,score_desc,d80_front,21,4,0,False,False,False,False,False,-16.385939199000987,-8.066983981943402,-16.385939199000987,90,0.4222222222222222,1.3293422433581124,4.396614270670586,0.04885126967411762,-2.3999999999999986,0.23333333333333334,82,0.43902439024390244,-2.3999999999999986,0.6825049309188965,0,0.5,137,0.40145985401459855,0.9915190730857747,-0.19363996669368877,-0.0014134304138225457,-3.4737089451534238,0.26277372262773724,128,0.3828125,-3.4737089451534238,-14.492378936545922,21,0.6666666666666666,381,0.41732283464566927,1.0542946437297995,3.028064834062941,0.007947676729823992,-3.858038919155319,0.4251968503937008,349,0.40114613180515757,-3.858038919155319,0.9851460975350665,21,0.47058823529411764
SPXW,"d50ret,d65ret,d80_zero",0.0,1,score_desc,d80_front,21,2,15,False,False,False,False,False,-16.385939199000987,-8.019215292605985,-16.385939199000987,90,0.4222222222222222,1.3293422433581124,4.396614270670586,0.04885126967411762,-2.3999999999999986,0.23333333333333334,82,0.43902439024390244,-2.3999999999999986,0.6825049309188965,0,0.5,137,0.40145985401459855,0.9924136364713716,-0.17321493226710682,-0.0012643425712927506,-3.4532839107268423,0.26277372262773724,128,0.3828125,-3.4532839107268423,-16.319198189291683,21,0.6666666666666666,372,0.41935483870967744,1.0530246962138707,2.8196251730092725,0.007579637561852883,-3.858038919155317,0.3978494623655914,331,0.3987915407854985,-3.858038919155317,1.351378555832481,19,0.5294117647058824
SPXW,"d50ret,d65ret,d80_zero",-999999.0,1,score_desc,d80_front,21,2,30,False,False,False,False,False,-16.385939199000987,12.85874457091545,-16.385939199000987,90,0.4222222222222222,1.3293422433581124,4.396614270670586,0.04885126967411762,-2.3999999999999986,0.23333333333333334,82,0.43902439024390244,-2.3999999999999986,0.6825049309188965,0,0.5,137,0.40875912408759124,1.0068864963163118,0.15516933102363573,0.001132622854187122,-3.4532839107268423,0.26277372262773724,128,0.3828125,-3.4532839107268423,18.21705868269212,21,0.6666666666666666,380,0.4131578947368421,1.050608924186587,2.8013408204051498,0.007371949527381973,-3.8580389191553195,0.42105263157894735,349,0.40114613180515757,-3.858038919155319,1.0547883927485135,21,0.47058823529411764
SPXW,"d50ret,d65ret,d80_zero",-999999.0,1,score_desc,d80_front,21,3,30,False,False,False,False,False,-16.385939199000987,12.85874457091545,-16.385939199000987,90,0.4222222222222222,1.3293422433581124,4.396614270670586,0.04885126967411762,-2.3999999999999986,0.23333333333333334,82,0.43902439024390244,-2.3999999999999986,0.6825049309188965,0,0.5,137,0.40875912408759124,1.0068864963163118,0.15516933102363573,0.001132622854187122,-3.4532839107268423,0.26277372262773724,128,0.3828125,-3.4532839107268423,18.21705868269212,21,0.6666666666666666,380,0.4131578947368421,1.050608924186587,2.8013408204051498,0.007371949527381973,-3.8580389191553195,0.42105263157894735,349,0.40114613180515757,-3.858038919155319,1.0547883927485135,21,0.47058823529411764
SPXW,"d50ret,d65ret,d80_zero",-999999.0,1,score_desc,d80_front,21,4,30,False,False,False,False,False,-16.385939199000987,12.85874457091545,-16.385939199000987,90,0.4222222222222222,1.3293422433581124,4.396614270670586,0.04885126967411762,-2.3999999999999986,0.23333333333333334,82,0.43902439024390244,-2.3999999999999986,0.6825049309188965,0,0.5,137,0.40875912408759124,1.0068864963163118,0.15516933102363573,0.001132622854187122,-3.4532839107268423,0.26277372262773724,128,0.3828125,-3.4532839107268423,18.21705868269212,21,0.6666666666666666,380,0.4131578947368421,1.050608924186587,2.8013408204051498,0.007371949527381973,-3.8580389191553195,0.42105263157894735,349,0.40114613180515757,-3.858038919155319,1.0547883927485135,21,0.47058823529411764
SPXW,"d50ret,d65ret,d80_zero",-999999.0,1,score_desc,d80_front,21,2,15,False,False,False,False,False,-16.385939199000987,-8.019215292605985,-16.385939199000987,90,0.4222222222222222,1.3293422433581124,4.396614270670586,0.04885126967411762,-2.3999999999999986,0.23333333333333334,82,0.43902439024390244,-2.3999999999999986,0.6825049309188965,0,0.5,137,0.40145985401459855,0.9924136364713716,-0.17321493226710682,-0.0012643425712927506,-3.4532839107268423,0.26277372262773724,128,0.3828125,-3.4532839107268423,-16.319198189291683,21,0.6666666666666666,380,0.4131578947368421,1.049955178930742,2.787216098155225,0.007334779205671645,-3.858038919155319,0.42105263157894735,349,0.40114613180515757,-3.858038919155319,1.0323549351221144,21,0.47058823529411764
SPXW,"d50ret,d65ret,d80_zero",-999999.0,1,score_desc,d80_front,21,3,15,False,False,False,False,False,-16.385939199000987,-8.019215292605985,-16.385939199000987,90,0.4222222222222222,1.3293422433581124,4.396614270670586,0.04885126967411762,-2.3999999999999986,0.23333333333333334,82,0.43902439024390244,-2.3999999999999986,0.6825049309188965,0,0.5,137,0.40145985401459855,0.9924136364713716,-0.17321493226710682,-0.0012643425712927506,-3.4532839107268423,0.26277372262773724,128,0.3828125,-3.4532839107268423,-16.319198189291683,21,0.6666666666666666,380,0.4131578947368421,1.049955178930742,2.787216098155225,0.007334779205671645,-3.858038919155319,0.42105263157894735,349,0.40114613180515757,-3.858038919155319,1.0323549351221144,21,0.47058823529411764
SPXW,"d50ret,d65ret,d80_zero",-999999.0,1,score_desc,d80_front,21,4,15,False,False,False,False,False,-16.385939199000987,-8.019215292605985,-16.385939199000987,90,0.4222222222222222,1.3293422433581124,4.396614270670586,0.04885126967411762,-2.3999999999999986,0.23333333333333334,82,0.43902439024390244,-2.3999999999999986,0.6825049309188965,0,0.5,137,0.40145985401459855,0.9924136364713716,-0.17321493226710682,-0.0012643425712927506,-3.4532839107268423,0.26277372262773724,128,0.3828125,-3.4532839107268423,-16.319198189291683,21,0.6666666666666666,380,0.4131578947368421,1.049955178930742,2.787216098155225,0.007334779205671645,-3.858038919155319,0.42105263157894735,349,0.40114613180515757,-3.858038919155319,1.0323549351221144,21,0.47058823529411764
SPXW,"d50ret,d65ret,d80_zero",0.0,1,score_desc,d80_front,21,2,0,False,False,False,False,False,-16.385939199000987,-8.066983981943402,-16.385939199000987,90,0.4222222222222222,1.3293422433581124,4.396614270670586,0.04885126967411762,-2.3999999999999986,0.23333333333333334,82,0.43902439024390244,-2.3999999999999986,0.6825049309188965,0,0.5,137,0.40145985401459855,0.9915190730857747,-0.19363996669368877,-0.0014134304138225457,-3.4737089451534238,0.26277372262773724,128,0.3828125,-3.4737089451534238,-14.492378936545922,21,0.6666666666666666,373,0.42091152815013405,1.049491991050361,2.670916558969763,0.007160634206353252,-3.858038919155318,0.39946380697050937,330,0.3939393939393939,-3.8580389191553177,1.310047532739864,19,0.47058823529411764
SPXW,"d50ret,d65ret,d80_zero",0.0,1,score_desc,d80_front,21,3,0,False,False,False,False,False,-16.385939199000987,-8.066983981943402,-16.385939199000987,90,0.4222222222222222,1.3293422433581124,4.396614270670586,0.04885126967411762,-2.3999999999999986,0.23333333333333334,82,0.43902439024390244,-2.3999999999999986,0.6825049309188965,0,0.5,137,0.40145985401459855,0.9915190730857747,-0.19363996669368877,-0.0014134304138225457,-3.4737089451534238,0.26277372262773724,128,0.3828125,-3.4737089451534238,-14.492378936545922,21,0.6666666666666666,373,0.42091152815013405,1.049491991050361,2.670916558969763,0.007160634206353252,-3.858038919155318,0.39946380697050937,330,0.3939393939393939,-3.8580389191553177,1.310047532739864,19,0.47058823529411764
SPXW,"d50ret,d65ret,d80_zero",0.0,1,score_desc,d80_front,21,4,0,False,False,False,False,False,-16.385939199000987,-8.066983981943402,-16.385939199000987,90,0.4222222222222222,1.3293422433581124,4.396614270670586,0.04885126967411762,-2.3999999999999986,0.23333333333333334,82,0.43902439024390244,-2.3999999999999986,0.6825049309188965,0,0.5,137,0.40145985401459855,0.9915190730857747,-0.19363996669368877,-0.0014134304138225457,-3.4737089451534238,0.26277372262773724,128,0.3828125,-3.4737089451534238,-14.492378936545922,21,0.6666666666666666,373,0.42091152815013405,1.049491991050361,2.670916558969763,0.007160634206353252,-3.858038919155318,0.39946380697050937,330,0.3939393939393939,-3.8580389191553177,1.310047532739864,19,0.47058823529411764
SPXW,"d50ret,d65ret,d80_zero",0.0,1,score_desc,d80_front,21,3,30,False,False,False,False,False,-16.385939199000987,12.85874457091545,-16.385939199000987,90,0.4222222222222222,1.3293422433581124,4.396614270670586,0.04885126967411762,-2.3999999999999986,0.23333333333333334,82,0.43902439024390244,-2.3999999999999986,0.6825049309188965,0,0.5,137,0.40875912408759124,1.0068864963163118,0.15516933102363573,0.001132622854187122,-3.4532839107268423,0.26277372262773724,128,0.3828125,-3.4532839107268423,18.21705868269212,21,0.6666666666666666,372,0.41935483870967744,1.0373094911475031,1.9885856074799626,0.0053456602351611895,-3.858038919155318,0.40053763440860213,333,0.4024024024024024,-3.8580389191553177,1.5534160010021778,19,0.5882352941176471
SPXW,"d50ret,d65ret,d80_zero",0.0,1,score_desc,d80_front,21,4,30,False,False,False,False,False,-16.385939199000987,12.85874457091545,-16.385939199000987,90,0.4222222222222222,1.3293422433581124,4.396614270670586,0.04885126967411762,-2.3999999999999986,0.23333333333333334,82,0.43902439024390244,-2.3999999999999986,0.6825049309188965,0,0.5,137,0.40875912408759124,1.0068864963163118,0.15516933102363573,0.001132622854187122,-3.4532839107268423,0.26277372262773724,128,0.3828125,-3.4532839107268423,18.21705868269212,21,0.6666666666666666,372,0.41935483870967744,1.0373094911475031,1.9885856074799626,0.0053456602351611895,-3.858038919155318,0.40053763440860213,333,0.4024024024024024,-3.8580389191553177,1.5534160010021778,19,0.5882352941176471
SPXW,"d50ret,d65ret,d80_zero",0.0,1,score_desc,d80_front,21,2,30,False,False,False,False,False,-16.385939199000987,12.85874457091545,-16.385939199000987,90,0.4222222222222222,1.3293422433581124,4.396614270670586,0.04885126967411762,-2.3999999999999986,0.23333333333333334,82,0.43902439024390244,-2.3999999999999986,0.6825049309188965,0,0.5,137,0.40875912408759124,1.0068864963163118,0.15516933102363573,0.001132622854187122,-3.4532839107268423,0.26277372262773724,128,0.3828125,-3.4532839107268423,18.21705868269212,21,0.6666666666666666,372,0.4166666666666667,1.027313926460074,1.45669579718578,0.003915848917166075,-3.858038919155318,0.40053763440860213,333,0.4024024024024024,-3.8580389191553177,2.069060681932113,19,0.5294117647058824
SPXW,"d65ret,d80",0.0,1,score_desc,d80_front,21,1,0,False,False,False,False,False,-16.521290173735768,-8.391814757508952,-16.521290173735768,102,0.4803921568627451,1.254698168167935,3.047493151842545,0.02987738384159358,-2.2495973687012096,0.28431372549019607,102,0.4803921568627451,-2.2495973687012096,0.8203463881415041,0,0.5,128,0.4140625,0.975764499388349,-0.41772922911612964,-0.003263509602469763,-2.9869205764893456,0.203125,128,0.4140625,-2.9869205764893456,-5.984738021061472,20,0.6666666666666666,349,0.44126074498567336,1.1047646961272946,4.403666845752425,0.012617956578087177,-3.8081340869189377,0.41260744985673353,349,0.44126074498567336,-3.8081340869189377,0.5677087044882574,19,0.7058823529411765
SPXW,"d65ret,d80",0.0,1,score_desc,d80_front,21,1,15,False,False,False,False,False,-16.521290173735768,-8.391814757508952,-16.521290173735768,102,0.4803921568627451,1.254698168167935,3.047493151842545,0.02987738384159358,-2.2495973687012096,0.28431372549019607,102,0.4803921568627451,-2.2495973687012096,0.8203463881415041,0,0.5,128,0.4140625,0.975764499388349,-0.41772922911612964,-0.003263509602469763,-2.9869205764893456,0.203125,128,0.4140625,-2.9869205764893456,-5.984738021061472,20,0.6666666666666666,349,0.44126074498567336,1.1047646961272946,4.403666845752425,0.012617956578087177,-3.8081340869189377,0.41260744985673353,349,0.44126074498567336,-3.8081340869189377,0.5677087044882574,19,0.7058823529411765
SPXW,"d65ret,d80",0.0,1,score_desc,d80_front,21,1,30,False,False,False,False,False,-16.521290173735768,-8.391814757508952,-16.521290173735768,102,0.4803921568627451,1.254698168167935,3.047493151842545,0.02987738384159358,-2.2495973687012096,0.28431372549019607,102,0.4803921568627451,-2.2495973687012096,0.8203463881415041,0,0.5,128,0.4140625,0.975764499388349,-0.41772922911612964,-0.003263509602469763,-2.9869205764893456,0.203125,128,0.4140625,-2.9869205764893456,-5.984738021061472,20,0.6666666666666666,349,0.44126074498567336,1.1047646961272946,4.403666845752425,0.012617956578087177,-3.8081340869189377,0.41260744985673353,349,0.44126074498567336,-3.8081340869189377,0.5677087044882574,19,0.7058823529411765
SPXW,"d65ret,d80",-999999.0,1,score_desc,d80_front,21,1,0,False,False,False,False,False,-16.521290173735768,-8.391814757508952,-16.521290173735768,102,0.4803921568627451,1.254698168167935,3.047493151842545,0.02987738384159358,-2.2495973687012096,0.28431372549019607,102,0.4803921568627451,-2.2495973687012096,0.8203463881415041,0,0.5,128,0.4140625,0.975764499388349,-0.41772922911612964,-0.003263509602469763,-2.9869205764893456,0.203125,128,0.4140625,-2.9869205764893456,-5.984738021061472,20,0.6666666666666666,350,0.4342857142857143,1.0508911954529656,2.199579580137093,0.00628451308610598,-3.8081340869189386,0.4142857142857143,350,0.4342857142857143,-3.8081340869189386,1.1365808368907402,19,0.6470588235294118
SPXW,"d65ret,d80",-999999.0,1,score_desc,d80_front,21,1,15,False,False,False,False,False,-16.521290173735768,-8.391814757508952,-16.521290173735768,102,0.4803921568627451,1.254698168167935,3.047493151842545,0.02987738384159358,-2.2495973687012096,0.28431372549019607,102,0.4803921568627451,-2.2495973687012096,0.8203463881415041,0,0.5,128,0.4140625,0.975764499388349,-0.41772922911612964,-0.003263509602469763,-2.9869205764893456,0.203125,128,0.4140625,-2.9869205764893456,-5.984738021061472,20,0.6666666666666666,350,0.4342857142857143,1.0508911954529656,2.199579580137093,0.00628451308610598,-3.8081340869189386,0.4142857142857143,350,0.4342857142857143,-3.8081340869189386,1.1365808368907402,19,0.6470588235294118
SPXW,"d65ret,d80",-999999.0,1,score_desc,d80_front,21,1,30,False,False,False,False,False,-16.521290173735768,-8.391814757508952,-16.521290173735768,102,0.4803921568627451,1.254698168167935,3.047493151842545,0.02987738384159358,-2.2495973687012096,0.28431372549019607,102,0.4803921568627451,-2.2495973687012096,0.8203463881415041,0,0.5,128,0.4140625,0.975764499388349,-0.41772922911612964,-0.003263509602469763,-2.9869205764893456,0.203125,128,0.4140625,-2.9869205764893456,-5.984738021061472,20,0.6666666666666666,350,0.4342857142857143,1.0508911954529656,2.199579580137093,0.00628451308610598,-3.8081340869189386,0.4142857142857143,350,0.4342857142857143,-3.8081340869189386,1.1365808368907402,19,0.6470588235294118
SPXW,"d65ret,d80_front,d80_zero",-999999.0,1,score_desc,d80_front,22,3,0,False,False,False,False,False,-16.538653162651745,-11.390654404859651,-16.538653162651745,93,0.43010752688172044,1.29564311337342,3.953774609487,0.04251370547835484,-2.5517514127941117,0.23655913978494625,82,0.45121951219512196,-2.5517514127941117,0.7768977587946763,0,0.5,139,0.4028776978417266,0.9312140282345668,-1.5048468843837879,-0.010826236578300633,-3.269541857729935,0.22302158273381295,128,0.40625,-3.269541857729935,-1.6677582628775798,22,0.5,391,0.43478260869565216,1.0231643829984343,1.1786146001970148,0.003014359591296713,-5.50396880442706,0.40664961636828645,349,0.4154727793696275,-5.503968804427059,3.545571156033294,21,0.4117647058823529
SPXW,"d65ret,d80_front,d80_zero",-999999.0,1,score_desc,d80_front,22,4,0,False,False,False,False,False,-16.538653162651745,-11.390654404859651,-16.538653162651745,93,0.43010752688172044,1.29564311337342,3.953774609487,0.04251370547835484,-2.5517514127941117,0.23655913978494625,82,0.45121951219512196,-2.5517514127941117,0.7768977587946763,0,0.5,139,0.4028776978417266,0.9312140282345668,-1.5048468843837879,-0.010826236578300633,-3.269541857729935,0.22302158273381295,128,0.40625,-3.269541857729935,-1.6677582628775798,22,0.5,391,0.43478260869565216,1.0231643829984343,1.1786146001970148,0.003014359591296713,-5.50396880442706,0.40664961636828645,349,0.4154727793696275,-5.503968804427059,3.545571156033294,21,0.4117647058823529
SPXW,"d65ret,d80_front,d80_zero",-999999.0,1,score_desc,d80_front,22,2,0,False,False,False,False,False,-16.538653162651745,-11.42285327867236,-16.538653162651745,93,0.43010752688172044,1.29564311337342,3.953774609487,0.04251370547835484,-2.5517514127941117,0.23655913978494625,82,0.45121951219512196,-2.551751412794111,0.7768977587946763,0,0.5,139,0.4028776978417266,0.9306200613685823,-1.5188099971313798,-0.01092669062684446,-3.283504970477527,0.22302158273381295,128,0.40625,-3.2835049704775265,-1.6524258008156558,22,0.5,391,0.4322250639386189,1.0203436267004982,1.0319394201956054,0.0026392312536972005,-5.348943090343977,0.4092071611253197,349,0.4183381088825215,-5.348943090343977,3.7571595391896486,21,0.4117647058823529
SPXW,"d65ret,d80_front,d80_zero",0.0,1,score_desc,d80_front,22,3,30,False,False,False,False,False,-16.538653162651745,-10.52393069051675,-16.538653162651745,93,0.43010752688172044,1.29564311337342,3.953774609487,0.04251370547835484,-2.5517514127941117,0.23655913978494625,82,0.45121951219512196,-2.5517514127941117,0.7768977587946763,0,0.5,139,0.4028776978417266,0.9476318786251285,-1.1382972142268744,-0.008189188591560247,-2.9029921875730214,0.22302158273381295,128,0.40625,-2.902992187573021,-2.2048027478493246,22,0.5,385,0.44155844155844154,1.0172760434862977,0.8409268124579441,0.002184225486903751,-6.25050587913289,0.4051948051948052,340,0.42058823529411765,-6.25050587913289,4.70816483046302,19,0.4117647058823529
SPXW,"d65ret,d80_front,d80_zero",0.0,1,score_desc,d80_front,22,4,30,False,False,False,False,False,-16.538653162651745,-10.52393069051675,-16.538653162651745,93,0.43010752688172044,1.29564311337342,3.953774609487,0.04251370547835484,-2.5517514127941117,0.23655913978494625,82,0.45121951219512196,-2.5517514127941117,0.7768977587946763,0,0.5,139,0.4028776978417266,0.9476318786251285,-1.1382972142268744,-0.008189188591560247,-2.9029921875730214,0.22302158273381295,128,0.40625,-2.902992187573021,-2.2048027478493246,22,0.5,385,0.44155844155844154,1.0172760434862977,0.8409268124579441,0.002184225486903751,-6.25050587913289,0.4051948051948052,340,0.42058823529411765,-6.25050587913289,4.70816483046302,19,0.4117647058823529
SPXW,"d65ret,d80_front,d80_zero",-999999.0,1,score_desc,d80_front,22,3,15,False,False,False,False,False,-16.538653162651745,-10.52393069051675,-16.538653162651745,93,0.43010752688172044,1.29564311337342,3.953774609487,0.04251370547835484,-2.5517514127941117,0.23655913978494625,82,0.45121951219512196,-2.5517514127941117,0.7768977587946763,0,0.5,139,0.4028776978417266,0.9476318786251285,-1.1382972142268744,-0.008189188591560247,-2.9029921875730214,0.22302158273381295,128,0.40625,-2.902992187573021,-2.2048027478493246,22,0.5,390,0.4358974358974359,1.0170818513445559,0.8567274893770005,0.002196737152248719,-6.231518233885465,0.4076923076923077,349,0.4154727793696275,-6.231518233885467,4.869552038562563,21,0.47058823529411764
SPXW,"d65ret,d80_front,d80_zero",-999999.0,1,score_desc,d80_front,22,4,15,False,False,False,False,False,-16.538653162651745,-10.52393069051675,-16.538653162651745,93,0.43010752688172044,1.29564311337342,3.953774609487,0.04251370547835484,-2.5517514127941117,0.23655913978494625,82,0.45121951219512196,-2.5517514127941117,0.7768977587946763,0,0.5,139,0.4028776978417266,0.9476318786251285,-1.1382972142268744,-0.008189188591560247,-2.9029921875730214,0.22302158273381295,128,0.40625,-2.902992187573021,-2.2048027478493246,22,0.5,390,0.4358974358974359,1.0170818513445559,0.8567274893770005,0.002196737152248719,-6.231518233885465,0.4076923076923077,349,0.4154727793696275,-6.231518233885467,4.869552038562563,21,0.47058823529411764
SPXW,"d65ret,d80_front,d80_zero",-999999.0,1,score_desc,d80_front,22,2,15,False,False,False,False,False,-16.538653162651745,-10.52393069051675,-16.538653162651745,93,0.43010752688172044,1.29564311337342,3.953774609487,0.04251370547835484,-2.5517514127941117,0.23655913978494625,82,0.45121951219512196,-2.551751412794111,0.7768977587946763,0,0.5,139,0.4028776978417266,0.9476318786251285,-1.1382972142268744,-0.008189188591560247,-2.9029921875730214,0.22302158273381295,128,0.40625,-2.902992187573021,-2.2048027478493246,22,0.5,390,0.43333333333333335,1.0150845937239168,0.7535617044493215,0.0019322094985880038,-6.032983124728656,0.41025641025641024,349,0.4183381088825215,-6.032983124728655,5.135847768607172,21,0.47058823529411764
SPXW,"d65ret,d80_front,d80_zero",0.0,1,score_desc,d80_front,22,3,0,False,False,False,False,False,-16.538653162651745,-11.390654404859651,-16.538653162651745,93,0.43010752688172044,1.29564311337342,3.953774609487,0.04251370547835484,-2.5517514127941117,0.23655913978494625,82,0.45121951219512196,-2.5517514127941117,0.7768977587946763,0,0.5,139,0.4028776978417266,0.9312140282345668,-1.5048468843837879,-0.010826236578300633,-3.269541857729935,0.22302158273381295,128,0.40625,-3.269541857729935,-1.6677582628775798,22,0.5,387,0.43669250645994834,1.0131890699258117,0.6614470885634356,0.0017091656035230895,-5.776130926032685,0.40310077519379844,340,0.4147058823529412,-5.776130926032684,6.442500298645217,19,0.4117647058823529
SPXW,"d65ret,d80_front,d80_zero",0.0,1,score_desc,d80_front,22,4,0,False,False,False,False,False,-16.538653162651745,-11.390654404859651,-16.538653162651745,93,0.43010752688172044,1.29564311337342,3.953774609487,0.04251370547835484,-2.5517514127941117,0.23655913978494625,82,0.45121951219512196,-2.5517514127941117,0.7768977587946763,0,0.5,139,0.4028776978417266,0.9312140282345668,-1.5048468843837879,-0.010826236578300633,-3.269541857729935,0.22302158273381295,128,0.40625,-3.269541857729935,-1.6677582628775798,22,0.5,387,0.43669250645994834,1.0131890699258117,0.6614470885634356,0.0017091656035230895,-5.776130926032685,0.40310077519379844,340,0.4147058823529412,-5.776130926032684,6.442500298645217,19,0.4117647058823529
SPXW,"d65ret,d80_front,d80_zero",-999999.0,1,score_desc,d80_front,22,3,30,False,False,False,False,False,-16.538653162651745,-10.52393069051675,-16.538653162651745,93,0.43010752688172044,1.29564311337342,3.953774609487,0.04251370547835484,-2.5517514127941117,0.23655913978494625,82,0.45121951219512196,-2.5517514127941117,0.7768977587946763,0,0.5,139,0.4028776978417266,0.9476318786251285,-1.1382972142268744,-0.008189188591560247,-2.9029921875730214,0.22302158273381295,128,0.40625,-2.902992187573021,-2.2048027478493246,22,0.5,389,0.43444730077120824,1.0123042523322712,0.6152766260933609,0.0015816879848158376,-6.731518233885467,0.40616966580976865,349,0.4183381088825215,-6.731518233885469,6.201422647709966,21,0.4117647058823529
SPXW,"d65ret,d80_front,d80_zero",-999999.0,1,score_desc,d80_front,22,4,30,False,False,False,False,False,-16.538653162651745,-10.52393069051675,-16.538653162651745,93,0.43010752688172044,1.29564311337342,3.953774609487,0.04251370547835484,-2.5517514127941117,0.23655913978494625,82,0.45121951219512196,-2.5517514127941117,0.7768977587946763,0,0.5,139,0.4028776978417266,0.9476318786251285,-1.1382972142268744,-0.008189188591560247,-2.9029921875730214,0.22302158273381295,128,0.40625,-2.902992187573021,-2.2048027478493246,22,0.5,389,0.43444730077120824,1.0123042523322712,0.6152766260933609,0.0015816879848158376,-6.731518233885467,0.40616966580976865,349,0.4183381088825215,-6.731518233885469,6.201422647709966,21,0.4117647058823529
SPXW,"d65ret,d80_front,d80_zero",0.0,1,score_desc,d80_front,22,2,0,False,False,False,False,False,-16.538653162651745,-11.42285327867236,-16.538653162651745,93,0.43010752688172044,1.29564311337342,3.953774609487,0.04251370547835484,-2.5517514127941117,0.23655913978494625,82,0.45121951219512196,-2.551751412794111,0.7768977587946763,0,0.5,139,0.4028776978417266,0.9306200613685823,-1.5188099971313798,-0.01092669062684446,-3.283504970477527,0.22302158273381295,128,0.40625,-3.2835049704775265,-1.6524258008156558,22,0.5,387,0.43410852713178294,1.010296235271751,0.5147719085620261,0.001330159970444512,-5.621105211949601,0.40568475452196384,340,0.4176470588235294,-5.621105211949602,7.692090624339767,19,0.4117647058823529
SPXW,"d65ret,d80_front,d80_zero",-999999.0,1,score_desc,d80_front,22,2,30,False,False,False,False,False,-16.538653162651745,-10.52393069051675,-16.538653162651745,93,0.43010752688172044,1.29564311337342,3.953774609487,0.04251370547835484,-2.5517514127941117,0.23655913978494625,82,0.45121951219512196,-2.551751412794111,0.7768977587946763,0,0.5,139,0.4028776978417266,0.9476318786251285,-1.1382972142268744,-0.008189188591560247,-2.9029921875730214,0.22302158273381295,128,0.40625,-2.902992187573021,-2.2048027478493246,22,0.5,389,0.4318766066838046,1.0096380208143245,0.48003769434735943,0.0012340300625896129,-6.532983124728652,0.4087403598971722,349,0.42120343839541546,-6.532983124728654,7.253214494942674,21,0.4117647058823529
SPXW,"d65ret,d80_front,d80_zero",0.0,1,score_desc,d80_front,22,3,15,False,False,False,False,False,-16.538653162651745,-10.52393069051675,-16.538653162651745,93,0.43010752688172044,1.29564311337342,3.953774609487,0.04251370547835484,-2.5517514127941117,0.23655913978494625,82,0.45121951219512196,-2.5517514127941117,0.7768977587946763,0,0.5,139,0.4028776978417266,0.9476318786251285,-1.1382972142268744,-0.008189188591560247,-2.9029921875730214,0.22302158273381295,128,0.40625,-2.902992187573021,-2.2048027478493246,22,0.5,387,0.4392764857881137,1.0085456435520095,0.4223679340488067,0.0010913900104620327,-6.410515620825669,0.40568475452196384,340,0.4176470588235294,-6.410515620825669,10.064723063841019,19,0.47058823529411764
SPXW,"d65ret,d80_front,d80_zero",0.0,1,score_desc,d80_front,22,4,15,False,False,False,False,False,-16.538653162651745,-10.52393069051675,-16.538653162651745,93,0.43010752688172044,1.29564311337342,3.953774609487,0.04251370547835484,-2.5517514127941117,0.23655913978494625,82,0.45121951219512196,-2.5517514127941117,0.7768977587946763,0,0.5,139,0.4028776978417266,0.9476318786251285,-1.1382972142268744,-0.008189188591560247,-2.9029921875730214,0.22302158273381295,128,0.40625,-2.902992187573021,-2.2048027478493246,22,0.5,387,0.4392764857881137,1.0085456435520095,0.4223679340488067,0.0010913900104620327,-6.410515620825669,0.40568475452196384,340,0.4176470588235294,-6.410515620825669,10.064723063841019,19,0.47058823529411764
SPXW,"d65ret,d80_front,d80_zero",0.0,1,score_desc,d80_front,22,2,30,False,False,False,False,False,-16.538653162651745,-10.52393069051675,-16.538653162651745,93,0.43010752688172044,1.29564311337342,3.953774609487,0.04251370547835484,-2.5517514127941117,0.23655913978494625,82,0.45121951219512196,-2.551751412794111,0.7768977587946763,0,0.5,139,0.4028776978417266,0.9476318786251285,-1.1382972142268744,-0.008189188591560247,-2.9029921875730214,0.22302158273381295,128,0.40625,-2.902992187573021,-2.2048027478493246,22,0.5,385,0.43636363636363634,0.9980664774206934,-0.09431211928805716,-0.0002449665436053433,-6.85197076997608,0.4077922077922078,340,0.4235294117647059,-6.851970769976079,-38.440955731594315,19,0.4117647058823529
SPXW,"d65ret,d80_front,d80_zero",0.0,1,score_desc,d80_front,22,2,15,False,False,False,False,False,-16.538653162651745,-10.52393069051675,-16.538653162651745,93,0.43010752688172044,1.29564311337342,3.953774609487,0.04251370547835484,-2.5517514127941117,0.23655913978494625,82,0.45121951219512196,-2.551751412794111,0.7768977587946763,0,0.5,139,0.4028776978417266,0.9476318786251285,-1.1382972142268744,-0.008189188591560247,-2.9029921875730214,0.22302158273381295,128,0.40625,-2.902992187573021,-2.2048027478493246,22,0.5,387,0.43669250645994834,0.99754627409074,-0.12078810918609584,-0.00031211397722505385,-6.6519707699760815,0.4082687338501292,340,0.42058823529411765,-6.6519707699760815,-32.69622663832564,19,0.47058823529411764
SPXW,"d65ret,d80_front,d80_zero",0.0,1,score_desc,d65ret,22,2,15,False,False,False,False,False,-16.618392962778255,-10.717709453114358,-16.618392962778255,93,0.43010752688172044,1.2914181031442364,4.104326938648324,0.044132547727401335,-2.6999999999999984,0.20430107526881722,82,0.43902439024390244,-2.699999999999999,0.9745812309282842,0,0.5,133,0.40601503759398494,0.9455618004887738,-1.1823813493382773,-0.008890085333370506,-3.0576950097747466,0.24060150375939848,128,0.4140625,-3.057695009774746,-2.114377058974358,20,0.5,384,0.4375,1.0517493886422595,2.676183366623518,0.006969227517248745,-4.446351573572024,0.40625,344,0.4273255813953488,-4.442051555017979,1.868332365546532,19,0.47058823529411764
SPXW,"d65ret,d80_front,d80_zero",0.0,1,score_desc,d65ret,22,2,30,False,False,False,False,False,-16.618392962778255,-10.717709453114358,-16.618392962778255,93,0.43010752688172044,1.2914181031442364,4.104326938648324,0.044132547727401335,-2.6999999999999984,0.20430107526881722,82,0.43902439024390244,-2.699999999999999,0.9745812309282842,0,0.5,133,0.40601503759398494,0.9455618004887738,-1.1823813493382773,-0.008890085333370506,-3.0576950097747466,0.24060150375939848,128,0.4140625,-3.057695009774746,-2.114377058974358,20,0.5,383,0.4386422976501306,1.0504635045288815,2.6056311438376434,0.006803214474771915,-4.378862882850255,0.4046997389033943,344,0.4273255813953488,-4.37456286429621,1.9189208771260946,19,0.47058823529411764
SPXW,"d65ret,d80_front,d80_zero",-999999.0,1,score_desc,d65ret,22,2,15,False,False,False,False,False,-16.618392962778255,-10.717709453114358,-16.618392962778255,93,0.43010752688172044,1.2914181031442364,4.104326938648324,0.044132547727401335,-2.6999999999999984,0.20430107526881722,82,0.43902439024390244,-2.699999999999999,0.9745812309282842,0,0.5,133,0.40601503759398494,0.9455618004887738,-1.1823813493382773,-0.008890085333370506,-3.0576950097747466,0.24060150375939848,128,0.4140625,-3.057695009774746,-2.114377058974358,20,0.5,386,0.4326424870466321,1.0415210778159054,2.1679494203652565,0.005616449275557659,-4.954585519830286,0.40414507772020725,349,0.42406876790830944,-4.832967041710701,2.16282811595971,19,0.5294117647058824
SPXW,"d65ret,d80_front,d80_zero",0.0,1,score_desc,d65ret,22,2,0,False,False,False,False,False,-16.618392962778255,-10.668550524261114,-16.618392962778255,93,0.43010752688172044,1.2914181031442364,4.104326938648324,0.044132547727401335,-2.6999999999999984,0.20430107526881722,82,0.43902439024390244,-2.699999999999999,0.9745812309282842,0,0.5,133,0.40601503759398494,0.946506008944333,-1.1618734251643588,-0.008735890414769614,-3.0371870856008276,0.24060150375939848,128,0.4140625,-3.0371870856008276,-2.151697375853441,20,0.5,384,0.4348958333333333,1.0408271301450178,2.1235945620202896,0.005530194171927838,-4.606046796386277,0.40625,344,0.4273255813953488,-4.606046796386279,2.3544984006943546,19,0.47058823529411764
SPXW,"d65ret,d80_front,d80_zero",-999999.0,1,score_desc,d65ret,22,2,30,False,False,False,False,False,-16.618392962778255,-10.717709453114358,-16.618392962778255,93,0.43010752688172044,1.2914181031442364,4.104326938648324,0.044132547727401335,-2.6999999999999984,0.20430107526881722,82,0.43902439024390244,-2.699999999999999,0.9745812309282842,0,0.5,133,0.40601503759398494,0.9455618004887738,-1.1823813493382773,-0.008890085333370506,-3.0576950097747466,0.24060150375939848,128,0.4140625,-3.057695009774746,-2.114377058974358,20,0.5,385,0.43376623376623374,1.040231739903051,2.0973971975793826,0.005447784928777617,-4.874257625963419,0.4025974025974026,349,0.42406876790830944,-4.830268757421251,2.2355813032247873,19,0.5294117647058824
SPXW,"d65ret,d80_front,d80_zero",-999999.0,1,score_desc,d65ret,22,2,0,False,False,False,False,False,-16.618392962778255,-10.668550524261114,-16.618392962778255,93,0.43010752688172044,1.2914181031442364,4.104326938648324,0.044132547727401335,-2.6999999999999984,0.20430107526881722,82,0.43902439024390244,-2.699999999999999,0.9745812309282842,0,0.5,133,0.40601503759398494,0.946506008944333,-1.1618734251643588,-0.008735890414769614,-3.0371870856008276,0.24060150375939848,128,0.4140625,-3.0371870856008276,-2.151697375853441,20,0.5,386,0.43005181347150256,1.0307610241906995,1.615360615762028,0.004184872061559658,-5.114280742644538,0.40414507772020725,349,0.42406876790830944,-4.996962283078998,2.9026967196006552,19,0.5294117647058824
SPXW,"d65ret,d80_front,d80_zero",-999999.0,1,score_desc,d50ret,21,2,0,False,False,False,False,False,-16.62110132491294,-9.912986745135305,-16.62110132491294,84,0.42857142857142855,1.3215022133483865,4.0582143653093645,0.048312075777492434,-2.3999999999999986,0.2261904761904762,82,0.43902439024390244,-2.3999999999999986,0.6160344858493991,0,0.3333333333333333,137,0.40875912408759124,0.9637560510937057,-0.7938660061596672,-0.005794642380727497,-2.778726375073912,0.23357664233576642,128,0.4140625,-2.778726375073912,-3.4922676006723714,21,0.3333333333333333,381,0.4251968503937008,0.9816960028957002,-0.9638773385705139,-0.002529861781024971,-7.642588619337366,0.4041994750656168,349,0.42120343839541546,-7.442588619337368,-3.938469188097419,19,0.5294117647058824
SPXW,"d65ret,d80_front,d80_zero",0.0,1,score_desc,d50ret,21,2,0,False,False,False,False,False,-16.62110132491294,-9.912986745135305,-16.62110132491294,84,0.42857142857142855,1.3215022133483865,4.0582143653093645,0.048312075777492434,-2.3999999999999986,0.2261904761904762,82,0.43902439024390244,-2.3999999999999986,0.6160344858493991,0,0.3333333333333333,137,0.40875912408759124,0.9637560510937057,-0.7938660061596672,-0.005794642380727497,-2.778726375073912,0.23357664233576642,128,0.4140625,-2.778726375073912,-3.4922676006723714,21,0.3333333333333333,373,0.4262734584450402,0.9802404942959198,-1.0154984001720218,-0.002722515818155554,-7.761003195663297,0.4075067024128686,338,0.4260355029585799,-7.561003195663298,-3.7382640863070296,18,0.5294117647058824
SPXW,"d65ret,d80_front,d80_zero",-999999.0,1,score_desc,d50ret,21,2,30,False,False,False,False,False,-16.62110132491294,-11.410099188466159,-16.62110132491294,84,0.42857142857142855,1.3215022133483865,4.0582143653093645,0.048312075777492434,-2.3999999999999986,0.2261904761904762,82,0.43902439024390244,-2.3999999999999986,0.6160344858493991,0,0.3333333333333333,137,0.40145985401459855,0.9405570385555034,-1.3198363350845528,-0.009633841861931043,-3.1110301082292056,0.22627737226277372,128,0.40625,-3.1110301082292056,-2.100557818336598,21,0.3333333333333333,381,0.4225721784776903,0.9796069998224478,-1.071264643236434,-0.002811718223717675,-7.785820416601948,0.4041994750656168,350,0.4257142857142857,-7.585820416601949,-3.268950192414982,19,0.5294117647058824
SPXW,"d65ret,d80_front,d80_zero",-999999.0,1,score_desc,d50ret,21,3,0,False,False,False,False,False,-16.62110132491294,-9.912986745135305,-16.62110132491294,84,0.42857142857142855,1.3215022133483865,4.0582143653093645,0.048312075777492434,-2.3999999999999986,0.2261904761904762,82,0.4268292682926829,-2.3999999999999986,0.6160344858493991,0,0.3333333333333333,137,0.40875912408759124,0.9637560510937057,-0.7938660061596672,-0.005794642380727497,-2.778726375073912,0.23357664233576642,128,0.4140625,-2.778726375073912,-3.4922676006723714,21,0.3333333333333333,381,0.4251968503937008,0.9786092986806969,-1.1299742314505496,-0.0029658116311038047,-7.8086855122174015,0.4041994750656168,349,0.4183381088825215,-7.608685512217403,-3.359546698858897,19,0.5294117647058824
SPXW,"d65ret,d80_front,d80_zero",-999999.0,1,score_desc,d50ret,21,4,0,False,False,False,False,False,-16.62110132491294,-9.912986745135305,-16.62110132491294,84,0.42857142857142855,1.3215022133483865,4.0582143653093645,0.048312075777492434,-2.3999999999999986,0.2261904761904762,82,0.4268292682926829,-2.3999999999999986,0.6160344858493991,0,0.3333333333333333,137,0.40875912408759124,0.9637560510937057,-0.7938660061596672,-0.005794642380727497,-2.778726375073912,0.23357664233576642,128,0.4140625,-2.778726375073912,-3.4922676006723714,21,0.3333333333333333,381,0.4251968503937008,0.9786092986806969,-1.1299742314505496,-0.0029658116311038047,-7.8086855122174015,0.4041994750656168,349,0.4183381088825215,-7.608685512217403,-3.359546698858897,19,0.5294117647058824
SPXW,"d65ret,d80_front,d80_zero",0.0,1,score_desc,d50ret,21,2,30,False,False,False,False,False,-16.62110132491294,-11.410099188466159,-16.62110132491294,84,0.42857142857142855,1.3215022133483865,4.0582143653093645,0.048312075777492434,-2.3999999999999986,0.2261904761904762,82,0.43902439024390244,-2.3999999999999986,0.6160344858493991,0,0.3333333333333333,137,0.40145985401459855,0.9405570385555034,-1.3198363350845528,-0.009633841861931043,-3.1110301082292056,0.22627737226277372,128,0.40625,-3.1110301082292056,-2.100557818336598,21,0.3333333333333333,373,0.42359249329758714,0.9782170503764094,-1.1165543610563846,-0.0029934433272289134,-7.897903649146319,0.4075067024128686,339,0.4306784660766962,-7.697903649146322,-3.1363549181088786,18,0.5294117647058824
SPXW,"d65ret,d80_front,d80_zero",-999999.0,1,score_desc,d50ret,21,2,15,False,False,False,False,False,-16.62110132491294,-11.410099188466159,-16.62110132491294,84,0.42857142857142855,1.3215022133483865,4.0582143653093645,0.048312075777492434,-2.3999999999999986,0.2261904761904762,82,0.43902439024390244,-2.3999999999999986,0.6160344858493991,0,0.3333333333333333,137,0.40145985401459855,0.9405570385555034,-1.3198363350845528,-0.009633841861931043,-3.1110301082292056,0.22627737226277372,128,0.40625,-3.1110301082292056,-2.100557818336598,21,0.3333333333333333,381,0.4225721784776903,0.9776446293227615,-1.1743499232315782,-0.0030822832630750083,-7.78582041660195,0.4068241469816273,350,0.4228571428571429,-7.58582041660195,-2.9819993958858055,19,0.5294117647058824
SPXW,"d65ret,d80_front,d80_zero",0.0,1,score_desc,d50ret,21,3,0,False,False,False,False,False,-16.62110132491294,-9.912986745135305,-16.62110132491294,84,0.42857142857142855,1.3215022133483865,4.0582143653093645,0.048312075777492434,-2.3999999999999986,0.2261904761904762,82,0.4268292682926829,-2.3999999999999986,0.6160344858493991,0,0.3333333333333333,137,0.40875912408759124,0.9637560510937057,-0.7938660061596672,-0.005794642380727497,-2.778726375073912,0.23357664233576642,128,0.4140625,-2.778726375073912,-3.4922676006723714,21,0.3333333333333333,373,0.4262734584450402,0.977082657753465,-1.181595293052058,-0.0031678157990671792,-7.927100088543332,0.4075067024128686,338,0.4230769230769231,-7.727100088543334,-3.2127761691227916,18,0.5294117647058824
SPXW,"d65ret,d80_front,d80_zero",0.0,1,score_desc,d50ret,21,4,0,False,False,False,False,False,-16.62110132491294,-9.912986745135305,-16.62110132491294,84,0.42857142857142855,1.3215022133483865,4.0582143653093645,0.048312075777492434,-2.3999999999999986,0.2261904761904762,82,0.4268292682926829,-2.3999999999999986,0.6160344858493991,0,0.3333333333333333,137,0.40875912408759124,0.9637560510937057,-0.7938660061596672,-0.005794642380727497,-2.778726375073912,0.23357664233576642,128,0.4140625,-2.778726375073912,-3.4922676006723714,21,0.3333333333333333,373,0.4262734584450402,0.977082657753465,-1.181595293052058,-0.0031678157990671792,-7.927100088543332,0.4075067024128686,338,0.4230769230769231,-7.727100088543334,-3.2127761691227916,18,0.5294117647058824
SPXW,"d65ret,d80_front,d80_zero",-999999.0,1,score_desc,d50ret,21,3,30,False,False,False,False,False,-16.62110132491294,-11.410099188466159,-16.62110132491294,84,0.42857142857142855,1.3215022133483865,4.0582143653093645,0.048312075777492434,-2.3999999999999986,0.2261904761904762,82,0.4268292682926829,-2.3999999999999986,0.6160344858493991,0,0.3333333333333333,137,0.40145985401459855,0.9405570385555034,-1.3198363350845528,-0.009633841861931043,-3.1110301082292056,0.22627737226277372,128,0.40625,-3.1110301082292056,-2.100557818336598,21,0.3333333333333333,381,0.4225721784776903,0.9765193594031388,-1.2373615361164703,-0.0032476680737965097,-7.951917309481983,0.4041994750656168,350,0.4228571428571429,-7.751917309481985,-2.8301435428694957,19,0.5294117647058824
SPXW,"d65ret,d80_front,d80_zero",-999999.0,1,score_desc,d50ret,21,4,30,False,False,False,False,False,-16.62110132491294,-11.410099188466159,-16.62110132491294,84,0.42857142857142855,1.3215022133483865,4.0582143653093645,0.048312075777492434,-2.3999999999999986,0.2261904761904762,82,0.4268292682926829,-2.3999999999999986,0.6160344858493991,0,0.3333333333333333,137,0.40145985401459855,0.9405570385555034,-1.3198363350845528,-0.009633841861931043,-3.1110301082292056,0.22627737226277372,128,0.40625,-3.1110301082292056,-2.100557818336598,21,0.3333333333333333,381,0.4225721784776903,0.9765193594031388,-1.2373615361164703,-0.0032476680737965097,-7.951917309481983,0.4041994750656168,350,0.4228571428571429,-7.751917309481985,-2.8301435428694957,19,0.5294117647058824
SPXW,"d65ret,d80_front,d80_zero",0.0,1,score_desc,d50ret,21,2,15,False,False,False,False,False,-16.62110132491294,-11.410099188466159,-16.62110132491294,84,0.42857142857142855,1.3215022133483865,4.0582143653093645,0.048312075777492434,-2.3999999999999986,0.2261904761904762,82,0.43902439024390244,-2.3999999999999986,0.6160344858493991,0,0.3333333333333333,137,0.40145985401459855,0.9405570385555034,-1.3198363350845528,-0.009633841861931043,-3.1110301082292056,0.22627737226277372,128,0.40625,-3.1110301082292056,-2.100557818336598,21,0.3333333333333333,373,0.42359249329758714,0.9760853864873869,-1.2259709848330864,-0.003286785482126237,-7.90423499292788,0.4101876675603217,339,0.4277286135693215,-7.704234992927882,-2.8564385331777546,18,0.5294117647058824
SPXW,"d65ret,d80_front,d80_zero",0.0,1,score_desc,d50ret,21,3,30,False,False,False,False,False,-16.62110132491294,-11.410099188466159,-16.62110132491294,84,0.42857142857142855,1.3215022133483865,4.0582143653093645,0.048312075777492434,-2.3999999999999986,0.2261904761904762,82,0.4268292682926829,-2.3999999999999986,0.6160344858493991,0,0.3333333333333333,137,0.40145985401459855,0.9405570385555034,-1.3198363350845528,-0.009633841861931043,-3.1110301082292056,0.22627737226277372,128,0.40625,-3.1110301082292056,-2.100557818336598,21,0.3333333333333333,373,0.42359249329758714,0.9750574763145021,-1.2826512539364208,-0.0034387433081405384,-8.064000542026355,0.4075067024128686,339,0.4277286135693215,-7.864000542026357,-2.730212714397497,18,0.5294117647058824
SPXW,"d65ret,d80_front,d80_zero",0.0,1,score_desc,d50ret,21,4,30,False,False,False,False,False,-16.62110132491294,-11.410099188466159,-16.62110132491294,84,0.42857142857142855,1.3215022133483865,4.0582143653093645,0.048312075777492434,-2.3999999999999986,0.2261904761904762,82,0.4268292682926829,-2.3999999999999986,0.6160344858493991,0,0.3333333333333333,137,0.40145985401459855,0.9405570385555034,-1.3198363350845528,-0.009633841861931043,-3.1110301082292056,0.22627737226277372,128,0.40625,-3.1110301082292056,-2.100557818336598,21,0.3333333333333333,373,0.42359249329758714,0.9750574763145021,-1.2826512539364208,-0.0034387433081405384,-8.064000542026355,0.4075067024128686,339,0.4277286135693215,-7.864000542026357,-2.730212714397497,18,0.5294117647058824
SPXW,"d65ret,d80_front,d80_zero",-999999.0,1,score_desc,d50ret,21,3,15,False,False,False,False,False,-16.62110132491294,-11.410099188466159,-16.62110132491294,84,0.42857142857142855,1.3215022133483865,4.0582143653093645,0.048312075777492434,-2.3999999999999986,0.2261904761904762,82,0.4268292682926829,-2.3999999999999986,0.6160344858493991,0,0.3333333333333333,137,0.40145985401459855,0.9405570385555034,-1.3198363350845528,-0.009633841861931043,-3.1110301082292056,0.22627737226277372,128,0.40625,-3.1110301082292056,-2.100557818336598,21,0.3333333333333333,381,0.4225721784776903,0.9745631741333188,-1.3404468161116143,-0.0035182331131538435,-7.951917309481986,0.4068241469816273,350,0.42,-7.751917309481986,-2.6124951169592068,19,0.5294117647058824
SPXW,"d65ret,d80_front,d80_zero",-999999.0,1,score_desc,d50ret,21,4,15,False,False,False,False,False,-16.62110132491294,-11.410099188466159,-16.62110132491294,84,0.42857142857142855,1.3215022133483865,4.0582143653093645,0.048312075777492434,-2.3999999999999986,0.2261904761904762,82,0.4268292682926829,-2.3999999999999986,0.6160344858493991,0,0.3333333333333333,137,0.40145985401459855,0.9405570385555034,-1.3198363350845528,-0.009633841861931043,-3.1110301082292056,0.22627737226277372,128,0.40625,-3.1110301082292056,-2.100557818336598,21,0.3333333333333333,381,0.4225721784776903,0.9745631741333188,-1.3404468161116143,-0.0035182331131538435,-7.951917309481986,0.4068241469816273,350,0.42,-7.751917309481986,-2.6124951169592068,19,0.5294117647058824
SPXW,"d65ret,d80_front,d80_zero",0.0,1,score_desc,d50ret,21,3,15,False,False,False,False,False,-16.62110132491294,-11.410099188466159,-16.62110132491294,84,0.42857142857142855,1.3215022133483865,4.0582143653093645,0.048312075777492434,-2.3999999999999986,0.2261904761904762,82,0.4268292682926829,-2.3999999999999986,0.6160344858493991,0,0.3333333333333333,137,0.40145985401459855,0.9405570385555034,-1.3198363350845528,-0.009633841861931043,-3.1110301082292056,0.22627737226277372,128,0.40625,-3.1110301082292056,-2.100557818336598,21,0.3333333333333333,373,0.42359249329758714,0.9729330856642818,-1.3920678777131217,-0.00373208546303786,-8.070331885807915,0.4101876675603217,339,0.4247787610619469,-7.870331885807918,-2.5156178213005105,18,0.5294117647058824
SPXW,"d65ret,d80_front,d80_zero",0.0,1,score_desc,d50ret,21,4,15,False,False,False,False,False,-16.62110132491294,-11.410099188466159,-16.62110132491294,84,0.42857142857142855,1.3215022133483865,4.0582143653093645,0.048312075777492434,-2.3999999999999986,0.2261904761904762,82,0.4268292682926829,-2.3999999999999986,0.6160344858493991,0,0.3333333333333333,137,0.40145985401459855,0.9405570385555034,-1.3198363350845528,-0.009633841861931043,-3.1110301082292056,0.22627737226277372,128,0.40625,-3.1110301082292056,-2.100557818336598,21,0.3333333333333333,373,0.42359249329758714,0.9729330856642818,-1.3920678777131217,-0.00373208546303786,-8.070331885807915,0.4101876675603217,339,0.4247787610619469,-7.870331885807918,-2.5156178213005105,18,0.5294117647058824
SPXW,"d65ret,d80,d80_zero",0.0,1,score_desc,d65win,22,3,0,False,False,False,False,False,-16.656360337583177,19.246615829303295,-16.656360337583177,115,0.45217391304347826,1.2504912533233035,4.3137556699097654,0.03751091886878057,-2.995863036663962,0.19130434782608696,102,0.46078431372549017,-2.995863036663962,0.6039996077636474,0,0.6666666666666666,139,0.45323741007194246,1.1826454762727556,3.9064334181085907,0.028103837540349574,-2.3787445281393063,0.17985611510791366,128,0.4375,-2.3787445281393063,0.7953954538338611,22,0.5,389,0.41131105398457585,1.0195429395982585,1.162928257207768,0.002989532794878581,-5.0754979021399,0.36246786632390743,344,0.40988372093023256,-5.075497902139901,3.4562058758628704,20,0.4117647058823529
SPXW,"d65ret,d80,d80_zero",0.0,1,score_desc,d65win,22,4,0,False,False,False,False,False,-16.656360337583177,19.246615829303295,-16.656360337583177,115,0.45217391304347826,1.2504912533233035,4.3137556699097654,0.03751091886878057,-2.995863036663962,0.19130434782608696,102,0.46078431372549017,-2.995863036663962,0.6039996077636474,0,0.6666666666666666,139,0.45323741007194246,1.1826454762727556,3.9064334181085907,0.028103837540349574,-2.3787445281393063,0.17985611510791366,128,0.4375,-2.3787445281393063,0.7953954538338611,22,0.5,389,0.41131105398457585,1.0195429395982585,1.162928257207768,0.002989532794878581,-5.0754979021399,0.36246786632390743,344,0.40988372093023256,-5.075497902139901,3.4562058758628704,20,0.4117647058823529
SPXW,"d65ret,d80,d80_zero",-999999.0,1,score_desc,d65win,22,3,0,False,False,False,False,False,-16.656360337583177,19.246615829303295,-16.656360337583177,115,0.45217391304347826,1.2504912533233035,4.3137556699097654,0.03751091886878057,-2.995863036663962,0.19130434782608696,102,0.46078431372549017,-2.995863036663962,0.6039996077636474,0,0.6666666666666666,139,0.45323741007194246,1.1826454762727556,3.9064334181085907,0.028103837540349574,-2.3787445281393063,0.17985611510791366,128,0.4375,-2.3787445281393063,0.7953954538338611,22,0.5,391,0.41687979539641945,1.017033737661998,1.0190577855977598,0.0026062858966694625,-5.926107594540294,0.36828644501278773,350,0.4114285714285714,-5.926107594540298,3.8492261674915635,21,0.4117647058823529
SPXW,"d65ret,d80,d80_zero",-999999.0,1,score_desc,d65win,22,4,0,False,False,False,False,False,-16.656360337583177,19.246615829303295,-16.656360337583177,115,0.45217391304347826,1.2504912533233035,4.3137556699097654,0.03751091886878057,-2.995863036663962,0.19130434782608696,102,0.46078431372549017,-2.995863036663962,0.6039996077636474,0,0.6666666666666666,139,0.45323741007194246,1.1826454762727556,3.9064334181085907,0.028103837540349574,-2.3787445281393063,0.17985611510791366,128,0.4375,-2.3787445281393063,0.7953954538338611,22,0.5,391,0.41687979539641945,1.017033737661998,1.0190577855977598,0.0026062858966694625,-5.926107594540294,0.36828644501278773,350,0.4114285714285714,-5.926107594540298,3.8492261674915635,21,0.4117647058823529
SPXW,"d65ret,d80,d80_zero",0.0,1,score_desc,d80_zero,22,3,0,False,False,False,False,False,-16.68656675036598,15.045525458455833,-16.68656675036598,105,0.4380952380952381,1.2784779753228612,4.579315170483868,0.0436125254331797,-2.3999999999999986,0.19047619047619047,102,0.45098039215686275,-2.3999999999999986,0.5459331596378941,0,0.5,135,0.4222222222222222,1.0856785025954367,1.9227552882057342,0.01424263176448692,-2.4225310215837177,0.17777777777777778,128,0.4375,-2.422531021583718,1.3002174615433957,20,0.5,365,0.4273972602739726,1.131994554296218,7.493968012465601,0.020531419212234524,-4.8948990873717095,0.3780821917808219,337,0.4391691394658754,-4.713114742137916,0.6089509413625178,15,0.5882352941176471
SPXW,"d65ret,d80,d80_zero",0.0,1,score_desc,d80_zero,22,4,0,False,False,False,False,False,-16.68656675036598,15.045525458455833,-16.68656675036598,105,0.4380952380952381,1.2784779753228612,4.579315170483868,0.0436125254331797,-2.3999999999999986,0.19047619047619047,102,0.45098039215686275,-2.3999999999999986,0.5459331596378941,0,0.5,135,0.4222222222222222,1.0856785025954367,1.9227552882057342,0.01424263176448692,-2.4225310215837177,0.17777777777777778,128,0.4375,-2.422531021583718,1.3002174615433957,20,0.5,365,0.4273972602739726,1.131994554296218,7.493968012465601,0.020531419212234524,-4.8948990873717095,0.3780821917808219,337,0.4391691394658754,-4.713114742137916,0.6089509413625178,15,0.5882352941176471
SPXW,"d65ret,d80,d80_zero",0.0,1,score_desc,d80_zero,22,2,0,False,False,False,False,False,-16.68656675036598,15.045525458455833,-16.68656675036598,105,0.4380952380952381,1.2784779753228612,4.579315170483868,0.0436125254331797,-2.3999999999999986,0.19047619047619047,102,0.45098039215686275,-2.3999999999999986,0.5459331596378941,0,0.5,135,0.4222222222222222,1.0856785025954367,1.9227552882057342,0.01424263176448692,-2.4225310215837177,0.17777777777777778,128,0.4375,-2.422531021583718,1.3002174615433957,20,0.5,365,0.4246575342465753,1.117284069703069,6.6939680124656,0.01833963839031671,-4.894899087371708,0.3780821917808219,337,0.4391691394658754,-4.713114742137915,0.6710317442824806,15,0.5882352941176471
SPXW,"d65ret,d80,d80_zero",-999999.0,1,score_desc,d80_zero,22,3,0,False,False,False,False,False,-16.68656675036598,15.045525458455833,-16.68656675036598,105,0.4380952380952381,1.2784779753228612,4.579315170483868,0.0436125254331797,-2.3999999999999986,0.19047619047619047,102,0.45098039215686275,-2.3999999999999986,0.5459331596378941,0,0.5,135,0.4222222222222222,1.0856785025954367,1.9227552882057342,0.01424263176448692,-2.4225310215837177,0.17777777777777778,128,0.4375,-2.422531021583718,1.3002174615433957,20,0.5,374,0.42780748663101603,1.1158808008690615,6.721461996878564,0.01797182352106568,-5.113114742137913,0.37433155080213903,349,0.4355300859598854,-4.8131147421379135,0.6789384330151368,19,0.5294117647058824
SPXW,"d65ret,d80,d80_zero",-999999.0,1,score_desc,d80_zero,22,4,0,False,False,False,False,False,-16.68656675036598,15.045525458455833,-16.68656675036598,105,0.4380952380952381,1.2784779753228612,4.579315170483868,0.0436125254331797,-2.3999999999999986,0.19047619047619047,102,0.45098039215686275,-2.3999999999999986,0.5459331596378941,0,0.5,135,0.4222222222222222,1.0856785025954367,1.9227552882057342,0.01424263176448692,-2.4225310215837177,0.17777777777777778,128,0.4375,-2.422531021583718,1.3002174615433957,20,0.5,374,0.42780748663101603,1.1158808008690615,6.721461996878564,0.01797182352106568,-5.113114742137913,0.37433155080213903,349,0.4355300859598854,-4.8131147421379135,0.6789384330151368,19,0.5294117647058824
SPXW,"d65ret,d80,d80_zero",0.0,1,score_desc,d80_zero,22,3,15,False,False,False,False,False,-16.68656675036598,15.045525458455833,-16.68656675036598,105,0.4380952380952381,1.2784779753228612,4.579315170483868,0.0436125254331797,-2.3999999999999986,0.19047619047619047,102,0.45098039215686275,-2.3999999999999986,0.5459331596378941,0,0.5,135,0.4222222222222222,1.0856785025954367,1.9227552882057342,0.01424263176448692,-2.4225310215837177,0.17777777777777778,128,0.4375,-2.422531021583718,1.3002174615433957,20,0.5,363,0.42424242424242425,1.1143811145168305,6.4939680124656,0.01788971904260496,-5.282190611648419,0.3774104683195592,337,0.4332344213649852,-5.282190611648419,0.7027227216043664,15,0.5882352941176471
SPXW,"d65ret,d80,d80_zero",0.0,1,score_desc,d80_zero,22,4,15,False,False,False,False,False,-16.68656675036598,15.045525458455833,-16.68656675036598,105,0.4380952380952381,1.2784779753228612,4.579315170483868,0.0436125254331797,-2.3999999999999986,0.19047619047619047,102,0.45098039215686275,-2.3999999999999986,0.5459331596378941,0,0.5,135,0.4222222222222222,1.0856785025954367,1.9227552882057342,0.01424263176448692,-2.4225310215837177,0.17777777777777778,128,0.4375,-2.422531021583718,1.3002174615433957,20,0.5,363,0.42424242424242425,1.1143811145168305,6.4939680124656,0.01788971904260496,-5.282190611648419,0.3774104683195592,337,0.4332344213649852,-5.282190611648419,0.7027227216043664,15,0.5882352941176471
SPXW,"d65ret,d80,d80_zero",0.0,1,score_desc,d80_zero,22,3,30,False,False,False,False,False,-16.68656675036598,15.045525458455833,-16.68656675036598,105,0.4380952380952381,1.2784779753228612,4.579315170483868,0.0436125254331797,-2.3999999999999986,0.19047619047619047,102,0.45098039215686275,-2.3999999999999986,0.5459331596378941,0,0.5,135,0.4222222222222222,1.0856785025954367,1.9227552882057342,0.01424263176448692,-2.4225310215837177,0.17777777777777778,128,0.4375,-2.422531021583718,1.3002174615433957,20,0.5,362,0.42265193370165743,1.111056037033667,6.280678636342065,0.017349940984370347,-5.282190611648419,0.3756906077348066,337,0.4332344213649852,-5.282190611648419,0.6891621760105382,15,0.6470588235294118
SPXW,"d65ret,d80,d80_zero",0.0,1,score_desc,d80_zero,22,4,30,False,False,False,False,False,-16.68656675036598,15.045525458455833,-16.68656675036598,105,0.4380952380952381,1.2784779753228612,4.579315170483868,0.0436125254331797,-2.3999999999999986,0.19047619047619047,102,0.45098039215686275,-2.3999999999999986,0.5459331596378941,0,0.5,135,0.4222222222222222,1.0856785025954367,1.9227552882057342,0.01424263176448692,-2.4225310215837177,0.17777777777777778,128,0.4375,-2.422531021583718,1.3002174615433957,20,0.5,362,0.42265193370165743,1.111056037033667,6.280678636342065,0.017349940984370347,-5.282190611648419,0.3756906077348066,337,0.4332344213649852,-5.282190611648419,0.6891621760105382,15,0.6470588235294118
SPXW,"d65ret,d80,d80_zero",-999999.0,1,score_desc,d80_zero,22,2,0,False,False,False,False,False,-16.68656675036598,15.045525458455833,-16.68656675036598,105,0.4380952380952381,1.2784779753228612,4.579315170483868,0.0436125254331797,-2.3999999999999986,0.19047619047619047,102,0.45098039215686275,-2.3999999999999986,0.5459331596378941,0,0.5,135,0.4222222222222222,1.0856785025954367,1.9227552882057342,0.01424263176448692,-2.4225310215837177,0.17777777777777778,128,0.4375,-2.422531021583718,1.3002174615433957,20,0.5,374,0.42513368983957217,1.1015631706857323,5.921461996878565,0.015832786087910604,-5.113114742137913,0.37433155080213903,349,0.4355300859598854,-4.813114742137914,0.7585736485252729,19,0.5294117647058824
SPXW,"d65ret,d80,d80_zero",0.0,1,score_desc,d80_zero,22,2,15,False,False,False,False,False,-16.68656675036598,15.045525458455833,-16.68656675036598,105,0.4380952380952381,1.2784779753228612,4.579315170483868,0.0436125254331797,-2.3999999999999986,0.19047619047619047,102,0.45098039215686275,-2.3999999999999986,0.5459331596378941,0,0.5,135,0.4222222222222222,1.0856785025954367,1.9227552882057342,0.01424263176448692,-2.4225310215837177,0.17777777777777778,128,0.4375,-2.422531021583718,1.3002174615433957,20,0.5,363,0.4214876033057851,1.0997632107021504,5.693968012465599,0.015685862293293662,-5.282190611648419,0.3774104683195592,337,0.4332344213649852,-5.282190611648419,0.7888813252448983,15,0.5882352941176471
SPXW,"d65ret,d80,d80_zero",-999999.0,1,score_desc,d80_zero,22,3,15,False,False,False,False,False,-16.68656675036598,15.045525458455833,-16.68656675036598,105,0.4380952380952381,1.2784779753228612,4.579315170483868,0.0436125254331797,-2.3999999999999986,0.19047619047619047,102,0.45098039215686275,-2.3999999999999986,0.5459331596378941,0,0.5,135,0.4222222222222222,1.0856785025954367,1.9227552882057342,0.01424263176448692,-2.4225310215837177,0.17777777777777778,128,0.4375,-2.422531021583718,1.3002174615433957,20,0.5,372,0.42473118279569894,1.0986403848817543,5.721461996878565,0.015380274185157434,-5.500406266414625,0.3763440860215054,349,0.4297994269340974,-5.500406266414625,0.7976036331659971,19,0.5294117647058824
SPXW,"d65ret,d80,d80_zero",-999999.0,1,score_desc,d80_zero,22,4,15,False,False,False,False,False,-16.68656675036598,15.045525458455833,-16.68656675036598,105,0.4380952380952381,1.2784779753228612,4.579315170483868,0.0436125254331797,-2.3999999999999986,0.19047619047619047,102,0.45098039215686275,-2.3999999999999986,0.5459331596378941,0,0.5,135,0.4222222222222222,1.0856785025954367,1.9227552882057342,0.01424263176448692,-2.4225310215837177,0.17777777777777778,128,0.4375,-2.422531021583718,1.3002174615433957,20,0.5,372,0.42473118279569894,1.0986403848817543,5.721461996878565,0.015380274185157434,-5.500406266414625,0.3763440860215054,349,0.4297994269340974,-5.500406266414625,0.7976036331659971,19,0.5294117647058824
SPXW,"d65ret,d80,d80_zero",0.0,1,score_desc,d80_zero,22,2,30,False,False,False,False,False,-16.68656675036598,16.441786735006104,-16.68656675036598,105,0.4380952380952381,1.2784779753228612,4.579315170483868,0.0436125254331797,-2.3999999999999986,0.19047619047619047,102,0.45098039215686275,-2.3999999999999986,0.5459331596378941,0,0.5,135,0.42962962962962964,1.1229706029755753,2.722755288205734,0.020168557690412845,-2.422531021583717,0.17777777777777778,128,0.4375,-2.422531021583717,1.1018250567706975,20,0.5,362,0.4198895027624309,1.0963989370395952,5.480678636342065,0.01513999623298913,-5.282190611648419,0.3756906077348066,337,0.4332344213649852,-5.282190611648421,0.7620285802041629,15,0.6470588235294118
SPXW,"d65ret,d80,d80_zero",-999999.0,1,score_desc,d80_zero,22,3,30,False,False,False,False,False,-16.68656675036598,15.045525458455833,-16.68656675036598,105,0.4380952380952381,1.2784779753228612,4.579315170483868,0.0436125254331797,-2.3999999999999986,0.19047619047619047,102,0.45098039215686275,-2.3999999999999986,0.5459331596378941,0,0.5,135,0.4222222222222222,1.0856785025954367,1.9227552882057342,0.01424263176448692,-2.4225310215837177,0.17777777777777778,128,0.4375,-2.422531021583718,1.3002174615433957,20,0.5,372,0.4220430107526882,1.0896684515876962,5.2081726207550325,0.014000464034287723,-5.500406266414626,0.3736559139784946,349,0.4297994269340974,-5.500406266414627,0.8310796263924342,19,0.5294117647058824
SPXW,"d65ret,d80,d80_zero",-999999.0,1,score_desc,d80_zero,22,4,30,False,False,False,False,False,-16.68656675036598,15.045525458455833,-16.68656675036598,105,0.4380952380952381,1.2784779753228612,4.579315170483868,0.0436125254331797,-2.3999999999999986,0.19047619047619047,102,0.45098039215686275,-2.3999999999999986,0.5459331596378941,0,0.5,135,0.4222222222222222,1.0856785025954367,1.9227552882057342,0.01424263176448692,-2.4225310215837177,0.17777777777777778,128,0.4375,-2.422531021583718,1.3002174615433957,20,0.5,372,0.4220430107526882,1.0896684515876962,5.2081726207550325,0.014000464034287723,-5.500406266414626,0.3736559139784946,349,0.4297994269340974,-5.500406266414627,0.8310796263924342,19,0.5294117647058824
SPXW,"d65ret,d80,d80_zero",-999999.0,1,score_desc,d80_zero,22,2,15,False,False,False,False,False,-16.68656675036598,15.045525458455833,-16.68656675036598,105,0.4380952380952381,1.2784779753228612,4.579315170483868,0.0436125254331797,-2.3999999999999986,0.19047619047619047,102,0.45098039215686275,-2.3999999999999986,0.5459331596378941,0,0.5,135,0.4222222222222222,1.0856785025954367,1.9227552882057342,0.01424263176448692,-2.4225310215837177,0.17777777777777778,128,0.4375,-2.422531021583718,1.3002174615433957,20,0.5,372,0.4220430107526882,1.0844114654583288,4.9214619968785644,0.013229736550748829,-5.500406266414625,0.3763440860215054,349,0.4297994269340974,-5.500406266414626,0.9127094823499369,19,0.5294117647058824
SPXW,"d65ret,d80,d80_zero",-999999.0,1,score_desc,d80_zero,22,2,30,False,False,False,False,False,-16.68656675036598,16.441786735006104,-16.68656675036598,105,0.4380952380952381,1.2784779753228612,4.579315170483868,0.0436125254331797,-2.3999999999999986,0.19047619047619047,102,0.45098039215686275,-2.3999999999999986,0.5459331596378941,0,0.5,135,0.42962962962962964,1.1229706029755753,2.722755288205734,0.020168557690412845,-2.422531021583717,0.17777777777777778,128,0.4375,-2.422531021583717,1.1018250567706975,20,0.5,372,0.41935483870967744,1.0755049645798902,4.408172620755032,0.011849926399879118,-5.500406266414627,0.3736559139784946,349,0.4297994269340974,-5.500406266414629,0.9474297218178567,19,0.5294117647058824
SPXW,"d65ret,d80_front,d80_zero",0.0,1,score_desc,d65ret,22,3,15,False,False,False,False,False,-16.71809944029133,-10.717709453114358,-16.71809944029133,93,0.43010752688172044,1.2878808013412002,4.065643785477673,0.043716599843845946,-2.6999999999999984,0.20430107526881722,82,0.4268292682926829,-2.699999999999999,0.9838540243707159,0,0.5,133,0.40601503759398494,0.9455618004887738,-1.1823813493382773,-0.008890085333370506,-3.0576950097747466,0.24060150375939848,128,0.4140625,-3.057695009774746,-2.114377058974358,20,0.5,384,0.4375,1.0517493886422595,2.676183366623518,0.006969227517248745,-4.446351573572024,0.4036458333333333,344,0.4273255813953488,-4.442051555017979,1.868332365546532,19,0.47058823529411764
SPXW,"d65ret,d80_front,d80_zero",0.0,1,score_desc,d65ret,22,4,15,False,False,False,False,False,-16.71809944029133,-10.717709453114358,-16.71809944029133,93,0.43010752688172044,1.2878808013412002,4.065643785477673,0.043716599843845946,-2.6999999999999984,0.20430107526881722,82,0.4268292682926829,-2.699999999999999,0.9838540243707159,0,0.5,133,0.40601503759398494,0.9455618004887738,-1.1823813493382773,-0.008890085333370506,-3.0576950097747466,0.24060150375939848,128,0.4140625,-3.057695009774746,-2.114377058974358,20,0.5,384,0.4375,1.0517493886422595,2.676183366623518,0.006969227517248745,-4.446351573572024,0.4036458333333333,344,0.4273255813953488,-4.442051555017979,1.868332365546532,19,0.47058823529411764
SPXW,"d65ret,d80_front,d80_zero",0.0,1,score_desc,d65ret,22,3,30,False,False,False,False,False,-16.71809944029133,-10.717709453114358,-16.71809944029133,93,0.43010752688172044,1.2878808013412002,4.065643785477673,0.043716599843845946,-2.6999999999999984,0.20430107526881722,82,0.4268292682926829,-2.699999999999999,0.9838540243707159,0,0.5,133,0.40601503759398494,0.9455618004887738,-1.1823813493382773,-0.008890085333370506,-3.0576950097747466,0.24060150375939848,128,0.4140625,-3.057695009774746,-2.114377058974358,20,0.5,383,0.4386422976501306,1.0504635045288815,2.6056311438376434,0.006803214474771915,-4.378862882850255,0.402088772845953,344,0.4273255813953488,-4.37456286429621,1.9189208771260946,19,0.47058823529411764
SPXW,"d65ret,d80_front,d80_zero",0.0,1,score_desc,d65ret,22,4,30,False,False,False,False,False,-16.71809944029133,-10.717709453114358,-16.71809944029133,93,0.43010752688172044,1.2878808013412002,4.065643785477673,0.043716599843845946,-2.6999999999999984,0.20430107526881722,82,0.4268292682926829,-2.699999999999999,0.9838540243707159,0,0.5,133,0.40601503759398494,0.9455618004887738,-1.1823813493382773,-0.008890085333370506,-3.0576950097747466,0.24060150375939848,128,0.4140625,-3.057695009774746,-2.114377058974358,20,0.5,383,0.4386422976501306,1.0504635045288815,2.6056311438376434,0.006803214474771915,-4.378862882850255,0.402088772845953,344,0.4273255813953488,-4.37456286429621,1.9189208771260946,19,0.47058823529411764
SPXW,"d65ret,d80_front,d80_zero",-999999.0,1,score_desc,d65ret,22,3,15,False,False,False,False,False,-16.71809944029133,-10.717709453114358,-16.71809944029133,93,0.43010752688172044,1.2878808013412002,4.065643785477673,0.043716599843845946,-2.6999999999999984,0.20430107526881722,82,0.4268292682926829,-2.699999999999999,0.9838540243707159,0,0.5,133,0.40601503759398494,0.9455618004887738,-1.1823813493382773,-0.008890085333370506,-3.0576950097747466,0.24060150375939848,128,0.4140625,-3.057695009774746,-2.114377058974358,20,0.5,386,0.4326424870466321,1.0415210778159054,2.1679494203652565,0.005616449275557659,-4.954585519830286,0.4015544041450777,349,0.42406876790830944,-4.832967041710701,2.0244485037870903,19,0.5294117647058824
SPXW,"d65ret,d80_front,d80_zero",-999999.0,1,score_desc,d65ret,22,4,15,False,False,False,False,False,-16.71809944029133,-10.717709453114358,-16.71809944029133,93,0.43010752688172044,1.2878808013412002,4.065643785477673,0.043716599843845946,-2.6999999999999984,0.20430107526881722,82,0.4268292682926829,-2.699999999999999,0.9838540243707159,0,0.5,133,0.40601503759398494,0.9455618004887738,-1.1823813493382773,-0.008890085333370506,-3.0576950097747466,0.24060150375939848,128,0.4140625,-3.057695009774746,-2.114377058974358,20,0.5,386,0.4326424870466321,1.0415210778159054,2.1679494203652565,0.005616449275557659,-4.954585519830286,0.4015544041450777,349,0.42406876790830944,-4.832967041710701,2.0244485037870903,19,0.5294117647058824
SPXW,"d65ret,d80_front,d80_zero",0.0,1,score_desc,d65ret,22,3,0,False,False,False,False,False,-16.71809944029133,-10.668550524261114,-16.71809944029133,93,0.43010752688172044,1.2878808013412002,4.065643785477673,0.043716599843845946,-2.6999999999999984,0.20430107526881722,82,0.4268292682926829,-2.699999999999999,0.9838540243707159,0,0.5,133,0.40601503759398494,0.946506008944333,-1.1618734251643588,-0.008735890414769614,-3.0371870856008276,0.24060150375939848,128,0.4140625,-3.0371870856008276,-2.151697375853441,20,0.5,384,0.4348958333333333,1.0408271301450178,2.1235945620202896,0.005530194171927838,-4.606046796386277,0.4036458333333333,344,0.4273255813953488,-4.606046796386279,2.3544984006943546,19,0.47058823529411764
SPXW,"d65ret,d80_front,d80_zero",0.0,1,score_desc,d65ret,22,4,0,False,False,False,False,False,-16.71809944029133,-10.668550524261114,-16.71809944029133,93,0.43010752688172044,1.2878808013412002,4.065643785477673,0.043716599843845946,-2.6999999999999984,0.20430107526881722,82,0.4268292682926829,-2.699999999999999,0.9838540243707159,0,0.5,133,0.40601503759398494,0.946506008944333,-1.1618734251643588,-0.008735890414769614,-3.0371870856008276,0.24060150375939848,128,0.4140625,-3.0371870856008276,-2.151697375853441,20,0.5,384,0.4348958333333333,1.0408271301450178,2.1235945620202896,0.005530194171927838,-4.606046796386277,0.4036458333333333,344,0.4273255813953488,-4.606046796386279,2.3544984006943546,19,0.47058823529411764
SPXW,"d65ret,d80_front,d80_zero",-999999.0,1,score_desc,d65ret,22,3,30,False,False,False,False,False,-16.71809944029133,-10.717709453114358,-16.71809944029133,93,0.43010752688172044,1.2878808013412002,4.065643785477673,0.043716599843845946,-2.6999999999999984,0.20430107526881722,82,0.4268292682926829,-2.699999999999999,0.9838540243707159,0,0.5,133,0.40601503759398494,0.9455618004887738,-1.1823813493382773,-0.008890085333370506,-3.0576950097747466,0.24060150375939848,128,0.4140625,-3.057695009774746,-2.114377058974358,20,0.5,385,0.43376623376623374,1.040231739903051,2.0973971975793826,0.005447784928777617,-4.874257625963419,0.4,349,0.42406876790830944,-4.830268757421251,2.0925468792510014,19,0.5294117647058824
SPXW,"d65ret,d80_front,d80_zero",-999999.0,1,score_desc,d65ret,22,4,30,False,False,False,False,False,-16.71809944029133,-10.717709453114358,-16.71809944029133,93,0.43010752688172044,1.2878808013412002,4.065643785477673,0.043716599843845946,-2.6999999999999984,0.20430107526881722,82,0.4268292682926829,-2.699999999999999,0.9838540243707159,0,0.5,133,0.40601503759398494,0.9455618004887738,-1.1823813493382773,-0.008890085333370506,-3.0576950097747466,0.24060150375939848,128,0.4140625,-3.057695009774746,-2.114377058974358,20,0.5,385,0.43376623376623374,1.040231739903051,2.0973971975793826,0.005447784928777617,-4.874257625963419,0.4,349,0.42406876790830944,-4.830268757421251,2.0925468792510014,19,0.5294117647058824
SPXW,"d65ret,d80_front,d80_zero",-999999.0,1,score_desc,d65ret,22,3,0,False,False,False,False,False,-16.71809944029133,-10.668550524261114,-16.71809944029133,93,0.43010752688172044,1.2878808013412002,4.065643785477673,0.043716599843845946,-2.6999999999999984,0.20430107526881722,82,0.4268292682926829,-2.699999999999999,0.9838540243707159,0,0.5,133,0.40601503759398494,0.946506008944333,-1.1618734251643588,-0.008735890414769614,-3.0371870856008276,0.24060150375939848,128,0.4140625,-3.0371870856008276,-2.151697375853441,20,0.5,386,0.43005181347150256,1.0307610241906995,1.615360615762028,0.004184872061559658,-5.114280742644538,0.4015544041450777,349,0.42406876790830944,-4.996962283078998,2.716979674705093,19,0.5294117647058824
SPXW,"d65ret,d80_front,d80_zero",-999999.0,1,score_desc,d65ret,22,4,0,False,False,False,False,False,-16.71809944029133,-10.668550524261114,-16.71809944029133,93,0.43010752688172044,1.2878808013412002,4.065643785477673,0.043716599843845946,-2.6999999999999984,0.20430107526881722,82,0.4268292682926829,-2.699999999999999,0.9838540243707159,0,0.5,133,0.40601503759398494,0.946506008944333,-1.1618734251643588,-0.008735890414769614,-3.0371870856008276,0.24060150375939848,128,0.4140625,-3.0371870856008276,-2.151697375853441,20,0.5,386,0.43005181347150256,1.0307610241906995,1.615360615762028,0.004184872061559658,-5.114280742644538,0.4015544041450777,349,0.42406876790830944,-4.996962283078998,2.716979674705093,19,0.5294117647058824
SPXW,"d50ret,d65ret,d80_front",0.0,1,score_desc,d80_front,21,1,0,False,False,False,False,False,-16.71845692514482,15.141788803512856,-16.71845692514482,82,0.4634146341463415,1.2759859807711598,2.488887467521039,0.03035228618928096,-1.944031323592108,0.3048780487804878,82,0.4634146341463415,-1.944031323592108,1.004464859349398,0,0.3333333333333333,128,0.4453125,1.0436999045598516,0.7050397581169184,0.005508123110288425,-2.7811724656615335,0.2421875,128,0.4453125,-2.7811724656615335,3.545899321588924,20,0.6666666666666666,342,0.4269005847953216,1.0464668899458556,1.9104643890369046,0.005586153184318435,-4.596412394686182,0.4327485380116959,342,0.4269005847953216,-4.596412394686182,1.308582360574797,19,0.5882352941176471
SPXW,"d50ret,d65ret,d80_front",0.0,1,score_desc,d80_front,21,1,15,False,False,False,False,False,-16.71845692514482,15.141788803512856,-16.71845692514482,82,0.4634146341463415,1.2759859807711598,2.488887467521039,0.03035228618928096,-1.944031323592108,0.3048780487804878,82,0.4634146341463415,-1.944031323592108,1.004464859349398,0,0.3333333333333333,128,0.4453125,1.0436999045598516,0.7050397581169184,0.005508123110288425,-2.7811724656615335,0.2421875,128,0.4453125,-2.7811724656615335,3.545899321588924,20,0.6666666666666666,342,0.4269005847953216,1.0464668899458556,1.9104643890369046,0.005586153184318435,-4.596412394686182,0.4327485380116959,342,0.4269005847953216,-4.596412394686182,1.308582360574797,19,0.5882352941176471
SPXW,"d50ret,d65ret,d80_front",0.0,1,score_desc,d80_front,21,1,30,False,False,False,False,False,-16.71845692514482,15.141788803512856,-16.71845692514482,82,0.4634146341463415,1.2759859807711598,2.488887467521039,0.03035228618928096,-1.944031323592108,0.3048780487804878,82,0.4634146341463415,-1.944031323592108,1.004464859349398,0,0.3333333333333333,128,0.4453125,1.0436999045598516,0.7050397581169184,0.005508123110288425,-2.7811724656615335,0.2421875,128,0.4453125,-2.7811724656615335,3.545899321588924,20,0.6666666666666666,342,0.4269005847953216,1.0464668899458556,1.9104643890369046,0.005586153184318435,-4.596412394686182,0.4327485380116959,342,0.4269005847953216,-4.596412394686182,1.308582360574797,19,0.5882352941176471
SPXW,"d50ret,d65ret,d80_front",-999999.0,1,score_desc,d80_front,21,1,0,False,False,False,False,False,-16.71845692514482,15.141788803512856,-16.71845692514482,82,0.4634146341463415,1.2759859807711598,2.488887467521039,0.03035228618928096,-1.944031323592108,0.3048780487804878,82,0.4634146341463415,-1.944031323592108,1.004464859349398,0,0.3333333333333333,128,0.4453125,1.0436999045598516,0.7050397581169184,0.005508123110288425,-2.7811724656615335,0.2421875,128,0.4453125,-2.7811724656615335,3.545899321588924,20,0.6666666666666666,350,0.4257142857142857,1.0376508854635618,1.5990603410927635,0.00456874383169361,-4.849857365526585,0.42857142857142855,350,0.4257142857142857,-4.849857365526585,1.563418174883603,19,0.5882352941176471
SPXW,"d50ret,d65ret,d80_front",-999999.0,1,score_desc,d80_front,21,1,15,False,False,False,False,False,-16.71845692514482,15.141788803512856,-16.71845692514482,82,0.4634146341463415,1.2759859807711598,2.488887467521039,0.03035228618928096,-1.944031323592108,0.3048780487804878,82,0.4634146341463415,-1.944031323592108,1.004464859349398,0,0.3333333333333333,128,0.4453125,1.0436999045598516,0.7050397581169184,0.005508123110288425,-2.7811724656615335,0.2421875,128,0.4453125,-2.7811724656615335,3.545899321588924,20,0.6666666666666666,350,0.4257142857142857,1.0376508854635618,1.5990603410927635,0.00456874383169361,-4.849857365526585,0.42857142857142855,350,0.4257142857142857,-4.849857365526585,1.563418174883603,19,0.5882352941176471
SPXW,"d50ret,d65ret,d80_front",-999999.0,1,score_desc,d80_front,21,1,30,False,False,False,False,False,-16.71845692514482,15.141788803512856,-16.71845692514482,82,0.4634146341463415,1.2759859807711598,2.488887467521039,0.03035228618928096,-1.944031323592108,0.3048780487804878,82,0.4634146341463415,-1.944031323592108,1.004464859349398,0,0.3333333333333333,128,0.4453125,1.0436999045598516,0.7050397581169184,0.005508123110288425,-2.7811724656615335,0.2421875,128,0.4453125,-2.7811724656615335,3.545899321588924,20,0.6666666666666666,350,0.4257142857142857,1.0376508854635618,1.5990603410927635,0.00456874383169361,-4.849857365526585,0.42857142857142855,350,0.4257142857142857,-4.849857365526585,1.563418174883603,19,0.5882352941176471
SPXW,"d65ret,d80",0.0,1,score_desc,d80_front,22,1,0,False,False,False,False,False,-16.733681036076227,16.65158813847393,-16.733681036076227,102,0.4803921568627451,1.247968808568744,2.8603555880351053,0.028042701843481423,-2.076334843901635,0.2549019607843137,102,0.4803921568627451,-2.076334843901635,0.8740172062723683,0,0.5,128,0.4375,1.0936989168117577,1.493748173507803,0.011669907605529712,-2.4229759338177708,0.203125,128,0.4375,-2.4229759338177708,1.6736422138205482,20,0.8333333333333334,349,0.44126074498567336,1.1108347507175407,4.633357136349893,0.013276094946561299,-3.578443796321469,0.4154727793696275,349,0.44126074498567336,-3.578443796321469,0.539565573391019,19,0.7058823529411765
SPXW,"d65ret,d80",0.0,1,score_desc,d80_front,22,1,15,False,False,False,False,False,-16.733681036076227,16.65158813847393,-16.733681036076227,102,0.4803921568627451,1.247968808568744,2.8603555880351053,0.028042701843481423,-2.076334843901635,0.2549019607843137,102,0.4803921568627451,-2.076334843901635,0.8740172062723683,0,0.5,128,0.4375,1.0936989168117577,1.493748173507803,0.011669907605529712,-2.4229759338177708,0.203125,128,0.4375,-2.4229759338177708,1.6736422138205482,20,0.8333333333333334,349,0.44126074498567336,1.1108347507175407,4.633357136349893,0.013276094946561299,-3.578443796321469,0.4154727793696275,349,0.44126074498567336,-3.578443796321469,0.539565573391019,19,0.7058823529411765
SPXW,"d65ret,d80",0.0,1,score_desc,d80_front,22,1,30,False,False,False,False,False,-16.733681036076227,16.65158813847393,-16.733681036076227,102,0.4803921568627451,1.247968808568744,2.8603555880351053,0.028042701843481423,-2.076334843901635,0.2549019607843137,102,0.4803921568627451,-2.076334843901635,0.8740172062723683,0,0.5,128,0.4375,1.0936989168117577,1.493748173507803,0.011669907605529712,-2.4229759338177708,0.203125,128,0.4375,-2.4229759338177708,1.6736422138205482,20,0.8333333333333334,349,0.44126074498567336,1.1108347507175407,4.633357136349893,0.013276094946561299,-3.578443796321469,0.4154727793696275,349,0.44126074498567336,-3.578443796321469,0.539565573391019,19,0.7058823529411765
SPXW,"d65ret,d80",-999999.0,1,score_desc,d80_front,22,1,0,False,False,False,False,False,-16.733681036076227,16.65158813847393,-16.733681036076227,102,0.4803921568627451,1.247968808568744,2.8603555880351053,0.028042701843481423,-2.076334843901635,0.2549019607843137,102,0.4803921568627451,-2.076334843901635,0.8740172062723683,0,0.5,128,0.4375,1.0936989168117577,1.493748173507803,0.011669907605529712,-2.4229759338177708,0.203125,128,0.4375,-2.4229759338177708,1.6736422138205482,20,0.8333333333333334,350,0.4342857142857143,1.0565057782068026,2.4292698707345624,0.0069407710592416065,-3.5784437963214697,0.41714285714285715,350,0.4342857142857143,-3.5784437963214697,1.0291157973502756,19,0.6470588235294118
SPXW,"d65ret,d80",-999999.0,1,score_desc,d80_front,22,1,15,False,False,False,False,False,-16.733681036076227,16.65158813847393,-16.733681036076227,102,0.4803921568627451,1.247968808568744,2.8603555880351053,0.028042701843481423,-2.076334843901635,0.2549019607843137,102,0.4803921568627451,-2.076334843901635,0.8740172062723683,0,0.5,128,0.4375,1.0936989168117577,1.493748173507803,0.011669907605529712,-2.4229759338177708,0.203125,128,0.4375,-2.4229759338177708,1.6736422138205482,20,0.8333333333333334,350,0.4342857142857143,1.0565057782068026,2.4292698707345624,0.0069407710592416065,-3.5784437963214697,0.41714285714285715,350,0.4342857142857143,-3.5784437963214697,1.0291157973502756,19,0.6470588235294118
SPXW,"d65ret,d80",-999999.0,1,score_desc,d80_front,22,1,30,False,False,False,False,False,-16.733681036076227,16.65158813847393,-16.733681036076227,102,0.4803921568627451,1.247968808568744,2.8603555880351053,0.028042701843481423,-2.076334843901635,0.2549019607843137,102,0.4803921568627451,-2.076334843901635,0.8740172062723683,0,0.5,128,0.4375,1.0936989168117577,1.493748173507803,0.011669907605529712,-2.4229759338177708,0.203125,128,0.4375,-2.4229759338177708,1.6736422138205482,20,0.8333333333333334,350,0.4342857142857143,1.0565057782068026,2.4292698707345624,0.0069407710592416065,-3.5784437963214697,0.41714285714285715,350,0.4342857142857143,-3.5784437963214697,1.0291157973502756,19,0.6470588235294118
SPXW,"d50ret,d80",0.0,1,score_desc,d50ret,21,2,30,False,False,False,False,False,-16.745374448531656,24.29256612307234,-16.745374448531656,63,0.47619047619047616,1.2654767266722704,2.570677099470383,0.04080439840429179,-1.9,0.20634920634920634,61,0.4918032786885246,-1.9,0.9725064266200746,0,0.3333333333333333,136,0.49264705882352944,1.4204879102366639,8.481549500012811,0.062364334558917725,-2.9820592432616495,0.14705882352941177,122,0.4918032786885246,-2.700000000000001,0.47161193836031473,20,0.5,371,0.42587601078167114,1.1351542862676893,7.209376635583614,0.019432282036613516,-3.3409551935602524,0.3692722371967655,336,0.4375,-3.3409551935602524,0.4918792483256365,17,0.5882352941176471
SPXW,"d50ret,d80",-999999.0,1,score_desc,d50ret,21,2,15,False,False,False,False,False,-16.745374448531656,24.391274709230863,-16.745374448531656,63,0.47619047619047616,1.2654767266722704,2.570677099470383,0.04080439840429179,-1.9,0.20634920634920634,61,0.4918032786885246,-1.9,0.9725064266200746,0,0.3333333333333333,136,0.4852941176470588,1.3975033028366035,8.007221824847047,0.05887663106505182,-2.4833333333333396,0.16176470588235295,127,0.47244094488188976,-2.483333333333338,0.4371054126587603,20,0.6666666666666666,376,0.42819148936170215,1.1295531839583104,7.00967393986463,0.018642749840065507,-3.525241694505966,0.35638297872340424,348,0.4339080459770115,-3.525241694505966,0.4345626895829766,19,0.5882352941176471
SPXW,"d50ret,d80",-999999.0,1,score_desc,d50ret,21,2,30,False,False,False,False,False,-16.745374448531656,24.391274709230863,-16.745374448531656,63,0.47619047619047616,1.2654767266722704,2.570677099470383,0.04080439840429179,-1.9,0.20634920634920634,61,0.4918032786885246,-1.9,0.9725064266200746,0,0.3333333333333333,136,0.4852941176470588,1.3975033028366035,8.007221824847047,0.05887663106505182,-2.4833333333333396,0.16176470588235295,127,0.47244094488188976,-2.483333333333338,0.4371054126587603,20,0.6666666666666666,376,0.42819148936170215,1.1295531839583104,7.00967393986463,0.018642749840065507,-3.525241694505966,0.35904255319148937,348,0.4339080459770115,-3.525241694505966,0.4345626895829766,19,0.5882352941176471
SPXW,"d50ret,d80",0.0,1,score_desc,d50ret,21,3,30,False,False,False,False,False,-16.745374448531656,24.29256612307234,-16.745374448531656,63,0.47619047619047616,1.2654767266722704,2.570677099470383,0.04080439840429179,-1.9,0.20634920634920634,61,0.47540983606557374,-1.9,0.9725064266200746,0,0.3333333333333333,136,0.49264705882352944,1.4204879102366639,8.481549500012811,0.062364334558917725,-2.9820592432616495,0.14705882352941177,122,0.4918032786885246,-2.700000000000001,0.47161193836031473,20,0.5,371,0.42587601078167114,1.1290533885248804,6.921141341465967,0.01865536749721285,-3.340955193560253,0.3665768194070081,336,0.43452380952380953,-3.340955193560253,0.5123638696932269,17,0.5882352941176471
SPXW,"d50ret,d80",0.0,1,score_desc,d50ret,21,4,30,False,False,False,False,False,-16.745374448531656,24.29256612307234,-16.745374448531656,63,0.47619047619047616,1.2654767266722704,2.570677099470383,0.04080439840429179,-1.9,0.20634920634920634,61,0.47540983606557374,-1.9,0.9725064266200746,0,0.3333333333333333,136,0.49264705882352944,1.4204879102366639,8.481549500012811,0.062364334558917725,-2.9820592432616495,0.14705882352941177,122,0.4918032786885246,-2.700000000000001,0.47161193836031473,20,0.5,371,0.42587601078167114,1.1290533885248804,6.921141341465967,0.01865536749721285,-3.340955193560253,0.3665768194070081,336,0.43452380952380953,-3.340955193560253,0.5123638696932269,17,0.5882352941176471
SPXW,"d50ret,d80",0.0,1,score_desc,d50ret,21,2,15,False,False,False,False,False,-16.745374448531656,24.29256612307234,-16.745374448531656,63,0.47619047619047616,1.2654767266722704,2.570677099470383,0.04080439840429179,-1.9,0.20634920634920634,61,0.4918032786885246,-1.9,0.9725064266200746,0,0.3333333333333333,136,0.49264705882352944,1.4204879102366639,8.481549500012811,0.062364334558917725,-2.9820592432616495,0.14705882352941177,122,0.4918032786885246,-2.700000000000001,0.47161193836031473,20,0.5,372,0.42473118279569894,1.1288057649512762,6.909376635583614,0.018573593106407566,-3.3409551935602524,0.3682795698924731,336,0.4375,-3.3409551935602524,0.5132362798323183,17,0.5882352941176471
SPXW,"d50ret,d80",-999999.0,1,score_desc,d50ret,21,2,0,False,False,False,False,False,-16.745374448531656,24.391274709230863,-16.745374448531656,63,0.47619047619047616,1.2654767266722704,2.570677099470383,0.04080439840429179,-1.9,0.20634920634920634,61,0.4918032786885246,-1.9,0.9725064266200746,0,0.3333333333333333,136,0.4852941176470588,1.3975033028366035,8.007221824847047,0.05887663106505182,-2.4833333333333396,0.16176470588235295,127,0.47244094488188976,-2.483333333333338,0.4371054126587603,20,0.6666666666666666,376,0.42819148936170215,1.1258681292841781,6.8325790064910334,0.018171752676837856,-3.525241694505966,0.35106382978723405,348,0.4339080459770115,-3.525241694505966,0.44582620376777216,19,0.5882352941176471
SPXW,"d50ret,d80",-999999.0,1,score_desc,d50ret,21,3,15,False,False,False,False,False,-16.745374448531656,24.391274709230863,-16.745374448531656,63,0.47619047619047616,1.2654767266722704,2.570677099470383,0.04080439840429179,-1.9,0.20634920634920634,61,0.47540983606557374,-1.9,0.9725064266200746,0,0.3333333333333333,136,0.4852941176470588,1.3975033028366035,8.007221824847047,0.05887663106505182,-2.4833333333333396,0.16176470588235295,127,0.47244094488188976,-2.483333333333338,0.4371054126587603,20,0.6666666666666666,376,0.42819148936170215,1.1235677355452505,6.721438645746984,0.017876166611029212,-3.5252416945059664,0.3537234042553192,348,0.43103448275862066,-3.5252416945059664,0.4531980310992993,19,0.5882352941176471
SPXW,"d50ret,d80",-999999.0,1,score_desc,d50ret,21,3,30,False,False,False,False,False,-16.745374448531656,24.391274709230863,-16.745374448531656,63,0.47619047619047616,1.2654767266722704,2.570677099470383,0.04080439840429179,-1.9,0.20634920634920634,61,0.47540983606557374,-1.9,0.9725064266200746,0,0.3333333333333333,136,0.4852941176470588,1.3975033028366035,8.007221824847047,0.05887663106505182,-2.4833333333333396,0.16176470588235295,127,0.47244094488188976,-2.483333333333338,0.4371054126587603,20,0.6666666666666666,376,0.42819148936170215,1.1235677355452505,6.721438645746984,0.017876166611029212,-3.5252416945059664,0.35638297872340424,348,0.43103448275862066,-3.5252416945059664,0.4531980310992993,19,0.5882352941176471
SPXW,"d50ret,d80",-999999.0,1,score_desc,d50ret,21,4,15,False,False,False,False,False,-16.745374448531656,24.391274709230863,-16.745374448531656,63,0.47619047619047616,1.2654767266722704,2.570677099470383,0.04080439840429179,-1.9,0.20634920634920634,61,0.47540983606557374,-1.9,0.9725064266200746,0,0.3333333333333333,136,0.4852941176470588,1.3975033028366035,8.007221824847047,0.05887663106505182,-2.4833333333333396,0.16176470588235295,127,0.47244094488188976,-2.483333333333338,0.4371054126587603,20,0.6666666666666666,376,0.42819148936170215,1.1235677355452505,6.721438645746984,0.017876166611029212,-3.5252416945059664,0.3537234042553192,348,0.43103448275862066,-3.5252416945059664,0.4531980310992993,19,0.5882352941176471
SPXW,"d50ret,d80",-999999.0,1,score_desc,d50ret,21,4,30,False,False,False,False,False,-16.745374448531656,24.391274709230863,-16.745374448531656,63,0.47619047619047616,1.2654767266722704,2.570677099470383,0.04080439840429179,-1.9,0.20634920634920634,61,0.47540983606557374,-1.9,0.9725064266200746,0,0.3333333333333333,136,0.4852941176470588,1.3975033028366035,8.007221824847047,0.05887663106505182,-2.4833333333333396,0.16176470588235295,127,0.47244094488188976,-2.483333333333338,0.4371054126587603,20,0.6666666666666666,376,0.42819148936170215,1.1235677355452505,6.721438645746984,0.017876166611029212,-3.5252416945059664,0.35638297872340424,348,0.43103448275862066,-3.5252416945059664,0.4531980310992993,19,0.5882352941176471
SPXW,"d50ret,d80",0.0,1,score_desc,d50ret,21,3,15,False,False,False,False,False,-16.745374448531656,24.29256612307234,-16.745374448531656,63,0.47619047619047616,1.2654767266722704,2.570677099470383,0.04080439840429179,-1.9,0.20634920634920634,61,0.47540983606557374,-1.9,0.9725064266200746,0,0.3333333333333333,136,0.49264705882352944,1.4204879102366639,8.481549500012811,0.062364334558917725,-2.9820592432616495,0.14705882352941177,122,0.4918032786885246,-2.700000000000001,0.47161193836031473,20,0.5,372,0.42473118279569894,1.1227727354258628,6.621141341465967,0.017798767046951526,-3.340955193560253,0.3655913978494624,336,0.43452380952380953,-3.340955193560253,0.5355787737378422,17,0.5882352941176471
SPXW,"d50ret,d80",0.0,1,score_desc,d50ret,21,4,15,False,False,False,False,False,-16.745374448531656,24.29256612307234,-16.745374448531656,63,0.47619047619047616,1.2654767266722704,2.570677099470383,0.04080439840429179,-1.9,0.20634920634920634,61,0.47540983606557374,-1.9,0.9725064266200746,0,0.3333333333333333,136,0.49264705882352944,1.4204879102366639,8.481549500012811,0.062364334558917725,-2.9820592432616495,0.14705882352941177,122,0.4918032786885246,-2.700000000000001,0.47161193836031473,20,0.5,372,0.42473118279569894,1.1227727354258628,6.621141341465967,0.017798767046951526,-3.340955193560253,0.3655913978494624,336,0.43452380952380953,-3.340955193560253,0.5355787737378422,17,0.5882352941176471
SPXW,"d50ret,d80",-999999.0,1,score_desc,d50ret,21,3,0,False,False,False,False,False,-16.745374448531656,24.391274709230863,-16.745374448531656,63,0.47619047619047616,1.2654767266722704,2.570677099470383,0.04080439840429179,-1.9,0.20634920634920634,61,0.47540983606557374,-1.9,0.9725064266200746,0,0.3333333333333333,136,0.4852941176470588,1.3975033028366035,8.007221824847047,0.05887663106505182,-2.4833333333333396,0.16176470588235295,127,0.47244094488188976,-2.483333333333338,0.4371054126587603,20,0.6666666666666666,376,0.42819148936170215,1.1199215682241455,6.5443437123733865,0.01740516944780156,-3.5252416945059664,0.3484042553191489,348,0.43103448275862066,-3.5252416945059664,0.46546191555433336,19,0.5882352941176471
SPXW,"d50ret,d80",-999999.0,1,score_desc,d50ret,21,4,0,False,False,False,False,False,-16.745374448531656,24.391274709230863,-16.745374448531656,63,0.47619047619047616,1.2654767266722704,2.570677099470383,0.04080439840429179,-1.9,0.20634920634920634,61,0.47540983606557374,-1.9,0.9725064266200746,0,0.3333333333333333,136,0.4852941176470588,1.3975033028366035,8.007221824847047,0.05887663106505182,-2.4833333333333396,0.16176470588235295,127,0.47244094488188976,-2.483333333333338,0.4371054126587603,20,0.6666666666666666,376,0.42819148936170215,1.1199215682241455,6.5443437123733865,0.01740516944780156,-3.5252416945059664,0.3484042553191489,348,0.43103448275862066,-3.5252416945059664,0.46546191555433336,19,0.5882352941176471
SPXW,"d50ret,d80",0.0,1,score_desc,d50ret,21,2,0,False,False,False,False,False,-16.745374448531656,24.29256612307234,-16.745374448531656,63,0.47619047619047616,1.2654767266722704,2.570677099470383,0.04080439840429179,-1.9,0.20634920634920634,61,0.4918032786885246,-1.9,0.9725064266200746,0,0.3333333333333333,136,0.49264705882352944,1.4204879102366639,8.481549500012811,0.062364334558917725,-2.9820592432616495,0.14705882352941177,122,0.4918032786885246,-2.700000000000001,0.47161193836031473,20,0.5,373,0.42359249329758714,1.1099417241786833,5.964501521372891,0.015990620700731612,-3.340955193560253,0.35924932975871315,334,0.44011976047904194,-3.340955193560253,0.5107120434946459,17,0.5882352941176471
SPXW,"d50ret,d80",0.0,1,score_desc,d50ret,21,3,0,False,False,False,False,False,-16.745374448531656,24.29256612307234,-16.745374448531656,63,0.47619047619047616,1.2654767266722704,2.570677099470383,0.04080439840429179,-1.9,0.20634920634920634,61,0.47540983606557374,-1.9,0.9725064266200746,0,0.3333333333333333,136,0.49264705882352944,1.4204879102366639,8.481549500012811,0.062364334558917725,-2.9820592432616495,0.14705882352941177,122,0.4918032786885246,-2.700000000000001,0.47161193836031473,20,0.5,373,0.42359249329758714,1.1040758269487179,5.676266227255245,0.015217871922936313,-3.340955193560253,0.35656836461126007,334,0.437125748502994,-3.340955193560253,0.5366455057694209,17,0.5882352941176471
SPXW,"d50ret,d80",0.0,1,score_desc,d50ret,21,4,0,False,False,False,False,False,-16.745374448531656,24.29256612307234,-16.745374448531656,63,0.47619047619047616,1.2654767266722704,2.570677099470383,0.04080439840429179,-1.9,0.20634920634920634,61,0.47540983606557374,-1.9,0.9725064266200746,0,0.3333333333333333,136,0.49264705882352944,1.4204879102366639,8.481549500012811,0.062364334558917725,-2.9820592432616495,0.14705882352941177,122,0.4918032786885246,-2.700000000000001,0.47161193836031473,20,0.5,373,0.42359249329758714,1.1040758269487179,5.676266227255245,0.015217871922936313,-3.340955193560253,0.35656836461126007,334,0.437125748502994,-3.340955193560253,0.5366455057694209,17,0.5882352941176471
SPXW,"d50ret,d80,d80_front",0.0,1,score_desc,d50ret,21,2,15,False,False,False,False,False,-16.750235313183794,23.815767589185686,-16.750235313183794,91,0.4725274725274725,1.2539110188057758,2.8447865937257784,0.03126139113984372,-1.9,0.1978021978021978,89,0.48314606741573035,-1.9,0.8788005418451386,0,0.5,136,0.4852941176470588,1.408718674246525,8.112443917243919,0.059650322920911165,-2.9777454259441907,0.1323529411764706,125,0.48,-2.977745425944189,0.43143595637812093,20,0.5,378,0.4603174603174603,1.254040414808216,12.701858747010347,0.03360280091801679,-2.8247424232854836,0.335978835978836,344,0.4622093023255814,-2.82474242328548,0.27871034873394807,19,0.8823529411764706
SPXW,"d50ret,d80,d80_front",0.0,1,score_desc,d50ret,21,2,0,False,False,False,False,False,-16.750235313183794,23.815767589185686,-16.750235313183794,91,0.4725274725274725,1.2539110188057758,2.8447865937257784,0.03126139113984372,-1.9,0.1978021978021978,89,0.48314606741573035,-1.9,0.8788005418451386,0,0.5,136,0.4852941176470588,1.408718674246525,8.112443917243919,0.059650322920911165,-2.9777454259441907,0.1323529411764706,125,0.48,-2.977745425944189,0.43143595637812093,20,0.5,379,0.46174142480211083,1.2472873876991557,12.474599207756487,0.03291450978299865,-2.8247424232854836,0.32981530343007914,344,0.4680232558139535,-2.82474242328548,0.2837878333395598,19,0.8823529411764706
SPXW,"d50ret,d80,d80_front",0.0,1,score_desc,d50ret,21,2,30,False,False,False,False,False,-16.750235313183794,23.815767589185686,-16.750235313183794,91,0.4725274725274725,1.2539110188057758,2.8447865937257784,0.03126139113984372,-1.9,0.1978021978021978,89,0.48314606741573035,-1.9,0.8788005418451386,0,0.5,136,0.4852941176470588,1.408718674246525,8.112443917243919,0.059650322920911165,-2.9777454259441907,0.1323529411764706,125,0.48,-2.977745425944189,0.43143595637812093,20,0.5,378,0.4576719576719577,1.2450199483100395,12.324347158655833,0.032604093012317016,-2.8247424232854836,0.335978835978836,344,0.45930232558139533,-2.82474242328548,0.2872476274300854,19,0.8823529411764706
SPXW,"d50ret,d80,d80_front",0.0,1,score_desc,d50ret,21,3,15,False,False,False,False,False,-16.750235313183794,23.815767589185686,-16.750235313183794,91,0.4725274725274725,1.2539110188057758,2.8447865937257784,0.03126139113984372,-1.9,0.1978021978021978,89,0.47191011235955055,-1.9,0.8788005418451386,0,0.5,136,0.4852941176470588,1.408718674246525,8.112443917243919,0.059650322920911165,-2.9777454259441907,0.1323529411764706,125,0.48,-2.977745425944189,0.43143595637812093,20,0.5,378,0.4603174603174603,1.244129334755422,12.276677754953539,0.032477983478713064,-2.8247424232854836,0.3333333333333333,344,0.45930232558139533,-2.82474242328548,0.2883629880665545,19,0.8823529411764706
SPXW,"d50ret,d80,d80_front",0.0,1,score_desc,d50ret,21,4,15,False,False,False,False,False,-16.750235313183794,23.815767589185686,-16.750235313183794,91,0.4725274725274725,1.2539110188057758,2.8447865937257784,0.03126139113984372,-1.9,0.1978021978021978,89,0.47191011235955055,-1.9,0.8788005418451386,0,0.5,136,0.4852941176470588,1.408718674246525,8.112443917243919,0.059650322920911165,-2.9777454259441907,0.1323529411764706,125,0.48,-2.977745425944189,0.43143595637812093,20,0.5,378,0.4603174603174603,1.244129334755422,12.276677754953539,0.032477983478713064,-2.8247424232854836,0.3333333333333333,344,0.45930232558139533,-2.82474242328548,0.2883629880665545,19,0.8823529411764706
SPXW,"d50ret,d80,d80_front",0.0,1,score_desc,d50ret,21,3,0,False,False,False,False,False,-16.750235313183794,23.815767589185686,-16.750235313183794,91,0.4725274725274725,1.2539110188057758,2.8447865937257784,0.03126139113984372,-1.9,0.1978021978021978,89,0.47191011235955055,-1.9,0.8788005418451386,0,0.5,136,0.4852941176470588,1.408718674246525,8.112443917243919,0.059650322920911165,-2.9777454259441907,0.1323529411764706,125,0.48,-2.977745425944189,0.43143595637812093,20,0.5,379,0.46174142480211083,1.2375018783616887,12.04941821569968,0.031792660199735305,-2.8247424232854836,0.32717678100263853,344,0.46511627906976744,-2.82474242328548,0.2938016937893325,19,0.8823529411764706
SPXW,"d50ret,d80,d80_front",0.0,1,score_desc,d50ret,21,4,0,False,False,False,False,False,-16.750235313183794,23.815767589185686,-16.750235313183794,91,0.4725274725274725,1.2539110188057758,2.8447865937257784,0.03126139113984372,-1.9,0.1978021978021978,89,0.47191011235955055,-1.9,0.8788005418451386,0,0.5,136,0.4852941176470588,1.408718674246525,8.112443917243919,0.059650322920911165,-2.9777454259441907,0.1323529411764706,125,0.48,-2.977745425944189,0.43143595637812093,20,0.5,379,0.46174142480211083,1.2375018783616887,12.04941821569968,0.031792660199735305,-2.8247424232854836,0.32717678100263853,344,0.46511627906976744,-2.82474242328548,0.2938016937893325,19,0.8823529411764706
SPXW,"d50ret,d80,d80_front",0.0,1,score_desc,d50ret,21,3,30,False,False,False,False,False,-16.750235313183794,23.815767589185686,-16.750235313183794,91,0.4725274725274725,1.2539110188057758,2.8447865937257784,0.03126139113984372,-1.9,0.1978021978021978,89,0.47191011235955055,-1.9,0.8788005418451386,0,0.5,136,0.4852941176470588,1.408718674246525,8.112443917243919,0.059650322920911165,-2.9777454259441907,0.1323529411764706,125,0.48,-2.977745425944189,0.43143595637812093,20,0.5,378,0.4576719576719577,1.2352190403367973,11.899166166599027,0.0314792755730133,-2.8247424232854836,0.3333333333333333,344,0.4563953488372093,-2.82474242328548,0.2975115593297435,19,0.8823529411764706
SPXW,"d50ret,d80,d80_front",0.0,1,score_desc,d50ret,21,4,30,False,False,False,False,False,-16.750235313183794,23.815767589185686,-16.750235313183794,91,0.4725274725274725,1.2539110188057758,2.8447865937257784,0.03126139113984372,-1.9,0.1978021978021978,89,0.47191011235955055,-1.9,0.8788005418451386,0,0.5,136,0.4852941176470588,1.408718674246525,8.112443917243919,0.059650322920911165,-2.9777454259441907,0.1323529411764706,125,0.48,-2.977745425944189,0.43143595637812093,20,0.5,378,0.4576719576719577,1.2352190403367973,11.899166166599027,0.0314792755730133,-2.8247424232854836,0.3333333333333333,344,0.4563953488372093,-2.82474242328548,0.2975115593297435,19,0.8823529411764706
SPXW,"d65ret,d80,d80_zero",0.0,1,score_desc,d80_front,21,2,0,False,False,False,False,False,-16.833642503309672,16.169290594629683,-16.833642503309672,110,0.43636363636363634,1.2714032710549559,4.503907700852823,0.04094461546229839,-2.5688885382808935,0.20909090909090908,102,0.45098039215686275,-2.5688885382808935,0.6662460952547659,0,0.5,137,0.4306569343065693,1.108040318933349,2.3340582271415276,0.017036921365996553,-2.412810195787073,0.18248175182481752,128,0.421875,-2.412810195787074,1.0710958154037562,21,0.5,379,0.43007915567282323,1.1062641885904332,5.8451214625386,0.015422484070022691,-3.565060605063769,0.36939313984168864,342,0.41812865497076024,-3.565060605063769,0.6546249457575932,20,0.5882352941176471
SPXW,"d65ret,d80,d80_zero",0.0,1,score_desc,d80_front,21,3,0,False,False,False,False,False,-16.833642503309672,16.169290594629683,-16.833642503309672,110,0.43636363636363634,1.2714032710549559,4.503907700852823,0.04094461546229839,-2.5688885382808935,0.20909090909090908,102,0.45098039215686275,-2.5688885382808935,0.6662460952547659,0,0.5,137,0.4306569343065693,1.108040318933349,2.3340582271415276,0.017036921365996553,-2.412810195787073,0.18248175182481752,128,0.421875,-2.412810195787074,1.0710958154037562,21,0.5,379,0.43007915567282323,1.0995182337885752,5.507641803913442,0.014532036421935204,-3.5650606050637696,0.36939313984168864,342,0.4152046783625731,-3.5650606050637696,0.694736959408301,20,0.5882352941176471
SPXW,"d65ret,d80,d80_zero",0.0,1,score_desc,d80_front,21,4,0,False,False,False,False,False,-16.833642503309672,16.169290594629683,-16.833642503309672,110,0.43636363636363634,1.2714032710549559,4.503907700852823,0.04094461546229839,-2.5688885382808935,0.20909090909090908,102,0.45098039215686275,-2.5688885382808935,0.6662460952547659,0,0.5,137,0.4306569343065693,1.108040318933349,2.3340582271415276,0.017036921365996553,-2.412810195787073,0.18248175182481752,128,0.421875,-2.412810195787074,1.0710958154037562,21,0.5,379,0.43007915567282323,1.0995182337885752,5.507641803913442,0.014532036421935204,-3.5650606050637696,0.36939313984168864,342,0.4152046783625731,-3.5650606050637696,0.694736959408301,20,0.5882352941176471
SPXW,"d65ret,d80,d80_zero",0.0,1,score_desc,d80_front,21,2,30,False,False,False,False,False,-16.833642503309672,16.169290594629683,-16.833642503309672,110,0.43636363636363634,1.2714032710549559,4.503907700852823,0.04094461546229839,-2.5688885382808935,0.20909090909090908,102,0.45098039215686275,-2.5688885382808935,0.6662460952547659,0,0.5,137,0.4306569343065693,1.108040318933349,2.3340582271415276,0.017036921365996553,-2.412810195787073,0.18248175182481752,128,0.421875,-2.412810195787074,1.0710958154037562,21,0.5,377,0.4270557029177719,1.091092957840582,4.933382969571737,0.013085896471012564,-3.808134086918934,0.3713527851458886,343,0.4198250728862974,-3.808134086918934,0.7017318594359307,20,0.6470588235294118
SPXW,"d65ret,d80,d80_zero",0.0,1,score_desc,d80_front,21,2,15,False,False,False,False,False,-16.833642503309672,16.169290594629683,-16.833642503309672,110,0.43636363636363634,1.2714032710549559,4.503907700852823,0.04094461546229839,-2.5688885382808935,0.20909090909090908,102,0.45098039215686275,-2.5688885382808935,0.6662460952547659,0,0.5,137,0.4306569343065693,1.108040318933349,2.3340582271415276,0.017036921365996553,-2.412810195787073,0.18248175182481752,128,0.421875,-2.412810195787074,1.0710958154037562,21,0.5,379,0.42480211081794195,1.0865270172519301,4.750915340638928,0.012535396677147566,-3.6707505652416934,0.36939313984168864,342,0.41812865497076024,-3.6707505652416934,0.8053947599593062,20,0.5882352941176471
SPXW,"d65ret,d80,d80_zero",0.0,1,score_desc,d80_front,21,3,30,False,False,False,False,False,-16.833642503309672,16.169290594629683,-16.833642503309672,110,0.43636363636363634,1.2714032710549559,4.503907700852823,0.04094461546229839,-2.5688885382808935,0.20909090909090908,102,0.45098039215686275,-2.5688885382808935,0.6662460952547659,0,0.5,137,0.4306569343065693,1.108040318933349,2.3340582271415276,0.017036921365996553,-2.412810195787073,0.18248175182481752,128,0.421875,-2.412810195787074,1.0710958154037562,21,0.5,377,0.4270557029177719,1.0843359962523795,4.595903310946579,0.01219072496272302,-3.8081340869189337,0.3713527851458886,343,0.41690962099125367,-3.8081340869189337,0.7532604083078737,20,0.6470588235294118
SPXW,"d65ret,d80,d80_zero",0.0,1,score_desc,d80_front,21,4,30,False,False,False,False,False,-16.833642503309672,16.169290594629683,-16.833642503309672,110,0.43636363636363634,1.2714032710549559,4.503907700852823,0.04094461546229839,-2.5688885382808935,0.20909090909090908,102,0.45098039215686275,-2.5688885382808935,0.6662460952547659,0,0.5,137,0.4306569343065693,1.108040318933349,2.3340582271415276,0.017036921365996553,-2.412810195787073,0.18248175182481752,128,0.421875,-2.412810195787074,1.0710958154037562,21,0.5,377,0.4270557029177719,1.0843359962523795,4.595903310946579,0.01219072496272302,-3.8081340869189337,0.3713527851458886,343,0.41690962099125367,-3.8081340869189337,0.7532604083078737,20,0.6470588235294118
SPXW,"d65ret,d80,d80_zero",0.0,1,score_desc,d80_front,21,3,15,False,False,False,False,False,-16.833642503309672,16.169290594629683,-16.833642503309672,110,0.43636363636363634,1.2714032710549559,4.503907700852823,0.04094461546229839,-2.5688885382808935,0.20909090909090908,102,0.45098039215686275,-2.5688885382808935,0.6662460952547659,0,0.5,137,0.4306569343065693,1.108040318933349,2.3340582271415276,0.017036921365996553,-2.412810195787073,0.18248175182481752,128,0.421875,-2.412810195787074,1.0710958154037562,21,0.5,379,0.42480211081794195,1.079889565344612,4.41343568201377,0.011644949029060079,-3.670750565241694,0.36939313984168864,342,0.4152046783625731,-3.670750565241694,0.8669804198018755,20,0.5882352941176471
SPXW,"d65ret,d80,d80_zero",0.0,1,score_desc,d80_front,21,4,15,False,False,False,False,False,-16.833642503309672,16.169290594629683,-16.833642503309672,110,0.43636363636363634,1.2714032710549559,4.503907700852823,0.04094461546229839,-2.5688885382808935,0.20909090909090908,102,0.45098039215686275,-2.5688885382808935,0.6662460952547659,0,0.5,137,0.4306569343065693,1.108040318933349,2.3340582271415276,0.017036921365996553,-2.412810195787073,0.18248175182481752,128,0.421875,-2.412810195787074,1.0710958154037562,21,0.5,379,0.42480211081794195,1.079889565344612,4.41343568201377,0.011644949029060079,-3.670750565241694,0.36939313984168864,342,0.4152046783625731,-3.670750565241694,0.8669804198018755,20,0.5882352941176471
SPXW,"d65ret,d80,d80_zero",-999999.0,1,score_desc,d80_front,21,2,0,False,False,False,False,False,-16.833642503309672,16.169290594629683,-16.833642503309672,110,0.43636363636363634,1.2714032710549559,4.503907700852823,0.04094461546229839,-2.5688885382808935,0.20909090909090908,102,0.45098039215686275,-2.5688885382808935,0.6662460952547659,0,0.5,137,0.4306569343065693,1.108040318933349,2.3340582271415276,0.017036921365996553,-2.412810195787073,0.18248175182481752,128,0.421875,-2.412810195787074,1.0710958154037562,21,0.5,382,0.42408376963350786,1.0599807348536636,3.382978274083642,0.008855964068281786,-4.139263567420668,0.3743455497382199,350,0.4142857142857143,-4.117250485506474,1.0040612751308566,21,0.5294117647058824
SPXW,"d65ret,d80,d80_zero",-999999.0,1,score_desc,d80_front,21,3,0,False,False,False,False,False,-16.833642503309672,16.169290594629683,-16.833642503309672,110,0.43636363636363634,1.2714032710549559,4.503907700852823,0.04094461546229839,-2.5688885382808935,0.20909090909090908,102,0.45098039215686275,-2.5688885382808935,0.6662460952547659,0,0.5,137,0.4306569343065693,1.108040318933349,2.3340582271415276,0.017036921365996553,-2.412810195787073,0.18248175182481752,128,0.421875,-2.412810195787074,1.0710958154037562,21,0.5,382,0.42408376963350786,1.0536759937122893,3.0454986154584844,0.007972509464551006,-4.13926356742067,0.3743455497382199,350,0.4114285714285714,-4.117250485506475,1.115323928362728,21,0.5294117647058824
SPXW,"d65ret,d80,d80_zero",-999999.0,1,score_desc,d80_front,21,4,0,False,False,False,False,False,-16.833642503309672,16.169290594629683,-16.833642503309672,110,0.43636363636363634,1.2714032710549559,4.503907700852823,0.04094461546229839,-2.5688885382808935,0.20909090909090908,102,0.45098039215686275,-2.5688885382808935,0.6662460952547659,0,0.5,137,0.4306569343065693,1.108040318933349,2.3340582271415276,0.017036921365996553,-2.412810195787073,0.18248175182481752,128,0.421875,-2.412810195787074,1.0710958154037562,21,0.5,382,0.42408376963350786,1.0536759937122893,3.0454986154584844,0.007972509464551006,-4.13926356742067,0.3743455497382199,350,0.4114285714285714,-4.117250485506475,1.115323928362728,21,0.5294117647058824
SPXW,"d65ret,d80,d80_zero",-999999.0,1,score_desc,d80_front,21,2,15,False,False,False,False,False,-16.833642503309672,16.169290594629683,-16.833642503309672,110,0.43636363636363634,1.2714032710549559,4.503907700852823,0.04094461546229839,-2.5688885382808935,0.20909090909090908,102,0.45098039215686275,-2.5688885382808935,0.6662460952547659,0,0.5,137,0.4306569343065693,1.108040318933349,2.3340582271415276,0.017036921365996553,-2.412810195787073,0.18248175182481752,128,0.421875,-2.412810195787074,1.0710958154037562,21,0.5,382,0.4162303664921466,1.0350795459018434,1.9855810749542275,0.005197856217157664,-4.388199608676597,0.3743455497382199,350,0.4114285714285714,-4.3661865267624025,1.6924894379243658,21,0.5294117647058824
SPXW,"d65ret,d80,d80_zero",-999999.0,1,score_desc,d80_front,21,2,30,False,False,False,False,False,-16.833642503309672,16.169290594629683,-16.833642503309672,110,0.43636363636363634,1.2714032710549559,4.503907700852823,0.04094461546229839,-2.5688885382808935,0.20909090909090908,102,0.45098039215686275,-2.5688885382808935,0.6662460952547659,0,0.5,137,0.4306569343065693,1.108040318933349,2.3340582271415276,0.017036921365996553,-2.412810195787073,0.18248175182481752,128,0.421875,-2.412810195787074,1.0710958154037562,21,0.5,381,0.4146981627296588,1.030327017982338,1.7120570648522668,0.0044935880967251094,-4.888199608676597,0.3753280839895013,350,0.4114285714285714,-4.866186526762404,2.008110918378064,21,0.5294117647058824
SPXW,"d65ret,d80,d80_zero",-999999.0,1,score_desc,d80_front,21,3,15,False,False,False,False,False,-16.833642503309672,16.169290594629683,-16.833642503309672,110,0.43636363636363634,1.2714032710549559,4.503907700852823,0.04094461546229839,-2.5688885382808935,0.20909090909090908,102,0.45098039215686275,-2.5688885382808935,0.6662460952547659,0,0.5,137,0.4306569343065693,1.108040318933349,2.3340582271415276,0.017036921365996553,-2.412810195787073,0.18248175182481752,128,0.421875,-2.412810195787074,1.0710958154037562,21,0.5,382,0.4162303664921466,1.0289446674876046,1.64810141632907,0.004314401613426885,-4.388199608676597,0.3743455497382199,350,0.4085714285714286,-4.366186526762403,2.0390583760238368,21,0.5294117647058824
SPXW,"d65ret,d80,d80_zero",-999999.0,1,score_desc,d80_front,21,4,15,False,False,False,False,False,-16.833642503309672,16.169290594629683,-16.833642503309672,110,0.43636363636363634,1.2714032710549559,4.503907700852823,0.04094461546229839,-2.5688885382808935,0.20909090909090908,102,0.45098039215686275,-2.5688885382808935,0.6662460952547659,0,0.5,137,0.4306569343065693,1.108040318933349,2.3340582271415276,0.017036921365996553,-2.412810195787073,0.18248175182481752,128,0.421875,-2.412810195787074,1.0710958154037562,21,0.5,382,0.4162303664921466,1.0289446674876046,1.64810141632907,0.004314401613426885,-4.388199608676597,0.3743455497382199,350,0.4085714285714286,-4.366186526762403,2.0390583760238368,21,0.5294117647058824
SPXW,"d65ret,d80,d80_zero",-999999.0,1,score_desc,d80_front,21,3,30,False,False,False,False,False,-16.833642503309672,16.169290594629683,-16.833642503309672,110,0.43636363636363634,1.2714032710549559,4.503907700852823,0.04094461546229839,-2.5688885382808935,0.20909090909090908,102,0.45098039215686275,-2.5688885382808935,0.6662460952547659,0,0.5,137,0.4306569343065693,1.108040318933349,2.3340582271415276,0.017036921365996553,-2.412810195787073,0.18248175182481752,128,0.421875,-2.412810195787074,1.0710958154037562,21,0.5,381,0.4146981627296588,1.0242042802019469,1.3745774062271088,0.0036078147145068473,-4.888199608676598,0.3753280839895013,350,0.4085714285714286,-4.866186526762406,2.501132689393346,21,0.5294117647058824
SPXW,"d65ret,d80,d80_zero",-999999.0,1,score_desc,d80_front,21,4,30,False,False,False,False,False,-16.833642503309672,16.169290594629683,-16.833642503309672,110,0.43636363636363634,1.2714032710549559,4.503907700852823,0.04094461546229839,-2.5688885382808935,0.20909090909090908,102,0.45098039215686275,-2.5688885382808935,0.6662460952547659,0,0.5,137,0.4306569343065693,1.108040318933349,2.3340582271415276,0.017036921365996553,-2.412810195787073,0.18248175182481752,128,0.421875,-2.412810195787074,1.0710958154037562,21,0.5,381,0.4146981627296588,1.0242042802019469,1.3745774062271088,0.0036078147145068473,-4.888199608676598,0.3753280839895013,350,0.4085714285714286,-4.866186526762406,2.501132689393346,21,0.5294117647058824
SPXW,"d50ret,d65ret,d80_front",0.0,1,score_desc,d80_zero,22,2,30,False,False,False,False,False,-16.868523746302785,-9.35764646260699,-16.868523746302785,85,0.4235294117647059,1.3148580813119026,3.994430565029592,0.04699330076505402,-2.3999999999999986,0.2235294117647059,82,0.43902439024390244,-2.3999999999999986,0.6258714375678425,0,0.3333333333333333,135,0.4,0.976086347639763,-0.5299095843673549,-0.003925256180498925,-4.830134879582617,0.26666666666666666,128,0.40625,-4.830134879582617,-6.130278142076334,20,0.5,366,0.4180327868852459,1.0748485777895498,3.9211486546992282,0.010713520914478766,-5.677447798059991,0.3770491803278688,337,0.42729970326409494,-5.677447798059992,1.2751365582653549,18,0.6470588235294118
SPXW,"d50ret,d65ret,d80_front",0.0,1,score_desc,d80_zero,22,3,30,False,False,False,False,False,-16.868523746302785,-9.35764646260699,-16.868523746302785,85,0.4235294117647059,1.3148580813119026,3.994430565029592,0.04699330076505402,-2.3999999999999986,0.2235294117647059,82,0.43902439024390244,-2.3999999999999986,0.6258714375678425,0,0.3333333333333333,135,0.4,0.976086347639763,-0.5299095843673549,-0.003925256180498925,-4.830134879582617,0.26666666666666666,128,0.40625,-4.830134879582617,-6.130278142076334,20,0.5,366,0.4180327868852459,1.0748485777895498,3.9211486546992282,0.010713520914478766,-5.677447798059991,0.3770491803278688,337,0.42729970326409494,-5.677447798059992,1.2751365582653549,18,0.6470588235294118
SPXW,"d50ret,d65ret,d80_front",0.0,1,score_desc,d80_zero,22,4,30,False,False,False,False,False,-16.868523746302785,-9.35764646260699,-16.868523746302785,85,0.4235294117647059,1.3148580813119026,3.994430565029592,0.04699330076505402,-2.3999999999999986,0.2235294117647059,82,0.43902439024390244,-2.3999999999999986,0.6258714375678425,0,0.3333333333333333,135,0.4,0.976086347639763,-0.5299095843673549,-0.003925256180498925,-4.830134879582617,0.26666666666666666,128,0.40625,-4.830134879582617,-6.130278142076334,20,0.5,366,0.4180327868852459,1.0748485777895498,3.9211486546992282,0.010713520914478766,-5.677447798059991,0.3770491803278688,337,0.42729970326409494,-5.677447798059992,1.2751365582653549,18,0.6470588235294118
SPXW,"d50ret,d65ret,d80_front",-999999.0,1,score_desc,d80_zero,22,2,30,False,False,False,False,False,-16.868523746302785,-9.35764646260699,-16.868523746302785,85,0.4235294117647059,1.3148580813119026,3.994430565029592,0.04699330076505402,-2.3999999999999986,0.2235294117647059,82,0.43902439024390244,-2.3999999999999986,0.6258714375678425,0,0.3333333333333333,135,0.4,0.976086347639763,-0.5299095843673549,-0.003925256180498925,-4.830134879582617,0.26666666666666666,128,0.40625,-4.830134879582617,-6.130278142076334,20,0.5,375,0.416,1.0651330573050457,3.4837322886211908,0.00928995276965651,-5.383437367433812,0.37066666666666664,350,0.4257142857142857,-5.383437367433814,1.4352423165038681,19,0.6470588235294118
SPXW,"d50ret,d65ret,d80_front",-999999.0,1,score_desc,d80_zero,22,3,30,False,False,False,False,False,-16.868523746302785,-9.35764646260699,-16.868523746302785,85,0.4235294117647059,1.3148580813119026,3.994430565029592,0.04699330076505402,-2.3999999999999986,0.2235294117647059,82,0.43902439024390244,-2.3999999999999986,0.6258714375678425,0,0.3333333333333333,135,0.4,0.976086347639763,-0.5299095843673549,-0.003925256180498925,-4.830134879582617,0.26666666666666666,128,0.40625,-4.830134879582617,-6.130278142076334,20,0.5,375,0.416,1.0651330573050457,3.4837322886211908,0.00928995276965651,-5.383437367433812,0.37066666666666664,350,0.4257142857142857,-5.383437367433814,1.4352423165038681,19,0.6470588235294118
SPXW,"d50ret,d65ret,d80_front",-999999.0,1,score_desc,d80_zero,22,4,30,False,False,False,False,False,-16.868523746302785,-9.35764646260699,-16.868523746302785,85,0.4235294117647059,1.3148580813119026,3.994430565029592,0.04699330076505402,-2.3999999999999986,0.2235294117647059,82,0.43902439024390244,-2.3999999999999986,0.6258714375678425,0,0.3333333333333333,135,0.4,0.976086347639763,-0.5299095843673549,-0.003925256180498925,-4.830134879582617,0.26666666666666666,128,0.40625,-4.830134879582617,-6.130278142076334,20,0.5,375,0.416,1.0651330573050457,3.4837322886211908,0.00928995276965651,-5.383437367433812,0.37066666666666664,350,0.4257142857142857,-5.383437367433814,1.4352423165038681,19,0.6470588235294118
SPXW,"d50ret,d65ret,d80_front",0.0,1,score_desc,d80_zero,22,2,0,False,False,False,False,False,-16.868523746302785,-11.169606825875368,-16.868523746302785,85,0.4235294117647059,1.3148580813119026,3.994430565029592,0.04699330076505402,-2.3999999999999986,0.2235294117647059,82,0.43902439024390244,-2.3999999999999986,0.6258714375678425,0,0.3333333333333333,135,0.4,0.9416326346877874,-1.2933794397981968,-0.009580588442949607,-4.530134879582619,0.25925925925925924,128,0.3984375,-4.530134879582619,-2.1250478071251795,20,0.5,366,0.41530054644808745,1.058924274948721,3.105509076198226,0.008484997475951437,-5.693087376560998,0.3770491803278688,337,0.42433234421364985,-5.693087376560998,1.6100419858121993,18,0.5882352941176471
SPXW,"d50ret,d65ret,d80_front",0.0,1,score_desc,d80_zero,22,2,15,False,False,False,False,False,-16.868523746302785,-12.948430245428801,-16.868523746302785,85,0.4235294117647059,1.3148580813119026,3.994430565029592,0.04699330076505402,-2.3999999999999986,0.2235294117647059,82,0.43902439024390244,-2.3999999999999986,0.6258714375678425,0,0.3333333333333333,135,0.3925925925925926,0.9197669871539188,-1.8019765928589075,-0.013347974761917833,-4.830134879582618,0.25925925925925924,128,0.3984375,-4.830134879582618,-1.5252657294306788,20,0.3333333333333333,366,0.41530054644808745,1.058924274948721,3.1055090761982247,0.008484997475951434,-5.693087376560996,0.3770491803278688,337,0.42433234421364985,-5.693087376560998,1.6100419858122,18,0.5882352941176471
SPXW,"d50ret,d65ret,d80_front",-999999.0,1,score_desc,d80_zero,22,2,0,False,False,False,False,False,-16.868523746302785,-11.169606825875368,-16.868523746302785,85,0.4235294117647059,1.3148580813119026,3.994430565029592,0.04699330076505402,-2.3999999999999986,0.2235294117647059,82,0.43902439024390244,-2.3999999999999986,0.6258714375678425,0,0.3333333333333333,135,0.4,0.9416326346877874,-1.2933794397981968,-0.009580588442949607,-4.530134879582619,0.25925925925925924,128,0.3984375,-4.530134879582619,-2.1250478071251795,20,0.5,375,0.41333333333333333,1.0498961195924583,2.6837322886211905,0.007156619436323175,-5.383437367433816,0.37066666666666664,350,0.4228571428571429,-5.383437367433816,1.7416928235592277,19,0.5882352941176471
SPXW,"d50ret,d65ret,d80_front",-999999.0,1,score_desc,d80_zero,22,2,15,False,False,False,False,False,-16.868523746302785,-12.948430245428801,-16.868523746302785,85,0.4235294117647059,1.3148580813119026,3.994430565029592,0.04699330076505402,-2.3999999999999986,0.2235294117647059,82,0.43902439024390244,-2.3999999999999986,0.6258714375678425,0,0.3333333333333333,135,0.3925925925925926,0.9197669871539188,-1.8019765928589075,-0.013347974761917833,-4.830134879582618,0.25925925925925924,128,0.3984375,-4.830134879582618,-1.5252657294306788,20,0.3333333333333333,375,0.41333333333333333,1.0498961195924583,2.683732288621191,0.007156619436323176,-5.383437367433812,0.37066666666666664,350,0.4228571428571429,-5.383437367433814,1.8630770368563205,19,0.5882352941176471
SPXW,"d50ret,d65ret,d80_front",0.0,1,score_desc,d80_zero,22,3,0,False,False,False,False,False,-16.868523746302785,-11.169606825875368,-16.868523746302785,85,0.4235294117647059,1.3148580813119026,3.994430565029592,0.04699330076505402,-2.3999999999999986,0.2235294117647059,82,0.43902439024390244,-2.3999999999999986,0.6258714375678425,0,0.3333333333333333,135,0.4,0.9416326346877874,-1.2933794397981968,-0.009580588442949607,-4.530134879582619,0.25925925925925924,128,0.3984375,-4.530134879582619,-2.1250478071251795,20,0.5,366,0.412568306010929,1.0434973885964236,2.305509076198226,0.006299205126224661,-5.6930873765609995,0.3770491803278688,337,0.42433234421364985,-5.6930873765609995,2.0274208918550456,18,0.5882352941176471
SPXW,"d50ret,d65ret,d80_front",0.0,1,score_desc,d80_zero,22,3,15,False,False,False,False,False,-16.868523746302785,-12.948430245428801,-16.868523746302785,85,0.4235294117647059,1.3148580813119026,3.994430565029592,0.04699330076505402,-2.3999999999999986,0.2235294117647059,82,0.43902439024390244,-2.3999999999999986,0.6258714375678425,0,0.3333333333333333,135,0.3925925925925926,0.9197669871539188,-1.8019765928589075,-0.013347974761917833,-4.830134879582618,0.25925925925925924,128,0.3984375,-4.830134879582618,-1.5252657294306788,20,0.3333333333333333,366,0.412568306010929,1.0434973885964236,2.305509076198225,0.006299205126224658,-5.693087376560998,0.3770491803278688,337,0.42433234421364985,-5.693087376560999,2.1687184195539926,18,0.5882352941176471
SPXW,"d50ret,d65ret,d80_front",0.0,1,score_desc,d80_zero,22,4,0,False,False,False,False,False,-16.868523746302785,-11.169606825875368,-16.868523746302785,85,0.4235294117647059,1.3148580813119026,3.994430565029592,0.04699330076505402,-2.3999999999999986,0.2235294117647059,82,0.43902439024390244,-2.3999999999999986,0.6258714375678425,0,0.3333333333333333,135,0.4,0.9416326346877874,-1.2933794397981968,-0.009580588442949607,-4.530134879582619,0.25925925925925924,128,0.3984375,-4.530134879582619,-2.1250478071251795,20,0.5,366,0.412568306010929,1.0434973885964236,2.305509076198226,0.006299205126224661,-5.6930873765609995,0.3770491803278688,337,0.42433234421364985,-5.6930873765609995,2.0274208918550456,18,0.5882352941176471
SPXW,"d50ret,d65ret,d80_front",0.0,1,score_desc,d80_zero,22,4,15,False,False,False,False,False,-16.868523746302785,-12.948430245428801,-16.868523746302785,85,0.4235294117647059,1.3148580813119026,3.994430565029592,0.04699330076505402,-2.3999999999999986,0.2235294117647059,82,0.43902439024390244,-2.3999999999999986,0.6258714375678425,0,0.3333333333333333,135,0.3925925925925926,0.9197669871539188,-1.8019765928589075,-0.013347974761917833,-4.830134879582618,0.25925925925925924,128,0.3984375,-4.830134879582618,-1.5252657294306788,20,0.3333333333333333,366,0.412568306010929,1.0434973885964236,2.305509076198225,0.006299205126224658,-5.693087376560998,0.3770491803278688,337,0.42433234421364985,-5.693087376560999,2.1687184195539926,18,0.5882352941176471
SPXW,"d50ret,d65ret,d80_front",-999999.0,1,score_desc,d80_zero,22,3,0,False,False,False,False,False,-16.868523746302785,-11.169606825875368,-16.868523746302785,85,0.4235294117647059,1.3148580813119026,3.994430565029592,0.04699330076505402,-2.3999999999999986,0.2235294117647059,82,0.43902439024390244,-2.3999999999999986,0.6258714375678425,0,0.3333333333333333,135,0.4,0.9416326346877874,-1.2933794397981968,-0.009580588442949607,-4.530134879582619,0.25925925925925924,128,0.3984375,-4.530134879582619,-2.1250478071251795,20,0.5,375,0.4106666666666667,1.0348282107640467,1.8837322886211907,0.0050232861029898416,-5.383437367433818,0.37066666666666664,350,0.4228571428571429,-5.383437367433817,2.2720464332839745,19,0.5882352941176471
SPXW,"d50ret,d65ret,d80_front",-999999.0,1,score_desc,d80_zero,22,4,0,False,False,False,False,False,-16.868523746302785,-11.169606825875368,-16.868523746302785,85,0.4235294117647059,1.3148580813119026,3.994430565029592,0.04699330076505402,-2.3999999999999986,0.2235294117647059,82,0.43902439024390244,-2.3999999999999986,0.6258714375678425,0,0.3333333333333333,135,0.4,0.9416326346877874,-1.2933794397981968,-0.009580588442949607,-4.530134879582619,0.25925925925925924,128,0.3984375,-4.530134879582619,-2.1250478071251795,20,0.5,375,0.4106666666666667,1.0348282107640467,1.8837322886211907,0.0050232861029898416,-5.383437367433818,0.37066666666666664,350,0.4228571428571429,-5.383437367433817,2.2720464332839745,19,0.5882352941176471
SPXW,"d50ret,d65ret,d80_front",-999999.0,1,score_desc,d80_zero,22,3,15,False,False,False,False,False,-16.868523746302785,-12.948430245428801,-16.868523746302785,85,0.4235294117647059,1.3148580813119026,3.994430565029592,0.04699330076505402,-2.3999999999999986,0.2235294117647059,82,0.43902439024390244,-2.3999999999999986,0.6258714375678425,0,0.3333333333333333,135,0.3925925925925926,0.9197669871539188,-1.8019765928589075,-0.013347974761917833,-4.830134879582618,0.25925925925925924,128,0.3984375,-4.830134879582618,-1.5252657294306788,20,0.3333333333333333,375,0.4106666666666667,1.0348282107640465,1.8837322886211911,0.005023286102989843,-5.383437367433816,0.37066666666666664,350,0.4228571428571429,-5.383437367433816,2.481370253979691,19,0.5882352941176471
SPXW,"d50ret,d65ret,d80_front",-999999.0,1,score_desc,d80_zero,22,4,15,False,False,False,False,False,-16.868523746302785,-12.948430245428801,-16.868523746302785,85,0.4235294117647059,1.3148580813119026,3.994430565029592,0.04699330076505402,-2.3999999999999986,0.2235294117647059,82,0.43902439024390244,-2.3999999999999986,0.6258714375678425,0,0.3333333333333333,135,0.3925925925925926,0.9197669871539188,-1.8019765928589075,-0.013347974761917833,-4.830134879582618,0.25925925925925924,128,0.3984375,-4.830134879582618,-1.5252657294306788,20,0.3333333333333333,375,0.4106666666666667,1.0348282107640465,1.8837322886211911,0.005023286102989843,-5.383437367433816,0.37066666666666664,350,0.4228571428571429,-5.383437367433816,2.481370253979691,19,0.5882352941176471
SPXW,"d50ret,d80,d80_front",0.0,1,score_desc,d80,22,3,0,False,False,False,False,False,-16.90343984600294,23.570843572220227,-16.90343984600294,97,0.4742268041237113,1.255354931084945,3.0907834402826673,0.03186374680703781,-1.6,0.17525773195876287,89,0.5056179775280899,-1.6,0.8088564107782856,0,0.5,136,0.47058823529411764,1.3709681591467764,7.613530710916345,0.05598184346262019,-2.6831111484103736,0.13970588235294118,124,0.46774193548387094,-2.6831111484103736,0.5253804249143916,20,0.6666666666666666,386,0.44559585492227977,1.1555613272400858,8.36590454760666,0.021673327843540566,-3.1988212919232266,0.32642487046632124,343,0.4577259475218659,-3.1988212919232266,0.5283405238368668,19,0.7647058823529411
SPXW,"d50ret,d80,d80_front",0.0,1,score_desc,d80,22,4,0,False,False,False,False,False,-16.90343984600294,23.570843572220227,-16.90343984600294,97,0.4742268041237113,1.255354931084945,3.0907834402826673,0.03186374680703781,-1.6,0.17525773195876287,89,0.5056179775280899,-1.6,0.8088564107782856,0,0.5,136,0.47058823529411764,1.3709681591467764,7.613530710916345,0.05598184346262019,-2.6831111484103736,0.13970588235294118,124,0.46774193548387094,-2.6831111484103736,0.5253804249143916,20,0.6666666666666666,386,0.44559585492227977,1.1555613272400858,8.36590454760666,0.021673327843540566,-3.1988212919232266,0.32642487046632124,343,0.4577259475218659,-3.1988212919232266,0.5283405238368668,19,0.7647058823529411
SPXW,"d50ret,d80,d80_front",0.0,1,score_desc,d80,22,3,15,False,False,False,False,False,-16.90343984600294,24.223685890424132,-16.90343984600294,97,0.4742268041237113,1.255354931084945,3.0907834402826673,0.03186374680703781,-1.6,0.17525773195876287,89,0.5056179775280899,-1.6,0.8088564107782856,0,0.5,136,0.47794117647058826,1.416029331275206,8.413530710916344,0.061864196403796645,-2.6831111484103736,0.13970588235294118,124,0.46774193548387094,-2.6831111484103736,0.5643876875807801,20,0.6666666666666666,385,0.44415584415584414,1.150824409129918,8.111158683306261,0.021067944631964316,-3.1988212919232266,0.32727272727272727,343,0.4577259475218659,-3.1988212919232266,0.5177451666105479,19,0.7647058823529411
SPXW,"d50ret,d80,d80_front",0.0,1,score_desc,d80,22,4,15,False,False,False,False,False,-16.90343984600294,24.223685890424132,-16.90343984600294,97,0.4742268041237113,1.255354931084945,3.0907834402826673,0.03186374680703781,-1.6,0.17525773195876287,89,0.5056179775280899,-1.6,0.8088564107782856,0,0.5,136,0.47794117647058826,1.416029331275206,8.413530710916344,0.061864196403796645,-2.6831111484103736,0.13970588235294118,124,0.46774193548387094,-2.6831111484103736,0.5643876875807801,20,0.6666666666666666,385,0.44415584415584414,1.150824409129918,8.111158683306261,0.021067944631964316,-3.1988212919232266,0.32727272727272727,343,0.4577259475218659,-3.1988212919232266,0.5177451666105479,19,0.7647058823529411
SPXW,"d50ret,d80,d80_front",0.0,1,score_desc,d80,22,3,30,False,False,False,False,False,-16.90343984600294,24.223685890424132,-16.90343984600294,97,0.4742268041237113,1.255354931084945,3.0907834402826673,0.03186374680703781,-1.6,0.17525773195876287,89,0.5056179775280899,-1.6,0.8088564107782856,0,0.5,136,0.47794117647058826,1.416029331275206,8.413530710916344,0.061864196403796645,-2.6831111484103736,0.13970588235294118,124,0.46774193548387094,-2.6831111484103736,0.5643876875807801,20,0.6666666666666666,384,0.4401041666666667,1.121895809818311,6.624502157331933,0.017251307701385242,-3.69207818920144,0.3255208333333333,343,0.4518950437317784,-3.6920781892014407,0.633936423319753,19,0.7647058823529411
SPXW,"d50ret,d80,d80_front",0.0,1,score_desc,d80,22,4,30,False,False,False,False,False,-16.90343984600294,24.223685890424132,-16.90343984600294,97,0.4742268041237113,1.255354931084945,3.0907834402826673,0.03186374680703781,-1.6,0.17525773195876287,89,0.5056179775280899,-1.6,0.8088564107782856,0,0.5,136,0.47794117647058826,1.416029331275206,8.413530710916344,0.061864196403796645,-2.6831111484103736,0.13970588235294118,124,0.46774193548387094,-2.6831111484103736,0.5643876875807801,20,0.6666666666666666,384,0.4401041666666667,1.121895809818311,6.624502157331933,0.017251307701385242,-3.69207818920144,0.3255208333333333,343,0.4518950437317784,-3.6920781892014407,0.633936423319753,19,0.7647058823529411
SPXW,"d50ret,d65ret,d80_front",-999999.0,1,score_desc,d80_front,22,1,0,False,False,False,False,False,-16.963174166781787,19.898506422924125,-16.963174166781787,82,0.4634146341463415,1.2680132988913337,2.301749903713599,0.02807012077699511,-1.944031323592108,0.2682926829268293,82,0.4634146341463415,-1.944031323592108,1.0861301638229888,0,0.3333333333333333,128,0.4765625,1.1748213367480997,2.5418000040343096,0.019857812531518044,-2.7811724656615313,0.234375,128,0.4765625,-2.7811724656615313,0.9835549594901388,20,0.8333333333333334,350,0.43142857142857144,1.0546374562334988,2.2877098154979483,0.0065363137585655665,-4.849857365526585,0.42857142857142855,350,0.43142857142857144,-4.849857365526585,1.0927959407543322,19,0.5882352941176471
SPXW,"d50ret,d65ret,d80_front",-999999.0,1,score_desc,d80_front,22,1,15,False,False,False,False,False,-16.963174166781787,19.898506422924125,-16.963174166781787,82,0.4634146341463415,1.2680132988913337,2.301749903713599,0.02807012077699511,-1.944031323592108,0.2682926829268293,82,0.4634146341463415,-1.944031323592108,1.0861301638229888,0,0.3333333333333333,128,0.4765625,1.1748213367480997,2.5418000040343096,0.019857812531518044,-2.7811724656615313,0.234375,128,0.4765625,-2.7811724656615313,0.9835549594901388,20,0.8333333333333334,350,0.43142857142857144,1.0546374562334988,2.2877098154979483,0.0065363137585655665,-4.849857365526585,0.42857142857142855,350,0.43142857142857144,-4.849857365526585,1.0927959407543322,19,0.5882352941176471
SPXW,"d50ret,d65ret,d80_front",-999999.0,1,score_desc,d80_front,22,1,30,False,False,False,False,False,-16.963174166781787,19.898506422924125,-16.963174166781787,82,0.4634146341463415,1.2680132988913337,2.301749903713599,0.02807012077699511,-1.944031323592108,0.2682926829268293,82,0.4634146341463415,-1.944031323592108,1.0861301638229888,0,0.3333333333333333,128,0.4765625,1.1748213367480997,2.5418000040343096,0.019857812531518044,-2.7811724656615313,0.234375,128,0.4765625,-2.7811724656615313,0.9835549594901388,20,0.8333333333333334,350,0.43142857142857144,1.0546374562334988,2.2877098154979483,0.0065363137585655665,-4.849857365526585,0.42857142857142855,350,0.43142857142857144,-4.849857365526585,1.0927959407543322,19,0.5882352941176471
SPXW,"d50ret,d65ret,d80_front",0.0,1,score_desc,d80_front,22,1,0,False,False,False,False,False,-16.963174166781787,19.898506422924125,-16.963174166781787,82,0.4634146341463415,1.2680132988913337,2.301749903713599,0.02807012077699511,-1.944031323592108,0.2682926829268293,82,0.4634146341463415,-1.944031323592108,1.0861301638229888,0,0.3333333333333333,128,0.4765625,1.1748213367480997,2.5418000040343096,0.019857812531518044,-2.7811724656615313,0.234375,128,0.4765625,-2.7811724656615313,0.9835549594901388,20,0.8333333333333334,343,0.42565597667638483,1.0407401271805845,1.6842281180165086,0.004910286058357168,-4.822648665706579,0.42857142857142855,343,0.42565597667638483,-4.822648665706579,1.4843594957577446,19,0.5882352941176471
SPXW,"d50ret,d65ret,d80_front",0.0,1,score_desc,d80_front,22,1,15,False,False,False,False,False,-16.963174166781787,19.898506422924125,-16.963174166781787,82,0.4634146341463415,1.2680132988913337,2.301749903713599,0.02807012077699511,-1.944031323592108,0.2682926829268293,82,0.4634146341463415,-1.944031323592108,1.0861301638229888,0,0.3333333333333333,128,0.4765625,1.1748213367480997,2.5418000040343096,0.019857812531518044,-2.7811724656615313,0.234375,128,0.4765625,-2.7811724656615313,0.9835549594901388,20,0.8333333333333334,343,0.42565597667638483,1.0407401271805845,1.6842281180165086,0.004910286058357168,-4.822648665706579,0.42857142857142855,343,0.42565597667638483,-4.822648665706579,1.4843594957577446,19,0.5882352941176471
SPXW,"d50ret,d65ret,d80_front",0.0,1,score_desc,d80_front,22,1,30,False,False,False,False,False,-16.963174166781787,19.898506422924125,-16.963174166781787,82,0.4634146341463415,1.2680132988913337,2.301749903713599,0.02807012077699511,-1.944031323592108,0.2682926829268293,82,0.4634146341463415,-1.944031323592108,1.0861301638229888,0,0.3333333333333333,128,0.4765625,1.1748213367480997,2.5418000040343096,0.019857812531518044,-2.7811724656615313,0.234375,128,0.4765625,-2.7811724656615313,0.9835549594901388,20,0.8333333333333334,343,0.42565597667638483,1.0407401271805845,1.6842281180165086,0.004910286058357168,-4.822648665706579,0.42857142857142855,343,0.42565597667638483,-4.822648665706579,1.4843594957577446,19,0.5882352941176471
SPXW,"d50ret,d65ret,d80",0.0,1,score_desc,d80_front,21,1,0,False,False,False,False,False,-17.057888153983455,-8.21580714568134,-17.057888153983455,102,0.47058823529411764,1.2414853141834956,2.9645272097577067,0.029063992252526535,-2.2495973687012096,0.2647058823529412,102,0.47058823529411764,-2.2495973687012096,0.8433047913243229,0,0.5,128,0.4140625,0.9867750770045867,-0.2318409565004954,-0.0018112574726601204,-3.3354311888148107,0.234375,128,0.4140625,-3.3354311888148107,-10.78325433838804,20,0.5,349,0.4297994269340974,1.0850559827864013,3.7454892105509248,0.01073206077521755,-5.416462751772912,0.40974212034383956,349,0.4297994269340974,-5.416462751772912,0.6674695505616673,19,0.6470588235294118
SPXW,"d50ret,d65ret,d80",0.0,1,score_desc,d80_front,21,1,15,False,False,False,False,False,-17.057888153983455,-8.21580714568134,-17.057888153983455,102,0.47058823529411764,1.2414853141834956,2.9645272097577067,0.029063992252526535,-2.2495973687012096,0.2647058823529412,102,0.47058823529411764,-2.2495973687012096,0.8433047913243229,0,0.5,128,0.4140625,0.9867750770045867,-0.2318409565004954,-0.0018112574726601204,-3.3354311888148107,0.234375,128,0.4140625,-3.3354311888148107,-10.78325433838804,20,0.5,349,0.4297994269340974,1.0850559827864013,3.7454892105509248,0.01073206077521755,-5.416462751772912,0.40974212034383956,349,0.4297994269340974,-5.416462751772912,0.6674695505616673,19,0.6470588235294118
SPXW,"d50ret,d65ret,d80",0.0,1,score_desc,d80_front,21,1,30,False,False,False,False,False,-17.057888153983455,-8.21580714568134,-17.057888153983455,102,0.47058823529411764,1.2414853141834956,2.9645272097577067,0.029063992252526535,-2.2495973687012096,0.2647058823529412,102,0.47058823529411764,-2.2495973687012096,0.8433047913243229,0,0.5,128,0.4140625,0.9867750770045867,-0.2318409565004954,-0.0018112574726601204,-3.3354311888148107,0.234375,128,0.4140625,-3.3354311888148107,-10.78325433838804,20,0.5,349,0.4297994269340974,1.0850559827864013,3.7454892105509248,0.01073206077521755,-5.416462751772912,0.40974212034383956,349,0.4297994269340974,-5.416462751772912,0.6674695505616673,19,0.6470588235294118
SPXW,"d50ret,d65ret,d80",-999999.0,1,score_desc,d80_front,21,1,0,False,False,False,False,False,-17.057888153983455,-8.21580714568134,-17.057888153983455,102,0.47058823529411764,1.2414853141834956,2.9645272097577067,0.029063992252526535,-2.2495973687012096,0.2647058823529412,102,0.47058823529411764,-2.2495973687012096,0.8433047913243229,0,0.5,128,0.4140625,0.9867750770045867,-0.2318409565004954,-0.0018112574726601204,-3.3354311888148107,0.234375,128,0.4140625,-3.3354311888148107,-10.78325433838804,20,0.5,351,0.4188034188034188,1.0411235388386535,1.86862763874479,0.005323725466509373,-5.3562198008211315,0.4074074074074074,351,0.4188034188034188,-5.3562198008211315,1.3378802433208794,19,0.5882352941176471
SPXW,"d50ret,d65ret,d80",-999999.0,1,score_desc,d80_front,21,1,15,False,False,False,False,False,-17.057888153983455,-8.21580714568134,-17.057888153983455,102,0.47058823529411764,1.2414853141834956,2.9645272097577067,0.029063992252526535,-2.2495973687012096,0.2647058823529412,102,0.47058823529411764,-2.2495973687012096,0.8433047913243229,0,0.5,128,0.4140625,0.9867750770045867,-0.2318409565004954,-0.0018112574726601204,-3.3354311888148107,0.234375,128,0.4140625,-3.3354311888148107,-10.78325433838804,20,0.5,351,0.4188034188034188,1.0411235388386535,1.86862763874479,0.005323725466509373,-5.3562198008211315,0.4074074074074074,351,0.4188034188034188,-5.3562198008211315,1.3378802433208794,19,0.5882352941176471
SPXW,"d50ret,d65ret,d80",-999999.0,1,score_desc,d80_front,21,1,30,False,False,False,False,False,-17.057888153983455,-8.21580714568134,-17.057888153983455,102,0.47058823529411764,1.2414853141834956,2.9645272097577067,0.029063992252526535,-2.2495973687012096,0.2647058823529412,102,0.47058823529411764,-2.2495973687012096,0.8433047913243229,0,0.5,128,0.4140625,0.9867750770045867,-0.2318409565004954,-0.0018112574726601204,-3.3354311888148107,0.234375,128,0.4140625,-3.3354311888148107,-10.78325433838804,20,0.5,351,0.4188034188034188,1.0411235388386535,1.86862763874479,0.005323725466509373,-5.3562198008211315,0.4074074074074074,351,0.4188034188034188,-5.3562198008211315,1.3378802433208794,19,0.5882352941176471
SPXW,"d65ret,d80,d80_front",0.0,1,score_desc,d80_zero,22,1,0,False,False,False,False,False,-17.12474355249615,-9.886606744545004,-17.12474355249615,102,0.45098039215686275,1.247663814025544,3.8270452377279436,0.037520051350273954,-2.3999999999999986,0.19607843137254902,102,0.45098039215686275,-2.3999999999999986,0.6532454791373751,0,0.5,128,0.390625,0.9787893706634161,-0.47024754038373917,-0.0036738089092479623,-2.7408765127517425,0.21875,128,0.390625,-2.7408765127517425,-5.316348912659721,20,0.3333333333333333,350,0.46,1.2562156604198373,12.745402830755715,0.036415436659302046,-3.544527968955375,0.4057142857142857,350,0.46,-3.544527968955375,0.19614915536190763,19,0.8235294117647058
SPXW,"d65ret,d80,d80_front",0.0,1,score_desc,d80_zero,22,1,15,False,False,False,False,False,-17.12474355249615,-9.886606744545004,-17.12474355249615,102,0.45098039215686275,1.247663814025544,3.8270452377279436,0.037520051350273954,-2.3999999999999986,0.19607843137254902,102,0.45098039215686275,-2.3999999999999986,0.6532454791373751,0,0.5,128,0.390625,0.9787893706634161,-0.47024754038373917,-0.0036738089092479623,-2.7408765127517425,0.21875,128,0.390625,-2.7408765127517425,-5.316348912659721,20,0.3333333333333333,350,0.46,1.2562156604198373,12.745402830755715,0.036415436659302046,-3.544527968955375,0.4057142857142857,350,0.46,-3.544527968955375,0.19614915536190763,19,0.8235294117647058
SPXW,"d65ret,d80,d80_front",0.0,1,score_desc,d80_zero,22,1,30,False,False,False,False,False,-17.12474355249615,-9.886606744545004,-17.12474355249615,102,0.45098039215686275,1.247663814025544,3.8270452377279436,0.037520051350273954,-2.3999999999999986,0.19607843137254902,102,0.45098039215686275,-2.3999999999999986,0.6532454791373751,0,0.5,128,0.390625,0.9787893706634161,-0.47024754038373917,-0.0036738089092479623,-2.7408765127517425,0.21875,128,0.390625,-2.7408765127517425,-5.316348912659721,20,0.3333333333333333,350,0.46,1.2562156604198373,12.745402830755715,0.036415436659302046,-3.544527968955375,0.4057142857142857,350,0.46,-3.544527968955375,0.19614915536190763,19,0.8235294117647058
SPXW,"d65ret,d80,d80_front",-999999.0,1,score_desc,d80_zero,22,1,0,False,False,False,False,False,-17.12474355249615,-9.886606744545004,-17.12474355249615,102,0.45098039215686275,1.247663814025544,3.8270452377279436,0.037520051350273954,-2.3999999999999986,0.19607843137254902,102,0.45098039215686275,-2.3999999999999986,0.6532454791373751,0,0.5,128,0.390625,0.9787893706634161,-0.47024754038373917,-0.0036738089092479623,-2.7408765127517425,0.21875,128,0.390625,-2.7408765127517425,-5.316348912659721,20,0.3333333333333333,351,0.4586894586894587,1.2560462099351482,12.701708474923675,0.03618720363226118,-3.544527968955375,0.4017094017094017,351,0.4586894586894587,-3.544527968955375,0.19682391584845615,19,0.8235294117647058
SPXW,"d65ret,d80,d80_front",-999999.0,1,score_desc,d80_zero,22,1,15,False,False,False,False,False,-17.12474355249615,-9.886606744545004,-17.12474355249615,102,0.45098039215686275,1.247663814025544,3.8270452377279436,0.037520051350273954,-2.3999999999999986,0.19607843137254902,102,0.45098039215686275,-2.3999999999999986,0.6532454791373751,0,0.5,128,0.390625,0.9787893706634161,-0.47024754038373917,-0.0036738089092479623,-2.7408765127517425,0.21875,128,0.390625,-2.7408765127517425,-5.316348912659721,20,0.3333333333333333,351,0.4586894586894587,1.2560462099351482,12.701708474923675,0.03618720363226118,-3.544527968955375,0.4017094017094017,351,0.4586894586894587,-3.544527968955375,0.19682391584845615,19,0.8235294117647058
SPXW,"d65ret,d80,d80_front",-999999.0,1,score_desc,d80_zero,22,1,30,False,False,False,False,False,-17.12474355249615,-9.886606744545004,-17.12474355249615,102,0.45098039215686275,1.247663814025544,3.8270452377279436,0.037520051350273954,-2.3999999999999986,0.19607843137254902,102,0.45098039215686275,-2.3999999999999986,0.6532454791373751,0,0.5,128,0.390625,0.9787893706634161,-0.47024754038373917,-0.0036738089092479623,-2.7408765127517425,0.21875,128,0.390625,-2.7408765127517425,-5.316348912659721,20,0.3333333333333333,351,0.4586894586894587,1.2560462099351482,12.701708474923675,0.03618720363226118,-3.544527968955375,0.4017094017094017,351,0.4586894586894587,-3.544527968955375,0.19682391584845615,19,0.8235294117647058
SPXW,"d65ret,d80,d80_front",0.0,1,score_desc,d80_zero,21,1,0,False,False,False,False,False,-17.12474355249615,-14.18151079241101,-17.12474355249615,102,0.45098039215686275,1.247663814025544,3.8270452377279436,0.037520051350273954,-2.3999999999999986,0.19607843137254902,102,0.45098039215686275,-2.3999999999999986,0.6532454791373751,0,0.5,128,0.375,0.9090815226685697,-2.070247540383739,-0.01617380890924796,-4.340876512751741,0.21875,128,0.375,-4.340876512751741,-1.2075850598699915,20,0.3333333333333333,350,0.4542857142857143,1.2353582188063763,11.828618848731146,0.03379605385351756,-4.461311950979942,0.40285714285714286,350,0.4542857142857143,-4.461311950979942,0.2113518097058453,19,0.7647058823529411
SPXW,"d65ret,d80,d80_front",0.0,1,score_desc,d80_zero,21,1,15,False,False,False,False,False,-17.12474355249615,-14.18151079241101,-17.12474355249615,102,0.45098039215686275,1.247663814025544,3.8270452377279436,0.037520051350273954,-2.3999999999999986,0.19607843137254902,102,0.45098039215686275,-2.3999999999999986,0.6532454791373751,0,0.5,128,0.375,0.9090815226685697,-2.070247540383739,-0.01617380890924796,-4.340876512751741,0.21875,128,0.375,-4.340876512751741,-1.2075850598699915,20,0.3333333333333333,350,0.4542857142857143,1.2353582188063763,11.828618848731146,0.03379605385351756,-4.461311950979942,0.40285714285714286,350,0.4542857142857143,-4.461311950979942,0.2113518097058453,19,0.7647058823529411
SPXW,"d65ret,d80,d80_front",0.0,1,score_desc,d80_zero,21,1,30,False,False,False,False,False,-17.12474355249615,-14.18151079241101,-17.12474355249615,102,0.45098039215686275,1.247663814025544,3.8270452377279436,0.037520051350273954,-2.3999999999999986,0.19607843137254902,102,0.45098039215686275,-2.3999999999999986,0.6532454791373751,0,0.5,128,0.375,0.9090815226685697,-2.070247540383739,-0.01617380890924796,-4.340876512751741,0.21875,128,0.375,-4.340876512751741,-1.2075850598699915,20,0.3333333333333333,350,0.4542857142857143,1.2353582188063763,11.828618848731146,0.03379605385351756,-4.461311950979942,0.40285714285714286,350,0.4542857142857143,-4.461311950979942,0.2113518097058453,19,0.7647058823529411
SPXW,"d65ret,d80,d80_front",-999999.0,1,score_desc,d80_zero,21,1,0,False,False,False,False,False,-17.12474355249615,-14.18151079241101,-17.12474355249615,102,0.45098039215686275,1.247663814025544,3.8270452377279436,0.037520051350273954,-2.3999999999999986,0.19607843137254902,102,0.45098039215686275,-2.3999999999999986,0.6532454791373751,0,0.5,128,0.375,0.9090815226685697,-2.070247540383739,-0.01617380890924796,-4.340876512751741,0.21875,128,0.375,-4.340876512751741,-1.2075850598699915,20,0.3333333333333333,351,0.452991452991453,1.235133187272784,11.784924492899107,0.03357528345555301,-4.461311950979942,0.39886039886039887,351,0.452991452991453,-4.461311950979942,0.21213542789403114,19,0.7647058823529411
SPXW,"d65ret,d80,d80_front",-999999.0,1,score_desc,d80_zero,21,1,15,False,False,False,False,False,-17.12474355249615,-14.18151079241101,-17.12474355249615,102,0.45098039215686275,1.247663814025544,3.8270452377279436,0.037520051350273954,-2.3999999999999986,0.19607843137254902,102,0.45098039215686275,-2.3999999999999986,0.6532454791373751,0,0.5,128,0.375,0.9090815226685697,-2.070247540383739,-0.01617380890924796,-4.340876512751741,0.21875,128,0.375,-4.340876512751741,-1.2075850598699915,20,0.3333333333333333,351,0.452991452991453,1.235133187272784,11.784924492899107,0.03357528345555301,-4.461311950979942,0.39886039886039887,351,0.452991452991453,-4.461311950979942,0.21213542789403114,19,0.7647058823529411
SPXW,"d65ret,d80,d80_front",-999999.0,1,score_desc,d80_zero,21,1,30,False,False,False,False,False,-17.12474355249615,-14.18151079241101,-17.12474355249615,102,0.45098039215686275,1.247663814025544,3.8270452377279436,0.037520051350273954,-2.3999999999999986,0.19607843137254902,102,0.45098039215686275,-2.3999999999999986,0.6532454791373751,0,0.5,128,0.375,0.9090815226685697,-2.070247540383739,-0.01617380890924796,-4.340876512751741,0.21875,128,0.375,-4.340876512751741,-1.2075850598699915,20,0.3333333333333333,351,0.452991452991453,1.235133187272784,11.784924492899107,0.03357528345555301,-4.461311950979942,0.39886039886039887,351,0.452991452991453,-4.461311950979942,0.21213542789403114,19,0.7647058823529411
SPXW,"d80,d80_front",0.0,1,score_desc,d65ret,21,1,0,False,False,False,False,False,-17.12515457025386,15.510969513630904,-17.12515457025386,101,0.4752475247524752,1.2242659059126482,2.8995273668851413,0.028708191751338034,-2.1,0.19801980198019803,101,0.4752475247524752,-2.1,0.86220948577756,0,0.6666666666666666,128,0.4375,1.075528660752988,1.5069550035994368,0.0117730859656206,-2.155556965406259,0.171875,128,0.4375,-2.155556965406259,1.6589745506857378,20,0.6666666666666666,347,0.4265129682997118,0.9676598592258056,-1.562162138760168,-0.004501908180865038,-7.010784363326151,0.43515850144092216,347,0.4265129682997118,-7.010784363326151,-1.600346044735254,19,0.47058823529411764
SPXW,"d80,d80_front",0.0,1,score_desc,d65ret,21,1,15,False,False,False,False,False,-17.12515457025386,15.510969513630904,-17.12515457025386,101,0.4752475247524752,1.2242659059126482,2.8995273668851413,0.028708191751338034,-2.1,0.19801980198019803,101,0.4752475247524752,-2.1,0.86220948577756,0,0.6666666666666666,128,0.4375,1.075528660752988,1.5069550035994368,0.0117730859656206,-2.155556965406259,0.171875,128,0.4375,-2.155556965406259,1.6589745506857378,20,0.6666666666666666,347,0.4265129682997118,0.9676598592258056,-1.562162138760168,-0.004501908180865038,-7.010784363326151,0.43515850144092216,347,0.4265129682997118,-7.010784363326151,-1.600346044735254,19,0.47058823529411764
SPXW,"d80,d80_front",0.0,1,score_desc,d65ret,21,1,30,False,False,False,False,False,-17.12515457025386,15.510969513630904,-17.12515457025386,101,0.4752475247524752,1.2242659059126482,2.8995273668851413,0.028708191751338034,-2.1,0.19801980198019803,101,0.4752475247524752,-2.1,0.86220948577756,0,0.6666666666666666,128,0.4375,1.075528660752988,1.5069550035994368,0.0117730859656206,-2.155556965406259,0.171875,128,0.4375,-2.155556965406259,1.6589745506857378,20,0.6666666666666666,347,0.4265129682997118,0.9676598592258056,-1.562162138760168,-0.004501908180865038,-7.010784363326151,0.43515850144092216,347,0.4265129682997118,-7.010784363326151,-1.600346044735254,19,0.47058823529411764
SPXW,"d65ret,d80_zero",0.0,1,score_desc,d80_front,22,3,30,False,False,False,False,False,-17.17697902464413,-9.336311423432706,-17.17697902464413,94,0.425531914893617,1.278009368242057,3.8781423244608777,0.04125683323894551,-2.5500420735844256,0.23404255319148937,82,0.43902439024390244,-2.550042073584425,0.7920489698161756,0,0.5,137,0.40875912408759124,0.9659781068853499,-0.7225588913375729,-0.0052741524915151305,-2.7770839631886908,0.25547445255474455,123,0.3902439024390244,-2.7770839631886908,-4.336800939489997,22,0.5,379,0.43799472295514513,1.0388304455124509,1.929584590527707,0.005091252217751205,-4.439031660843114,0.43007915567282323,328,0.4146341463414634,-4.439031660843114,2.0518520218515466,19,0.5294117647058824
SPXW,"d65ret,d80_zero",0.0,1,score_desc,d80_front,22,4,30,False,False,False,False,False,-17.17697902464413,-9.336311423432706,-17.17697902464413,94,0.425531914893617,1.278009368242057,3.8781423244608777,0.04125683323894551,-2.5500420735844256,0.23404255319148937,82,0.43902439024390244,-2.550042073584425,0.7920489698161756,0,0.5,137,0.40875912408759124,0.9659781068853499,-0.7225588913375729,-0.0052741524915151305,-2.7770839631886908,0.25547445255474455,123,0.3902439024390244,-2.7770839631886908,-4.336800939489997,22,0.5,379,0.43799472295514513,1.0388304455124509,1.929584590527707,0.005091252217751205,-4.439031660843114,0.43007915567282323,328,0.4146341463414634,-4.439031660843114,2.0518520218515466,19,0.5294117647058824
SPXW,"d65ret,d80_zero",-999999.0,1,score_desc,d80_front,22,3,30,False,False,False,False,False,-17.17697902464413,-9.336311423432706,-17.17697902464413,94,0.425531914893617,1.278009368242057,3.8781423244608777,0.04125683323894551,-2.5500420735844256,0.23404255319148937,82,0.43902439024390244,-2.550042073584425,0.7920489698161756,0,0.5,137,0.40875912408759124,0.9659781068853499,-0.7225588913375729,-0.0052741524915151305,-2.7770839631886908,0.25547445255474455,123,0.3902439024390244,-2.7770839631886908,-4.336800939489997,22,0.5,389,0.4318766066838046,1.031887386643255,1.7074590009689343,0.004389354758274896,-3.9419310598643484,0.4498714652956298,346,0.4161849710982659,-3.9419310598643484,2.137174917984438,21,0.5294117647058824
SPXW,"d65ret,d80_zero",-999999.0,1,score_desc,d80_front,22,4,30,False,False,False,False,False,-17.17697902464413,-9.336311423432706,-17.17697902464413,94,0.425531914893617,1.278009368242057,3.8781423244608777,0.04125683323894551,-2.5500420735844256,0.23404255319148937,82,0.43902439024390244,-2.550042073584425,0.7920489698161756,0,0.5,137,0.40875912408759124,0.9659781068853499,-0.7225588913375729,-0.0052741524915151305,-2.7770839631886908,0.25547445255474455,123,0.3902439024390244,-2.7770839631886908,-4.336800939489997,22,0.5,389,0.4318766066838046,1.031887386643255,1.7074590009689343,0.004389354758274896,-3.9419310598643484,0.4498714652956298,346,0.4161849710982659,-3.9419310598643484,2.137174917984438,21,0.5294117647058824
SPXW,"d65ret,d80_zero",0.0,1,score_desc,d80_front,22,3,15,False,False,False,False,False,-17.17697902464413,-9.336311423432706,-17.17697902464413,94,0.425531914893617,1.278009368242057,3.8781423244608777,0.04125683323894551,-2.5500420735844256,0.23404255319148937,82,0.43902439024390244,-2.550042073584425,0.7920489698161756,0,0.5,137,0.40875912408759124,0.9659781068853499,-0.7225588913375729,-0.0052741524915151305,-2.7770839631886908,0.25547445255474455,123,0.3902439024390244,-2.7770839631886908,-4.336800939489997,22,0.5,380,0.4342105263157895,1.0284671934135936,1.4359944143159986,0.0037789326692526277,-4.739031660843115,0.42894736842105263,326,0.40797546012269936,-4.739031660843114,2.9603292637268206,19,0.5294117647058824
SPXW,"d65ret,d80_zero",0.0,1,score_desc,d80_front,22,4,15,False,False,False,False,False,-17.17697902464413,-9.336311423432706,-17.17697902464413,94,0.425531914893617,1.278009368242057,3.8781423244608777,0.04125683323894551,-2.5500420735844256,0.23404255319148937,82,0.43902439024390244,-2.550042073584425,0.7920489698161756,0,0.5,137,0.40875912408759124,0.9659781068853499,-0.7225588913375729,-0.0052741524915151305,-2.7770839631886908,0.25547445255474455,123,0.3902439024390244,-2.7770839631886908,-4.336800939489997,22,0.5,380,0.4342105263157895,1.0284671934135936,1.4359944143159986,0.0037789326692526277,-4.739031660843115,0.42894736842105263,326,0.40797546012269936,-4.739031660843114,2.9603292637268206,19,0.5294117647058824
SPXW,"d65ret,d80_zero",-999999.0,1,score_desc,d80_front,22,2,30,False,False,False,False,False,-17.17697902464413,-9.336311423432706,-17.17697902464413,94,0.425531914893617,1.278009368242057,3.8781423244608777,0.04125683323894551,-2.5500420735844256,0.23404255319148937,82,0.43902439024390244,-2.5500420735844256,0.7920489698161756,0,0.5,137,0.40875912408759124,0.9659781068853499,-0.7225588913375729,-0.0052741524915151305,-2.7770839631886908,0.25547445255474455,123,0.3902439024390244,-2.7770839631886908,-4.336800939489997,22,0.5,389,0.4267352185089974,1.0245489554410676,1.3135008695116384,0.0033766089190530547,-4.043395950707536,0.4524421593830334,347,0.41786743515850144,-4.043395950707537,2.5141854619760156,21,0.47058823529411764
SPXW,"d65ret,d80_zero",-999999.0,1,score_desc,d80_front,22,3,15,False,False,False,False,False,-17.17697902464413,-9.336311423432706,-17.17697902464413,94,0.425531914893617,1.278009368242057,3.8781423244608777,0.04125683323894551,-2.5500420735844256,0.23404255319148937,82,0.43902439024390244,-2.550042073584425,0.7920489698161756,0,0.5,137,0.40875912408759124,0.9659781068853499,-0.7225588913375729,-0.0052741524915151305,-2.7770839631886908,0.25547445255474455,123,0.3902439024390244,-2.7770839631886908,-4.336800939489997,22,0.5,389,0.4318766066838046,1.0213889151700772,1.1547813698216163,0.002968589639644258,-3.9419310598643498,0.4524421593830334,346,0.41329479768786126,-3.9419310598643498,3.0652035170713168,21,0.5294117647058824
SPXW,"d65ret,d80_zero",-999999.0,1,score_desc,d80_front,22,4,15,False,False,False,False,False,-17.17697902464413,-9.336311423432706,-17.17697902464413,94,0.425531914893617,1.278009368242057,3.8781423244608777,0.04125683323894551,-2.5500420735844256,0.23404255319148937,82,0.43902439024390244,-2.550042073584425,0.7920489698161756,0,0.5,137,0.40875912408759124,0.9659781068853499,-0.7225588913375729,-0.0052741524915151305,-2.7770839631886908,0.25547445255474455,123,0.3902439024390244,-2.7770839631886908,-4.336800939489997,22,0.5,389,0.4318766066838046,1.0213889151700772,1.1547813698216163,0.002968589639644258,-3.9419310598643498,0.4524421593830334,346,0.41329479768786126,-3.9419310598643498,3.0652035170713168,21,0.5294117647058824
SPXW,"d65ret,d80_zero",0.0,1,score_desc,d80_front,22,2,30,False,False,False,False,False,-17.17697902464413,-9.336311423432706,-17.17697902464413,94,0.425531914893617,1.278009368242057,3.8781423244608777,0.04125683323894551,-2.5500420735844256,0.23404255319148937,82,0.43902439024390244,-2.5500420735844256,0.7920489698161756,0,0.5,137,0.40875912408759124,0.9659781068853499,-0.7225588913375729,-0.0052741524915151305,-2.7770839631886908,0.25547445255474455,123,0.3902439024390244,-2.7770839631886908,-4.336800939489997,22,0.5,379,0.43007915567282323,1.0147268428152523,0.7356264590704109,0.0019409669104760183,-4.757036856344294,0.43271767810026385,329,0.41641337386018235,-4.652267196131003,4.9283817320633325,19,0.47058823529411764
SPXW,"d65ret,d80_zero",-999999.0,1,score_desc,d80_front,22,2,15,False,False,False,False,False,-17.17697902464413,-9.336311423432706,-17.17697902464413,94,0.425531914893617,1.278009368242057,3.8781423244608777,0.04125683323894551,-2.5500420735844256,0.23404255319148937,82,0.43902439024390244,-2.5500420735844256,0.7920489698161756,0,0.5,137,0.40875912408759124,0.9659781068853499,-0.7225588913375729,-0.0052741524915151305,-2.7770839631886908,0.25547445255474455,123,0.3902439024390244,-2.7770839631886908,-4.336800939489997,22,0.5,389,0.4267352185089974,1.0146972707239046,0.792896385182642,0.0020382940493127045,-4.043395950707537,0.455012853470437,347,0.414985590778098,-4.043395950707538,4.067314927110627,21,0.47058823529411764
SPXW,"d65ret,d80_zero",0.0,1,score_desc,d80_front,22,2,15,False,False,False,False,False,-17.17697902464413,-9.336311423432706,-17.17697902464413,94,0.425531914893617,1.278009368242057,3.8781423244608777,0.04125683323894551,-2.5500420735844256,0.23404255319148937,82,0.43902439024390244,-2.5500420735844256,0.7920489698161756,0,0.5,137,0.40875912408759124,0.9659781068853499,-0.7225588913375729,-0.0052741524915151305,-2.7770839631886908,0.25547445255474455,123,0.3902439024390244,-2.7770839631886908,-4.336800939489997,22,0.5,380,0.42894736842105263,1.0125810632902499,0.6341191713698002,0.0016687346614994742,-5.134462343657896,0.43157894736842106,328,0.4115853658536585,-5.029692683444603,6.228033422538307,19,0.47058823529411764
SPXW,"d65ret,d80_zero",-999999.0,1,score_desc,d80_front,22,3,0,False,False,False,False,False,-17.17697902464413,-7.741803505040446,-17.17697902464413,94,0.425531914893617,1.278009368242057,3.8781423244608777,0.04125683323894551,-2.5500420735844256,0.23404255319148937,82,0.43902439024390244,-2.550042073584425,0.7920489698161756,0,0.5,137,0.41605839416058393,0.98531543411348,-0.3095335959210683,-0.0022593693132924694,-2.925554413315909,0.25547445255474455,123,0.3902439024390244,-2.9255544133159086,-10.581792145784517,22,0.6666666666666666,389,0.4267352185089974,1.008322717173647,0.4589780430806476,0.0011798921415954952,-3.7647458055377796,0.4524421593830334,344,0.4127906976744186,-3.659976145324487,7.946448822770451,21,0.5294117647058824
SPXW,"d65ret,d80_zero",-999999.0,1,score_desc,d80_front,22,4,0,False,False,False,False,False,-17.17697902464413,-7.741803505040446,-17.17697902464413,94,0.425531914893617,1.278009368242057,3.8781423244608777,0.04125683323894551,-2.5500420735844256,0.23404255319148937,82,0.43902439024390244,-2.550042073584425,0.7920489698161756,0,0.5,137,0.41605839416058393,0.98531543411348,-0.3095335959210683,-0.0022593693132924694,-2.925554413315909,0.25547445255474455,123,0.3902439024390244,-2.9255544133159086,-10.581792145784517,22,0.6666666666666666,389,0.4267352185089974,1.008322717173647,0.4589780430806476,0.0011798921415954952,-3.7647458055377796,0.4524421593830334,344,0.4127906976744186,-3.659976145324487,7.946448822770451,21,0.5294117647058824
SPXW,"d65ret,d80_zero",0.0,1,score_desc,d80_front,22,3,0,False,False,False,False,False,-17.17697902464413,-7.741803505040446,-17.17697902464413,94,0.425531914893617,1.278009368242057,3.8781423244608777,0.04125683323894551,-2.5500420735844256,0.23404255319148937,82,0.43902439024390244,-2.550042073584425,0.7920489698161756,0,0.5,137,0.41605839416058393,0.98531543411348,-0.3095335959210683,-0.0022593693132924694,-2.925554413315909,0.25547445255474455,123,0.3902439024390244,-2.9255544133159086,-10.581792145784517,22,0.6666666666666666,380,0.4263157894736842,1.0015754449612462,0.08197459369858073,0.0002157226149962651,-4.726021906318788,0.4236842105263158,324,0.4012345679012346,-4.621252246105495,50.97752537699494,19,0.47058823529411764
SPXW,"d65ret,d80_zero",0.0,1,score_desc,d80_front,22,4,0,False,False,False,False,False,-17.17697902464413,-7.741803505040446,-17.17697902464413,94,0.425531914893617,1.278009368242057,3.8781423244608777,0.04125683323894551,-2.5500420735844256,0.23404255319148937,82,0.43902439024390244,-2.550042073584425,0.7920489698161756,0,0.5,137,0.41605839416058393,0.98531543411348,-0.3095335959210683,-0.0022593693132924694,-2.925554413315909,0.25547445255474455,123,0.3902439024390244,-2.9255544133159086,-10.581792145784517,22,0.6666666666666666,380,0.4263157894736842,1.0015754449612462,0.08197459369858073,0.0002157226149962651,-4.726021906318788,0.4236842105263158,324,0.4012345679012346,-4.621252246105495,50.97752537699494,19,0.47058823529411764
SPXW,"d65ret,d80_zero",-999999.0,1,score_desc,d80_front,22,2,0,False,False,False,False,False,-17.17697902464413,-7.775518098429634,-17.17697902464413,94,0.425531914893617,1.278009368242057,3.8781423244608777,0.04125683323894551,-2.5500420735844256,0.23404255319148937,82,0.43902439024390244,-2.5500420735844256,0.7920489698161756,0,0.5,137,0.41605839416058393,0.9846631703407079,-0.3234967086686602,-0.00236128984429679,-2.9395175260635007,0.25547445255474455,123,0.3902439024390244,-2.9395175260635007,-10.125049456156388,22,0.6666666666666666,389,0.42159383033419023,1.0008613127876405,0.04750136858527587,0.00012211148736574774,-4.062273238533285,0.455012853470437,345,0.4144927536231884,-3.9575035783199923,70.43048938737802,21,0.47058823529411764
SPXW,"d65ret,d80_zero",0.0,1,score_desc,d80_front,22,2,0,False,False,False,False,False,-17.17697902464413,-7.775518098429634,-17.17697902464413,94,0.425531914893617,1.278009368242057,3.8781423244608777,0.04125683323894551,-2.5500420735844256,0.23404255319148937,82,0.43902439024390244,-2.5500420735844256,0.7920489698161756,0,0.5,137,0.41605839416058393,0.9846631703407079,-0.3234967086686602,-0.00236128984429679,-2.9395175260635007,0.25547445255474455,123,0.3902439024390244,-2.9395175260635007,-10.125049456156388,22,0.6666666666666666,380,0.42105263157894735,0.9843372139283605,-0.8150131427028189,-0.002144771428165313,-5.218217889919003,0.42894736842105263,326,0.4049079754601227,-5.1134482297057104,-4.8584151151134,19,0.47058823529411764
SPXW,"d50ret,d80,d80_front",0.0,1,score_desc,d80,21,2,0,False,False,False,False,False,-17.180725732656985,24.172589483764774,-17.180725732656985,95,0.47368421052631576,1.2449012834138526,2.8907834402826666,0.03042929937139649,-2.1,0.17894736842105263,89,0.5056179775280899,-2.1,0.8648174626860132,0,0.5,134,0.47761194029850745,1.412255318195201,8.213530710916348,0.06129500530534589,-2.6831111484103736,0.1417910447761194,124,0.47580645161290325,-2.6831111484103736,0.5172554035352191,20,0.6666666666666666,378,0.4523809523809524,1.1981359476750832,10.30858212359297,0.02727138127934648,-3.2053757458981487,0.328042328042328,343,0.4606413994169096,-3.2053757458981504,0.42877345672356715,19,0.8235294117647058
SPXW,"d50ret,d80,d80_front",0.0,1,score_desc,d80,21,2,15,False,False,False,False,False,-17.180725732656985,24.172589483764774,-17.180725732656985,95,0.47368421052631576,1.2449012834138526,2.8907834402826666,0.03042929937139649,-2.1,0.17894736842105263,89,0.5056179775280899,-2.1,0.8648174626860132,0,0.5,134,0.47761194029850745,1.412255318195201,8.213530710916348,0.06129500530534589,-2.6831111484103736,0.1417910447761194,124,0.47580645161290325,-2.6831111484103736,0.5172554035352191,20,0.6666666666666666,378,0.4523809523809524,1.1933655884054892,10.060390713267488,0.026614790246739385,-3.1988212919232275,0.328042328042328,343,0.4606413994169096,-3.198821291923231,0.4174304282590874,19,0.8235294117647058
SPXW,"d50ret,d80,d80_front",0.0,1,score_desc,d80,21,3,0,False,False,False,False,False,-17.180725732656985,24.172589483764774,-17.180725732656985,95,0.47368421052631576,1.2449012834138526,2.8907834402826666,0.03042929937139649,-2.1,0.17894736842105263,89,0.5056179775280899,-2.1,0.8648174626860132,0,0.5,134,0.47761194029850745,1.412255318195201,8.213530710916348,0.06129500530534589,-2.6831111484103736,0.1417910447761194,124,0.47580645161290325,-2.6831111484103736,0.5172554035352191,20,0.6666666666666666,378,0.4497354497354497,1.1865733169453623,9.767247645788867,0.025839279486213933,-3.205375745898145,0.328042328042328,343,0.4606413994169096,-3.205375745898147,0.45253755728794526,19,0.7647058823529411
SPXW,"d50ret,d80,d80_front",0.0,1,score_desc,d80,21,4,0,False,False,False,False,False,-17.180725732656985,24.172589483764774,-17.180725732656985,95,0.47368421052631576,1.2449012834138526,2.8907834402826666,0.03042929937139649,-2.1,0.17894736842105263,89,0.5056179775280899,-2.1,0.8648174626860132,0,0.5,134,0.47761194029850745,1.412255318195201,8.213530710916348,0.06129500530534589,-2.6831111484103736,0.1417910447761194,124,0.47580645161290325,-2.6831111484103736,0.5172554035352191,20,0.6666666666666666,378,0.4497354497354497,1.1865733169453623,9.767247645788867,0.025839279486213933,-3.205375745898145,0.328042328042328,343,0.4606413994169096,-3.205375745898147,0.45253755728794526,19,0.7647058823529411
SPXW,"d50ret,d80,d80_front",0.0,1,score_desc,d80,21,3,15,False,False,False,False,False,-17.180725732656985,24.172589483764774,-17.180725732656985,95,0.47368421052631576,1.2449012834138526,2.8907834402826666,0.03042929937139649,-2.1,0.17894736842105263,89,0.5056179775280899,-2.1,0.8648174626860132,0,0.5,134,0.47761194029850745,1.412255318195201,8.213530710916348,0.06129500530534589,-2.6831111484103736,0.1417910447761194,124,0.47580645161290325,-2.6831111484103736,0.5172554035352191,20,0.6666666666666666,378,0.4497354497354497,1.1818323810808213,9.519056235463387,0.02518268845360684,-3.1988212919232266,0.328042328042328,343,0.4606413994169096,-3.1988212919232266,0.4411690718085731,19,0.7647058823529411
SPXW,"d50ret,d80,d80_front",0.0,1,score_desc,d80,21,4,15,False,False,False,False,False,-17.180725732656985,24.172589483764774,-17.180725732656985,95,0.47368421052631576,1.2449012834138526,2.8907834402826666,0.03042929937139649,-2.1,0.17894736842105263,89,0.5056179775280899,-2.1,0.8648174626860132,0,0.5,134,0.47761194029850745,1.412255318195201,8.213530710916348,0.06129500530534589,-2.6831111484103736,0.1417910447761194,124,0.47580645161290325,-2.6831111484103736,0.5172554035352191,20,0.6666666666666666,378,0.4497354497354497,1.1818323810808213,9.519056235463387,0.02518268845360684,-3.1988212919232266,0.328042328042328,343,0.4606413994169096,-3.1988212919232266,0.4411690718085731,19,0.7647058823529411
SPXW,"d50ret,d80,d80_front",0.0,1,score_desc,d80,21,2,30,False,False,False,False,False,-17.180725732656985,24.172589483764774,-17.180725732656985,95,0.47368421052631576,1.2449012834138526,2.8907834402826666,0.03042929937139649,-2.1,0.17894736842105263,89,0.5056179775280899,-2.1,0.8648174626860132,0,0.5,134,0.47761194029850745,1.412255318195201,8.213530710916348,0.06129500530534589,-2.6831111484103736,0.1417910447761194,124,0.47580645161290325,-2.6831111484103736,0.5172554035352191,20,0.6666666666666666,377,0.4482758620689655,1.168945011768539,8.84052476465967,0.023449667810768352,-3.6920781892014407,0.32891246684350134,343,0.45481049562682213,-3.6920781892014425,0.4750298557706331,19,0.8235294117647058
SPXW,"d50ret,d80,d80_front",0.0,1,score_desc,d80,21,3,30,False,False,False,False,False,-17.180725732656985,24.172589483764774,-17.180725732656985,95,0.47368421052631576,1.2449012834138526,2.8907834402826666,0.03042929937139649,-2.1,0.17894736842105263,89,0.5056179775280899,-2.1,0.8648174626860132,0,0.5,134,0.47761194029850745,1.412255318195201,8.213530710916348,0.06129500530534589,-2.6831111484103736,0.1417910447761194,124,0.47580645161290325,-2.6831111484103736,0.5172554035352191,20,0.6666666666666666,377,0.44562334217506633,1.157627286815084,8.299190286855564,0.02201376733913943,-3.69207818920144,0.32891246684350134,343,0.45481049562682213,-3.6920781892014416,0.5060148109321305,19,0.7647058823529411
SPXW,"d50ret,d80,d80_front",0.0,1,score_desc,d80,21,4,30,False,False,False,False,False,-17.180725732656985,24.172589483764774,-17.180725732656985,95,0.47368421052631576,1.2449012834138526,2.8907834402826666,0.03042929937139649,-2.1,0.17894736842105263,89,0.5056179775280899,-2.1,0.8648174626860132,0,0.5,134,0.47761194029850745,1.412255318195201,8.213530710916348,0.06129500530534589,-2.6831111484103736,0.1417910447761194,124,0.47580645161290325,-2.6831111484103736,0.5172554035352191,20,0.6666666666666666,377,0.44562334217506633,1.157627286815084,8.299190286855564,0.02201376733913943,-3.69207818920144,0.32891246684350134,343,0.45481049562682213,-3.6920781892014416,0.5060148109321305,19,0.7647058823529411
SPXW,"d50ret,d65ret,d80_zero",-999999.0,1,score_desc,d65ret,22,2,30,False,False,False,False,False,-17.22407978466748,-9.941529564974669,-17.22407978466748,94,0.425531914893617,1.2750159245045964,4.031786210213996,0.04289134266185102,-2.6999999999999984,0.2127659574468085,82,0.43902439024390244,-2.699999999999999,0.868101585131973,0,0.5,132,0.38636363636363635,0.968567315116962,-0.7222533336999368,-0.005471616164393461,-3.632045324651458,0.25757575757575757,128,0.390625,-3.632045324651458,-3.4917184104329735,20,0.6666666666666666,380,0.41578947368421054,1.0536073429206294,3.0888248725838214,0.00812848650679953,-3.3994266847171666,0.4394736842105263,349,0.4040114613180516,-3.3994266847171666,1.3713627366808987,19,0.4117647058823529
SPXW,"d50ret,d65ret,d80_zero",-999999.0,1,score_desc,d65ret,22,2,15,False,False,False,False,False,-17.22407978466748,-11.063993448420838,-17.22407978466748,94,0.425531914893617,1.2750159245045964,4.031786210213996,0.04289134266185102,-2.6999999999999984,0.2127659574468085,82,0.43902439024390244,-2.699999999999999,0.868101585131973,0,0.5,133,0.38345864661654133,0.9560845874547538,-1.0222533336999375,-0.007686115290976974,-3.932045324651458,0.2556390977443609,128,0.390625,-3.932045324651458,-2.467006151155204,20,0.5,381,0.4146981627296588,1.0481500694406551,2.7888248725838207,0.0073197503217423115,-3.3994266847171666,0.4356955380577428,349,0.4040114613180516,-3.3994266847171666,1.5188832300072164,19,0.4117647058823529
SPXW,"d50ret,d65ret,d80_zero",0.0,1,score_desc,d65ret,22,2,30,False,False,False,False,False,-17.22407978466748,-9.941529564974669,-17.22407978466748,94,0.425531914893617,1.2750159245045964,4.031786210213996,0.04289134266185102,-2.6999999999999984,0.2127659574468085,82,0.43902439024390244,-2.699999999999999,0.868101585131973,0,0.5,132,0.38636363636363635,0.968567315116962,-0.7222533336999368,-0.005471616164393461,-3.632045324651458,0.25757575757575757,128,0.390625,-3.632045324651458,-3.4917184104329735,20,0.6666666666666666,358,0.4106145251396648,1.0425536485418927,2.352961789242867,0.00657251896436555,-4.2291546776023585,0.4329608938547486,315,0.39365079365079364,-4.2248546590483125,2.1249813842531173,3,0.35294117647058826
SPXW,"d50ret,d65ret,d80_zero",0.0,1,score_desc,d65ret,22,2,15,False,False,False,False,False,-17.22407978466748,-11.063993448420838,-17.22407978466748,94,0.425531914893617,1.2750159245045964,4.031786210213996,0.04289134266185102,-2.6999999999999984,0.2127659574468085,82,0.43902439024390244,-2.699999999999999,0.868101585131973,0,0.5,133,0.38345864661654133,0.9560845874547538,-1.0222533336999375,-0.007686115290976974,-3.932045324651458,0.2556390977443609,128,0.390625,-3.932045324651458,-2.467006151155204,20,0.5,359,0.40947075208913647,1.0369277527848426,2.0529617892428664,0.005718556515996842,-3.9701346372818884,0.42896935933147634,315,0.39365079365079364,-3.9658346187278424,2.435505632008866,3,0.35294117647058826
SPXW,"d50ret,d65ret,d80_zero",-999999.0,1,score_desc,d65ret,22,2,0,False,False,False,False,False,-17.22407978466748,-10.591185917293265,-17.22407978466748,94,0.425531914893617,1.2750159245045964,4.031786210213996,0.04289134266185102,-2.6999999999999984,0.2127659574468085,82,0.43902439024390244,-2.699999999999999,0.868101585131973,0,0.5,133,0.38345864661654133,0.9648511048066654,-0.8181882670517115,-0.006151791481591816,-3.932045324651458,0.2556390977443609,128,0.390625,-3.9320453246514577,-3.055531472002878,20,0.5,385,0.4077922077922078,1.024361275896639,1.437751841144806,0.0037344203666098857,-3.5525202185244535,0.43116883116883115,349,0.40114613180515757,-3.5525202185244535,2.9461964222015906,19,0.4117647058823529
SPXW,"d50ret,d65ret,d80_zero",0.0,1,score_desc,d65ret,22,2,0,False,False,False,False,False,-17.22407978466748,-10.591185917293265,-17.22407978466748,94,0.425531914893617,1.2750159245045964,4.031786210213996,0.04289134266185102,-2.6999999999999984,0.2127659574468085,82,0.43902439024390244,-2.699999999999999,0.868101585131973,0,0.5,133,0.38345864661654133,0.9648511048066654,-0.8181882670517115,-0.006151791481591816,-3.932045324651458,0.2556390977443609,128,0.390625,-3.9320453246514577,-3.055531472002878,20,0.5,363,0.4022038567493113,1.0123806297516682,0.7018887578038513,0.001933577845189673,-4.167323910677269,0.42424242424242425,315,0.3904761904761905,-4.163023892123223,7.123635967107614,3,0.35294117647058826
SPXW,"d50ret,d65ret,d80_zero",-999999.0,1,score_desc,d80_zero,21,2,0,False,False,False,False,False,-17.2314378955363,12.08037378069215,-17.2314378955363,84,0.4166666666666667,1.3009363862170884,3.972021740301634,0.047285973098828975,-2.3999999999999986,0.21428571428571427,82,0.4268292682926829,-2.3999999999999986,0.6294023959219697,0,0.3333333333333333,134,0.3880597014925373,1.0090491626867555,0.2080648188591656,0.0015527225287997434,-3.8320453246514568,0.2462686567164179,128,0.390625,-3.8320453246514568,15.612890060586277,20,0.6666666666666666,365,0.410958904109589,1.0724087049846953,4.094559314514645,0.011217970724697657,-3.780261589901637,0.4191780821917808,349,0.4183381088825215,-3.780261589901637,1.0082662964997893,19,0.47058823529411764
SPXW,"d50ret,d65ret,d80_zero",-999999.0,1,score_desc,d80_zero,21,2,15,False,False,False,False,False,-17.2314378955363,12.08037378069215,-17.2314378955363,84,0.4166666666666667,1.3009363862170884,3.972021740301634,0.047285973098828975,-2.3999999999999986,0.21428571428571427,82,0.4268292682926829,-2.3999999999999986,0.6294023959219697,0,0.3333333333333333,134,0.3880597014925373,1.0090491626867555,0.2080648188591656,0.0015527225287997434,-3.8320453246514568,0.2462686567164179,128,0.390625,-3.8320453246514568,15.612890060586277,20,0.6666666666666666,365,0.410958904109589,1.0724087049846953,4.094559314514645,0.011217970724697657,-3.780261589901637,0.4191780821917808,349,0.4183381088825215,-3.780261589901637,1.0082662964997893,19,0.47058823529411764
SPXW,"d50ret,d65ret,d80_zero",-999999.0,1,score_desc,d80_zero,21,2,30,False,False,False,False,False,-17.2314378955363,13.428734615687796,-17.2314378955363,84,0.4166666666666667,1.3009363862170884,3.972021740301634,0.047285973098828975,-2.3999999999999986,0.21428571428571427,82,0.4268292682926829,-2.3999999999999986,0.6294023959219697,0,0.3333333333333333,134,0.39552238805970147,1.0444223980166685,1.0080648188591654,0.0075228717825310855,-3.832045324651453,0.2462686567164179,128,0.390625,-3.832045324651453,3.71850408048775,20,0.6666666666666666,365,0.410958904109589,1.0724087049846953,4.094559314514645,0.011217970724697657,-3.780261589901637,0.4191780821917808,349,0.4183381088825215,-3.780261589901637,1.0082662964997893,19,0.47058823529411764
SPXW,"d50ret,d65ret,d80_zero",-999999.0,1,score_desc,d80_zero,21,3,0,False,False,False,False,False,-17.2314378955363,12.08037378069215,-17.2314378955363,84,0.4166666666666667,1.3009363862170884,3.972021740301634,0.047285973098828975,-2.3999999999999986,0.21428571428571427,82,0.4268292682926829,-2.3999999999999986,0.6294023959219697,0,0.3333333333333333,134,0.3880597014925373,1.0090491626867555,0.2080648188591656,0.0015527225287997434,-3.8320453246514568,0.2462686567164179,128,0.390625,-3.8320453246514568,15.612890060586277,20,0.6666666666666666,365,0.410958904109589,1.0724087049846953,4.094559314514645,0.011217970724697657,-3.780261589901637,0.4191780821917808,349,0.4183381088825215,-3.780261589901637,1.0082662964997893,19,0.47058823529411764
SPXW,"d50ret,d65ret,d80_zero",-999999.0,1,score_desc,d80_zero,21,3,15,False,False,False,False,False,-17.2314378955363,12.08037378069215,-17.2314378955363,84,0.4166666666666667,1.3009363862170884,3.972021740301634,0.047285973098828975,-2.3999999999999986,0.21428571428571427,82,0.4268292682926829,-2.3999999999999986,0.6294023959219697,0,0.3333333333333333,134,0.3880597014925373,1.0090491626867555,0.2080648188591656,0.0015527225287997434,-3.8320453246514568,0.2462686567164179,128,0.390625,-3.8320453246514568,15.612890060586277,20,0.6666666666666666,365,0.410958904109589,1.0724087049846953,4.094559314514645,0.011217970724697657,-3.780261589901637,0.4191780821917808,349,0.4183381088825215,-3.780261589901637,1.0082662964997893,19,0.47058823529411764
SPXW,"d50ret,d65ret,d80_zero",-999999.0,1,score_desc,d80_zero,21,3,30,False,False,False,False,False,-17.2314378955363,13.428734615687796,-17.2314378955363,84,0.4166666666666667,1.3009363862170884,3.972021740301634,0.047285973098828975,-2.3999999999999986,0.21428571428571427,82,0.4268292682926829,-2.3999999999999986,0.6294023959219697,0,0.3333333333333333,134,0.39552238805970147,1.0444223980166685,1.0080648188591654,0.0075228717825310855,-3.832045324651453,0.2462686567164179,128,0.390625,-3.832045324651453,3.71850408048775,20,0.6666666666666666,365,0.410958904109589,1.0724087049846953,4.094559314514645,0.011217970724697657,-3.780261589901637,0.4191780821917808,349,0.4183381088825215,-3.780261589901637,1.0082662964997893,19,0.47058823529411764
SPXW,"d50ret,d65ret,d80_zero",-999999.0,1,score_desc,d80_zero,21,4,0,False,False,False,False,False,-17.2314378955363,12.08037378069215,-17.2314378955363,84,0.4166666666666667,1.3009363862170884,3.972021740301634,0.047285973098828975,-2.3999999999999986,0.21428571428571427,82,0.4268292682926829,-2.3999999999999986,0.6294023959219697,0,0.3333333333333333,134,0.3880597014925373,1.0090491626867555,0.2080648188591656,0.0015527225287997434,-3.8320453246514568,0.2462686567164179,128,0.390625,-3.8320453246514568,15.612890060586277,20,0.6666666666666666,365,0.410958904109589,1.0724087049846953,4.094559314514645,0.011217970724697657,-3.780261589901637,0.4191780821917808,349,0.4183381088825215,-3.780261589901637,1.0082662964997893,19,0.47058823529411764
SPXW,"d50ret,d65ret,d80_zero",-999999.0,1,score_desc,d80_zero,21,4,15,False,False,False,False,False,-17.2314378955363,12.08037378069215,-17.2314378955363,84,0.4166666666666667,1.3009363862170884,3.972021740301634,0.047285973098828975,-2.3999999999999986,0.21428571428571427,82,0.4268292682926829,-2.3999999999999986,0.6294023959219697,0,0.3333333333333333,134,0.3880597014925373,1.0090491626867555,0.2080648188591656,0.0015527225287997434,-3.8320453246514568,0.2462686567164179,128,0.390625,-3.8320453246514568,15.612890060586277,20,0.6666666666666666,365,0.410958904109589,1.0724087049846953,4.094559314514645,0.011217970724697657,-3.780261589901637,0.4191780821917808,349,0.4183381088825215,-3.780261589901637,1.0082662964997893,19,0.47058823529411764
SPXW,"d50ret,d65ret,d80_zero",-999999.0,1,score_desc,d80_zero,21,4,30,False,False,False,False,False,-17.2314378955363,13.428734615687796,-17.2314378955363,84,0.4166666666666667,1.3009363862170884,3.972021740301634,0.047285973098828975,-2.3999999999999986,0.21428571428571427,82,0.4268292682926829,-2.3999999999999986,0.6294023959219697,0,0.3333333333333333,134,0.39552238805970147,1.0444223980166685,1.0080648188591654,0.0075228717825310855,-3.832045324651453,0.2462686567164179,128,0.390625,-3.832045324651453,3.71850408048775,20,0.6666666666666666,365,0.410958904109589,1.0724087049846953,4.094559314514645,0.011217970724697657,-3.780261589901637,0.4191780821917808,349,0.4183381088825215,-3.780261589901637,1.0082662964997893,19,0.47058823529411764
SPXW,"d50ret,d65ret,d80_zero",0.0,1,score_desc,d80_zero,21,3,0,False,False,False,False,False,-17.2314378955363,12.08037378069215,-17.2314378955363,84,0.4166666666666667,1.3009363862170884,3.972021740301634,0.047285973098828975,-2.3999999999999986,0.21428571428571427,82,0.4268292682926829,-2.3999999999999986,0.6294023959219697,0,0.3333333333333333,134,0.3880597014925373,1.0090491626867555,0.2080648188591656,0.0015527225287997434,-3.8320453246514568,0.2462686567164179,128,0.390625,-3.8320453246514568,15.612890060586277,20,0.6666666666666666,343,0.40816326530612246,1.070307699023173,3.8470424733377233,0.011215867269206191,-3.6702769263037216,0.4110787172011662,322,0.41304347826086957,-3.6702769263037216,1.2217177305875295,15,0.5294117647058824
SPXW,"d50ret,d65ret,d80_zero",0.0,1,score_desc,d80_zero,21,3,15,False,False,False,False,False,-17.2314378955363,12.08037378069215,-17.2314378955363,84,0.4166666666666667,1.3009363862170884,3.972021740301634,0.047285973098828975,-2.3999999999999986,0.21428571428571427,82,0.4268292682926829,-2.3999999999999986,0.6294023959219697,0,0.3333333333333333,134,0.3880597014925373,1.0090491626867555,0.2080648188591656,0.0015527225287997434,-3.8320453246514568,0.2462686567164179,128,0.390625,-3.8320453246514568,15.612890060586277,20,0.6666666666666666,343,0.40816326530612246,1.070307699023173,3.8470424733377233,0.011215867269206191,-3.6702769263037216,0.4110787172011662,322,0.41304347826086957,-3.6702769263037216,1.2217177305875295,15,0.5294117647058824
SPXW,"d50ret,d65ret,d80_zero",0.0,1,score_desc,d80_zero,21,3,30,False,False,False,False,False,-17.2314378955363,13.428734615687796,-17.2314378955363,84,0.4166666666666667,1.3009363862170884,3.972021740301634,0.047285973098828975,-2.3999999999999986,0.21428571428571427,82,0.4268292682926829,-2.3999999999999986,0.6294023959219697,0,0.3333333333333333,134,0.39552238805970147,1.0444223980166685,1.0080648188591654,0.0075228717825310855,-3.832045324651453,0.2462686567164179,128,0.390625,-3.832045324651453,3.71850408048775,20,0.6666666666666666,343,0.40816326530612246,1.070307699023173,3.8470424733377233,0.011215867269206191,-3.6702769263037216,0.4110787172011662,322,0.41304347826086957,-3.6702769263037216,1.2217177305875295,15,0.5294117647058824
SPXW,"d50ret,d65ret,d80_zero",0.0,1,score_desc,d80_zero,21,4,0,False,False,False,False,False,-17.2314378955363,12.08037378069215,-17.2314378955363,84,0.4166666666666667,1.3009363862170884,3.972021740301634,0.047285973098828975,-2.3999999999999986,0.21428571428571427,82,0.4268292682926829,-2.3999999999999986,0.6294023959219697,0,0.3333333333333333,134,0.3880597014925373,1.0090491626867555,0.2080648188591656,0.0015527225287997434,-3.8320453246514568,0.2462686567164179,128,0.390625,-3.8320453246514568,15.612890060586277,20,0.6666666666666666,343,0.40816326530612246,1.070307699023173,3.8470424733377233,0.011215867269206191,-3.6702769263037216,0.4110787172011662,322,0.41304347826086957,-3.6702769263037216,1.2217177305875295,15,0.5294117647058824
SPXW,"d50ret,d65ret,d80_zero",0.0,1,score_desc,d80_zero,21,4,15,False,False,False,False,False,-17.2314378955363,12.08037378069215,-17.2314378955363,84,0.4166666666666667,1.3009363862170884,3.972021740301634,0.047285973098828975,-2.3999999999999986,0.21428571428571427,82,0.4268292682926829,-2.3999999999999986,0.6294023959219697,0,0.3333333333333333,134,0.3880597014925373,1.0090491626867555,0.2080648188591656,0.0015527225287997434,-3.8320453246514568,0.2462686567164179,128,0.390625,-3.8320453246514568,15.612890060586277,20,0.6666666666666666,343,0.40816326530612246,1.070307699023173,3.8470424733377233,0.011215867269206191,-3.6702769263037216,0.4110787172011662,322,0.41304347826086957,-3.6702769263037216,1.2217177305875295,15,0.5294117647058824
SPXW,"d50ret,d65ret,d80_zero",0.0,1,score_desc,d80_zero,21,4,30,False,False,False,False,False,-17.2314378955363,13.428734615687796,-17.2314378955363,84,0.4166666666666667,1.3009363862170884,3.972021740301634,0.047285973098828975,-2.3999999999999986,0.21428571428571427,82,0.4268292682926829,-2.3999999999999986,0.6294023959219697,0,0.3333333333333333,134,0.39552238805970147,1.0444223980166685,1.0080648188591654,0.0075228717825310855,-3.832045324651453,0.2462686567164179,128,0.390625,-3.832045324651453,3.71850408048775,20,0.6666666666666666,343,0.40816326530612246,1.070307699023173,3.8470424733377233,0.011215867269206191,-3.6702769263037216,0.4110787172011662,322,0.41304347826086957,-3.6702769263037216,1.2217177305875295,15,0.5294117647058824
SPXW,"d50ret,d65ret,d80_zero",0.0,1,score_desc,d80_zero,21,2,0,False,False,False,False,False,-17.2314378955363,12.08037378069215,-17.2314378955363,84,0.4166666666666667,1.3009363862170884,3.972021740301634,0.047285973098828975,-2.3999999999999986,0.21428571428571427,82,0.4268292682926829,-2.3999999999999986,0.6294023959219697,0,0.3333333333333333,134,0.3880597014925373,1.0090491626867555,0.2080648188591656,0.0015527225287997434,-3.8320453246514568,0.2462686567164179,128,0.390625,-3.8320453246514568,15.612890060586277,20,0.6666666666666666,343,0.40524781341107874,1.055383423055809,3.047042473337723,0.008883505753171204,-3.6702769263037216,0.4110787172011662,322,0.40993788819875776,-3.6702769263037216,1.5189831439318442,15,0.5294117647058824
SPXW,"d50ret,d65ret,d80_zero",0.0,1,score_desc,d80_zero,21,2,15,False,False,False,False,False,-17.2314378955363,12.08037378069215,-17.2314378955363,84,0.4166666666666667,1.3009363862170884,3.972021740301634,0.047285973098828975,-2.3999999999999986,0.21428571428571427,82,0.4268292682926829,-2.3999999999999986,0.6294023959219697,0,0.3333333333333333,134,0.3880597014925373,1.0090491626867555,0.2080648188591656,0.0015527225287997434,-3.8320453246514568,0.2462686567164179,128,0.390625,-3.8320453246514568,15.612890060586277,20,0.6666666666666666,343,0.40524781341107874,1.055383423055809,3.047042473337723,0.008883505753171204,-3.6702769263037216,0.4110787172011662,322,0.40993788819875776,-3.6702769263037216,1.5189831439318442,15,0.5294117647058824
SPXW,"d50ret,d65ret,d80_zero",0.0,1,score_desc,d80_zero,21,2,30,False,False,False,False,False,-17.2314378955363,13.428734615687796,-17.2314378955363,84,0.4166666666666667,1.3009363862170884,3.972021740301634,0.047285973098828975,-2.3999999999999986,0.21428571428571427,82,0.4268292682926829,-2.3999999999999986,0.6294023959219697,0,0.3333333333333333,134,0.39552238805970147,1.0444223980166685,1.0080648188591654,0.0075228717825310855,-3.832045324651453,0.2462686567164179,128,0.390625,-3.832045324651453,3.71850408048775,20,0.6666666666666666,343,0.40524781341107874,1.055383423055809,3.047042473337723,0.008883505753171204,-3.6702769263037216,0.4110787172011662,322,0.40993788819875776,-3.6702769263037216,1.5189831439318442,15,0.5294117647058824
SPXW,"d65ret,d80_zero",-999999.0,1,score_desc,d50ret,21,2,15,False,False,False,False,False,-17.2314378955363,-11.845400720711032,-17.2314378955363,84,0.4166666666666667,1.3009363862170884,3.972021740301633,0.04728597309882897,-2.3999999999999986,0.2261904761904762,82,0.4268292682926829,-2.3999999999999986,0.6294023959219698,0,0.3333333333333333,134,0.3880597014925373,0.9422827306644921,-1.3179730319881937,-0.009835619641702938,-3.708474258930914,0.23880597014925373,124,0.3951612903225806,-3.708474258930914,-2.1035275117916172,21,0.3333333333333333,376,0.4148936170212766,0.9849078526131095,-0.8540533783964761,-0.002271418559565096,-4.28086726741641,0.46808510638297873,347,0.41210374639769454,-4.12796282437709,-3.2915187384498523,19,0.47058823529411764
SPXW,"d65ret,d80_zero",-999999.0,1,score_desc,d50ret,21,2,30,False,False,False,False,False,-17.2314378955363,-11.845400720711032,-17.2314378955363,84,0.4166666666666667,1.3009363862170884,3.972021740301633,0.04728597309882897,-2.3999999999999986,0.2261904761904762,82,0.4268292682926829,-2.3999999999999986,0.6294023959219698,0,0.3333333333333333,134,0.3880597014925373,0.9422827306644921,-1.3179730319881937,-0.009835619641702938,-3.708474258930914,0.23880597014925373,124,0.3951612903225806,-3.708474258930914,-2.1035275117916172,21,0.3333333333333333,376,0.4148936170212766,0.9849078526131095,-0.8540533783964761,-0.002271418559565096,-4.28086726741641,0.46808510638297873,347,0.41210374639769454,-4.12796282437709,-3.2915187384498523,19,0.47058823529411764
SPXW,"d65ret,d80_zero",-999999.0,1,score_desc,d50ret,21,3,15,False,False,False,False,False,-17.2314378955363,-11.845400720711032,-17.2314378955363,84,0.4166666666666667,1.3009363862170884,3.972021740301633,0.04728597309882897,-2.3999999999999986,0.2261904761904762,82,0.4146341463414634,-2.3999999999999986,0.6294023959219698,0,0.3333333333333333,134,0.3880597014925373,0.9422827306644921,-1.3179730319881937,-0.009835619641702938,-3.708474258930914,0.23880597014925373,124,0.3951612903225806,-3.708474258930914,-2.1035275117916172,21,0.3333333333333333,376,0.4148936170212766,0.9820254789097566,-1.0201502712765114,-0.0027131656150971048,-4.403147515329795,0.46808510638297873,347,0.4092219020172911,-4.250243072290475,-2.755606480514719,19,0.47058823529411764
SPXW,"d65ret,d80_zero",-999999.0,1,score_desc,d50ret,21,3,30,False,False,False,False,False,-17.2314378955363,-11.845400720711032,-17.2314378955363,84,0.4166666666666667,1.3009363862170884,3.972021740301633,0.04728597309882897,-2.3999999999999986,0.2261904761904762,82,0.4146341463414634,-2.3999999999999986,0.6294023959219698,0,0.3333333333333333,134,0.3880597014925373,0.9422827306644921,-1.3179730319881937,-0.009835619641702938,-3.708474258930914,0.23880597014925373,124,0.3951612903225806,-3.708474258930914,-2.1035275117916172,21,0.3333333333333333,376,0.4148936170212766,0.9820254789097566,-1.0201502712765114,-0.0027131656150971048,-4.403147515329795,0.46808510638297873,347,0.4092219020172911,-4.250243072290475,-2.755606480514719,19,0.47058823529411764
SPXW,"d65ret,d80_zero",-999999.0,1,score_desc,d50ret,21,4,15,False,False,False,False,False,-17.2314378955363,-11.845400720711032,-17.2314378955363,84,0.4166666666666667,1.3009363862170884,3.972021740301633,0.04728597309882897,-2.3999999999999986,0.2261904761904762,82,0.4146341463414634,-2.3999999999999986,0.6294023959219698,0,0.3333333333333333,134,0.3880597014925373,0.9422827306644921,-1.3179730319881937,-0.009835619641702938,-3.708474258930914,0.23880597014925373,124,0.3951612903225806,-3.708474258930914,-2.1035275117916172,21,0.3333333333333333,376,0.4148936170212766,0.9820254789097566,-1.0201502712765114,-0.0027131656150971048,-4.403147515329795,0.46808510638297873,347,0.4092219020172911,-4.250243072290475,-2.755606480514719,19,0.47058823529411764
SPXW,"d65ret,d80_zero",-999999.0,1,score_desc,d50ret,21,4,30,False,False,False,False,False,-17.2314378955363,-11.845400720711032,-17.2314378955363,84,0.4166666666666667,1.3009363862170884,3.972021740301633,0.04728597309882897,-2.3999999999999986,0.2261904761904762,82,0.4146341463414634,-2.3999999999999986,0.6294023959219698,0,0.3333333333333333,134,0.3880597014925373,0.9422827306644921,-1.3179730319881937,-0.009835619641702938,-3.708474258930914,0.23880597014925373,124,0.3951612903225806,-3.708474258930914,-2.1035275117916172,21,0.3333333333333333,376,0.4148936170212766,0.9820254789097566,-1.0201502712765114,-0.0027131656150971048,-4.403147515329795,0.46808510638297873,347,0.4092219020172911,-4.250243072290475,-2.755606480514719,19,0.47058823529411764
SPXW,"d65ret,d80_zero",-999999.0,1,score_desc,d50ret,21,3,0,False,False,False,False,False,-17.2314378955363,-10.358712863601037,-17.2314378955363,84,0.4166666666666667,1.3009363862170884,3.972021740301633,0.04728597309882897,-2.3999999999999986,0.2261904761904762,82,0.4146341463414634,-2.3999999999999986,0.6294023959219698,0,0.3333333333333333,134,0.39552238805970147,0.9648545285868851,-0.7920027030633077,-0.005910467933308267,-3.182503930006028,0.2462686567164179,124,0.4032258064516129,-3.182503930006028,-3.5004836749464623,21,0.3333333333333333,378,0.40476190476190477,0.940113167326197,-3.48183616780919,-0.009211206793146005,-5.232454378590569,0.4603174603174603,345,0.4028985507246377,-5.23245437859057,-0.8073707558725255,19,0.4117647058823529
SPXW,"d65ret,d80_zero",-999999.0,1,score_desc,d50ret,21,4,0,False,False,False,False,False,-17.2314378955363,-10.358712863601037,-17.2314378955363,84,0.4166666666666667,1.3009363862170884,3.972021740301633,0.04728597309882897,-2.3999999999999986,0.2261904761904762,82,0.4146341463414634,-2.3999999999999986,0.6294023959219698,0,0.3333333333333333,134,0.39552238805970147,0.9648545285868851,-0.7920027030633077,-0.005910467933308267,-3.182503930006028,0.2462686567164179,124,0.4032258064516129,-3.182503930006028,-3.5004836749464623,21,0.3333333333333333,378,0.40476190476190477,0.940113167326197,-3.48183616780919,-0.009211206793146005,-5.232454378590569,0.4603174603174603,345,0.4028985507246377,-5.23245437859057,-0.8073707558725255,19,0.4117647058823529
SPXW,"d65ret,d80_zero",-999999.0,1,score_desc,d50ret,21,2,0,False,False,False,False,False,-17.2314378955363,-10.358712863601037,-17.2314378955363,84,0.4166666666666667,1.3009363862170884,3.972021740301633,0.04728597309882897,-2.3999999999999986,0.2261904761904762,82,0.4268292682926829,-2.3999999999999986,0.6294023959219698,0,0.3333333333333333,134,0.39552238805970147,0.9648545285868851,-0.7920027030633077,-0.005910467933308267,-3.182503930006028,0.2462686567164179,124,0.4032258064516129,-3.182503930006028,-3.5004836749464623,21,0.3333333333333333,378,0.40476190476190477,0.9388793647686478,-3.543417824690221,-0.009374121229339208,-5.337852680438257,0.46296296296296297,345,0.4028985507246377,-5.337852680438256,-0.7933393231361767,19,0.4117647058823529
SPXW,"d65ret,d80_zero",0.0,1,score_desc,d50ret,21,2,15,False,False,False,False,False,-17.2314378955363,-11.845400720711032,-17.2314378955363,84,0.4166666666666667,1.3009363862170884,3.972021740301633,0.04728597309882897,-2.3999999999999986,0.2261904761904762,82,0.4268292682926829,-2.3999999999999986,0.6294023959219698,0,0.3333333333333333,134,0.3880597014925373,0.9422827306644921,-1.3179730319881937,-0.009835619641702938,-3.708474258930914,0.23880597014925373,124,0.3951612903225806,-3.708474258930914,-2.1035275117916172,21,0.3333333333333333,348,0.39655172413793105,0.8982190987900973,-5.485249887907537,-0.015762212321573384,-8.066820082762971,0.45977011494252873,308,0.4025974025974026,-8.066820082762971,-0.6036430000988531,3,0.4117647058823529
SPXW,"d65ret,d80_zero",0.0,1,score_desc,d50ret,21,3,15,False,False,False,False,False,-17.2314378955363,-11.845400720711032,-17.2314378955363,84,0.4166666666666667,1.3009363862170884,3.972021740301633,0.04728597309882897,-2.3999999999999986,0.2261904761904762,82,0.4146341463414634,-2.3999999999999986,0.6294023959219698,0,0.3333333333333333,134,0.3880597014925373,0.9422827306644921,-1.3179730319881937,-0.009835619641702938,-3.708474258930914,0.23880597014925373,124,0.3951612903225806,-3.708474258930914,-2.1035275117916172,21,0.3333333333333333,348,0.39655172413793105,0.8954593011755556,-5.6513467807875735,-0.016239502243642453,-8.232916975643006,0.45977011494252873,308,0.39935064935064934,-8.232916975643004,-0.5859015252585442,3,0.4117647058823529
SPXW,"d65ret,d80_zero",0.0,1,score_desc,d50ret,21,4,15,False,False,False,False,False,-17.2314378955363,-11.845400720711032,-17.2314378955363,84,0.4166666666666667,1.3009363862170884,3.972021740301633,0.04728597309882897,-2.3999999999999986,0.2261904761904762,82,0.4146341463414634,-2.3999999999999986,0.6294023959219698,0,0.3333333333333333,134,0.3880597014925373,0.9422827306644921,-1.3179730319881937,-0.009835619641702938,-3.708474258930914,0.23880597014925373,124,0.3951612903225806,-3.708474258930914,-2.1035275117916172,21,0.3333333333333333,348,0.39655172413793105,0.8954593011755556,-5.6513467807875735,-0.016239502243642453,-8.232916975643006,0.45977011494252873,308,0.39935064935064934,-8.232916975643004,-0.5859015252585442,3,0.4117647058823529
SPXW,"d65ret,d80_zero",0.0,1,score_desc,d50ret,21,2,30,False,False,False,False,False,-17.2314378955363,-11.845400720711032,-17.2314378955363,84,0.4166666666666667,1.3009363862170884,3.972021740301633,0.04728597309882897,-2.3999999999999986,0.2261904761904762,82,0.4268292682926829,-2.3999999999999986,0.6294023959219698,0,0.3333333333333333,134,0.3880597014925373,0.9422827306644921,-1.3179730319881937,-0.009835619641702938,-3.708474258930914,0.23880597014925373,124,0.3951612903225806,-3.708474258930914,-2.1035275117916172,21,0.3333333333333333,347,0.39481268011527376,0.8889414083211287,-5.985249887907537,-0.017248558754776766,-8.566820082762968,0.45821325648414984,308,0.39935064935064934,-8.56682008276297,-0.5532154480831519,3,0.35294117647058826
SPXW,"d65ret,d80_zero",0.0,1,score_desc,d50ret,21,3,30,False,False,False,False,False,-17.2314378955363,-11.845400720711032,-17.2314378955363,84,0.4166666666666667,1.3009363862170884,3.972021740301633,0.04728597309882897,-2.3999999999999986,0.2261904761904762,82,0.4146341463414634,-2.3999999999999986,0.6294023959219698,0,0.3333333333333333,134,0.3880597014925373,0.9422827306644921,-1.3179730319881937,-0.009835619641702938,-3.708474258930914,0.23880597014925373,124,0.3951612903225806,-3.708474258930914,-2.1035275117916172,21,0.3333333333333333,347,0.39481268011527376,0.8862101166112811,-6.1513467807875735,-0.017727224152125572,-8.732916975643004,0.45821325648414984,308,0.3961038961038961,-8.732916975643004,-0.538277683997596,3,0.35294117647058826
SPXW,"d65ret,d80_zero",0.0,1,score_desc,d50ret,21,4,30,False,False,False,False,False,-17.2314378955363,-11.845400720711032,-17.2314378955363,84,0.4166666666666667,1.3009363862170884,3.972021740301633,0.04728597309882897,-2.3999999999999986,0.2261904761904762,82,0.4146341463414634,-2.3999999999999986,0.6294023959219698,0,0.3333333333333333,134,0.3880597014925373,0.9422827306644921,-1.3179730319881937,-0.009835619641702938,-3.708474258930914,0.23880597014925373,124,0.3951612903225806,-3.708474258930914,-2.1035275117916172,21,0.3333333333333333,347,0.39481268011527376,0.8862101166112811,-6.1513467807875735,-0.017727224152125572,-8.732916975643004,0.45821325648414984,308,0.3961038961038961,-8.732916975643004,-0.538277683997596,3,0.35294117647058826
SPXW,"d65ret,d80_zero",0.0,1,score_desc,d50ret,21,3,0,False,False,False,False,False,-17.2314378955363,-10.358712863601037,-17.2314378955363,84,0.4166666666666667,1.3009363862170884,3.972021740301633,0.04728597309882897,-2.3999999999999986,0.2261904761904762,82,0.4146341463414634,-2.3999999999999986,0.6294023959219698,0,0.3333333333333333,134,0.39552238805970147,0.9648545285868851,-0.7920027030633077,-0.005910467933308267,-3.182503930006028,0.2462686567164179,124,0.4032258064516129,-3.182503930006028,-3.5004836749464623,21,0.3333333333333333,350,0.38857142857142857,0.8659573284776102,-7.391612895570425,-0.02111889398734407,-8.74726477876487,0.4514285714285714,304,0.39473684210526316,-8.74726477876487,-0.44795807700003704,3,0.35294117647058826
SPXW,"d65ret,d80_zero",0.0,1,score_desc,d50ret,21,4,0,False,False,False,False,False,-17.2314378955363,-10.358712863601037,-17.2314378955363,84,0.4166666666666667,1.3009363862170884,3.972021740301633,0.04728597309882897,-2.3999999999999986,0.2261904761904762,82,0.4146341463414634,-2.3999999999999986,0.6294023959219698,0,0.3333333333333333,134,0.39552238805970147,0.9648545285868851,-0.7920027030633077,-0.005910467933308267,-3.182503930006028,0.2462686567164179,124,0.4032258064516129,-3.182503930006028,-3.5004836749464623,21,0.3333333333333333,350,0.38857142857142857,0.8659573284776102,-7.391612895570425,-0.02111889398734407,-8.74726477876487,0.4514285714285714,304,0.39473684210526316,-8.74726477876487,-0.44795807700003704,3,0.35294117647058826
SPXW,"d65ret,d80_zero",0.0,1,score_desc,d50ret,21,2,0,False,False,False,False,False,-17.2314378955363,-10.358712863601037,-17.2314378955363,84,0.4166666666666667,1.3009363862170884,3.972021740301633,0.04728597309882897,-2.3999999999999986,0.2261904761904762,82,0.4268292682926829,-2.3999999999999986,0.6294023959219698,0,0.3333333333333333,134,0.39552238805970147,0.9648545285868851,-0.7920027030633077,-0.005910467933308267,-3.182503930006028,0.2462686567164179,124,0.4032258064516129,-3.182503930006028,-3.5004836749464623,21,0.3333333333333333,350,0.38857142857142857,0.8644322404864205,-7.453194552451456,-0.02129484157843273,-8.808846435645899,0.4542857142857143,304,0.39473684210526316,-8.8088464356459,-0.4442568452126783,3,0.35294117647058826
SPXW,"d65ret,d80_front,d80_zero",0.0,1,score_desc,d80_zero,22,3,0,False,False,False,False,False,-17.27322056457452,-11.31439670241012,-17.27322056457452,85,0.4235294117647059,1.2908235027756743,3.758214365309364,0.044214286650698396,-2.3999999999999986,0.21176470588235294,82,0.4268292682926829,-2.3999999999999986,0.7982514323003632,0,0.3333333333333333,133,0.39849624060150374,0.9395145191052378,-1.3230323840003644,-0.009947611909777176,-3.1983460444368337,0.22556390977443608,128,0.4140625,-3.1983460444368337,-1.889598493757891,20,0.5,365,0.4328767123287671,1.069411577579942,3.5079603718671812,0.009610850333882688,-5.981561541892948,0.40273972602739727,335,0.4388059701492537,-5.981561541892948,1.319707617054814,18,0.5882352941176471
SPXW,"d65ret,d80_front,d80_zero",0.0,1,score_desc,d80_zero,22,4,0,False,False,False,False,False,-17.27322056457452,-11.31439670241012,-17.27322056457452,85,0.4235294117647059,1.2908235027756743,3.758214365309364,0.044214286650698396,-2.3999999999999986,0.21176470588235294,82,0.4268292682926829,-2.3999999999999986,0.7982514323003632,0,0.3333333333333333,133,0.39849624060150374,0.9395145191052378,-1.3230323840003644,-0.009947611909777176,-3.1983460444368337,0.22556390977443608,128,0.4140625,-3.1983460444368337,-1.889598493757891,20,0.5,365,0.4328767123287671,1.069411577579942,3.5079603718671812,0.009610850333882688,-5.981561541892948,0.40273972602739727,335,0.4388059701492537,-5.981561541892948,1.319707617054814,18,0.5882352941176471
SPXW,"d65ret,d80_front,d80_zero",-999999.0,1,score_desc,d80_zero,22,3,0,False,False,False,False,False,-17.27322056457452,-11.31439670241012,-17.27322056457452,85,0.4235294117647059,1.2908235027756743,3.758214365309364,0.044214286650698396,-2.3999999999999986,0.21176470588235294,82,0.4268292682926829,-2.3999999999999986,0.7982514323003632,0,0.3333333333333333,133,0.39849624060150374,0.9395145191052378,-1.3230323840003644,-0.009947611909777176,-3.1983460444368337,0.22556390977443608,128,0.4140625,-3.1983460444368337,-1.889598493757891,20,0.5,375,0.42933333333333334,1.064451851899708,3.3575767021203182,0.008953537872320848,-6.0922792122014995,0.4026666666666667,349,0.4326647564469914,-5.992279212201498,1.3788164601440163,19,0.6470588235294118
SPXW,"d65ret,d80_front,d80_zero",-999999.0,1,score_desc,d80_zero,22,4,0,False,False,False,False,False,-17.27322056457452,-11.31439670241012,-17.27322056457452,85,0.4235294117647059,1.2908235027756743,3.758214365309364,0.044214286650698396,-2.3999999999999986,0.21176470588235294,82,0.4268292682926829,-2.3999999999999986,0.7982514323003632,0,0.3333333333333333,133,0.39849624060150374,0.9395145191052378,-1.3230323840003644,-0.009947611909777176,-3.1983460444368337,0.22556390977443608,128,0.4140625,-3.1983460444368337,-1.889598493757891,20,0.5,375,0.42933333333333334,1.064451851899708,3.3575767021203182,0.008953537872320848,-6.0922792122014995,0.4026666666666667,349,0.4326647564469914,-5.992279212201498,1.3788164601440163,19,0.6470588235294118
SPXW,"d65ret,d80_front,d80_zero",0.0,1,score_desc,d80_zero,22,2,30,False,False,False,False,False,-17.27322056457452,-9.141445316134593,-17.27322056457452,85,0.4235294117647059,1.2908235027756743,3.758214365309364,0.044214286650698396,-2.3999999999999986,0.21176470588235294,82,0.4268292682926829,-2.3999999999999986,0.7982514323003632,0,0.3333333333333333,133,0.40601503759398494,0.975755853510861,-0.5230323840003643,-0.003932574315792213,-2.3983460444368325,0.23308270676691728,128,0.421875,-2.3983460444368325,-4.779818757834809,20,0.5,364,0.43131868131868134,1.0598461177693794,3.023599950368186,0.008306593270242269,-5.965921963391943,0.4065934065934066,335,0.4417910447761194,-5.965921963391943,1.507437575651811,18,0.6470588235294118
SPXW,"d65ret,d80_front,d80_zero",0.0,1,score_desc,d80_zero,22,3,30,False,False,False,False,False,-17.27322056457452,-9.141445316134593,-17.27322056457452,85,0.4235294117647059,1.2908235027756743,3.758214365309364,0.044214286650698396,-2.3999999999999986,0.21176470588235294,82,0.4268292682926829,-2.3999999999999986,0.7982514323003632,0,0.3333333333333333,133,0.40601503759398494,0.975755853510861,-0.5230323840003643,-0.003932574315792213,-2.3983460444368325,0.23308270676691728,128,0.421875,-2.3983460444368325,-4.779818757834809,20,0.5,364,0.43131868131868134,1.0598461177693794,3.023599950368186,0.008306593270242269,-5.965921963391943,0.4065934065934066,335,0.43582089552238806,-5.965921963391945,1.5311159211111318,18,0.5882352941176471
SPXW,"d65ret,d80_front,d80_zero",0.0,1,score_desc,d80_zero,22,4,30,False,False,False,False,False,-17.27322056457452,-9.141445316134593,-17.27322056457452,85,0.4235294117647059,1.2908235027756743,3.758214365309364,0.044214286650698396,-2.3999999999999986,0.21176470588235294,82,0.4268292682926829,-2.3999999999999986,0.7982514323003632,0,0.3333333333333333,133,0.40601503759398494,0.975755853510861,-0.5230323840003643,-0.003932574315792213,-2.3983460444368325,0.23308270676691728,128,0.421875,-2.3983460444368325,-4.779818757834809,20,0.5,364,0.43131868131868134,1.0598461177693794,3.023599950368186,0.008306593270242269,-5.965921963391943,0.4065934065934066,335,0.43582089552238806,-5.965921963391945,1.5311159211111318,18,0.5882352941176471
SPXW,"d65ret,d80_front,d80_zero",0.0,1,score_desc,d80_zero,22,2,0,False,False,False,False,False,-17.27322056457452,-11.31439670241012,-17.27322056457452,85,0.4235294117647059,1.2908235027756743,3.758214365309364,0.044214286650698396,-2.3999999999999986,0.21176470588235294,82,0.4268292682926829,-2.3999999999999986,0.7982514323003632,0,0.3333333333333333,133,0.39849624060150374,0.9395145191052378,-1.3230323840003644,-0.009947611909777176,-3.1983460444368337,0.22556390977443608,128,0.4140625,-3.1983460444368337,-1.889598493757891,20,0.5,365,0.4301369863013699,1.0532658869695513,2.7079603718671823,0.007419069511964883,-5.981561541892947,0.40273972602739727,335,0.4417910447761194,-5.9815615418929475,1.6831443422420604,18,0.5882352941176471
SPXW,"d65ret,d80_front,d80_zero",0.0,1,score_desc,d80_zero,22,2,15,False,False,False,False,False,-17.27322056457452,-11.31439670241012,-17.27322056457452,85,0.4235294117647059,1.2908235027756743,3.758214365309364,0.044214286650698396,-2.3999999999999986,0.21176470588235294,82,0.4268292682926829,-2.3999999999999986,0.7982514323003632,0,0.3333333333333333,133,0.39849624060150374,0.9395145191052378,-1.3230323840003644,-0.009947611909777176,-3.1983460444368337,0.22556390977443608,128,0.4140625,-3.1983460444368337,-1.889598493757891,20,0.5,365,0.4301369863013699,1.0532658869695513,2.7079603718671823,0.007419069511964883,-5.981561541892947,0.4054794520547945,335,0.4417910447761194,-5.9815615418929475,1.6831443422420604,18,0.5882352941176471
SPXW,"d65ret,d80_front,d80_zero",0.0,1,score_desc,d80_zero,22,3,15,False,False,False,False,False,-17.27322056457452,-11.31439670241012,-17.27322056457452,85,0.4235294117647059,1.2908235027756743,3.758214365309364,0.044214286650698396,-2.3999999999999986,0.21176470588235294,82,0.4268292682926829,-2.3999999999999986,0.7982514323003632,0,0.3333333333333333,133,0.39849624060150374,0.9395145191052378,-1.3230323840003644,-0.009947611909777176,-3.1983460444368337,0.22556390977443608,128,0.4140625,-3.1983460444368337,-1.889598493757891,20,0.5,365,0.4301369863013699,1.0532658869695513,2.7079603718671814,0.007419069511964881,-5.981561541892947,0.4054794520547945,335,0.43582089552238806,-5.9815615418929475,1.7095826331784376,18,0.5294117647058824
SPXW,"d65ret,d80_front,d80_zero",0.0,1,score_desc,d80_zero,22,4,15,False,False,False,False,False,-17.27322056457452,-11.31439670241012,-17.27322056457452,85,0.4235294117647059,1.2908235027756743,3.758214365309364,0.044214286650698396,-2.3999999999999986,0.21176470588235294,82,0.4268292682926829,-2.3999999999999986,0.7982514323003632,0,0.3333333333333333,133,0.39849624060150374,0.9395145191052378,-1.3230323840003644,-0.009947611909777176,-3.1983460444368337,0.22556390977443608,128,0.4140625,-3.1983460444368337,-1.889598493757891,20,0.5,365,0.4301369863013699,1.0532658869695513,2.7079603718671814,0.007419069511964881,-5.981561541892947,0.4054794520547945,335,0.43582089552238806,-5.9815615418929475,1.7095826331784376,18,0.5294117647058824
SPXW,"d65ret,d80_front,d80_zero",-999999.0,1,score_desc,d80_zero,22,2,0,False,False,False,False,False,-17.27322056457452,-11.31439670241012,-17.27322056457452,85,0.4235294117647059,1.2908235027756743,3.758214365309364,0.044214286650698396,-2.3999999999999986,0.21176470588235294,82,0.4268292682926829,-2.3999999999999986,0.7982514323003632,0,0.3333333333333333,133,0.39849624060150374,0.9395145191052378,-1.3230323840003644,-0.009947611909777176,-3.1983460444368337,0.22556390977443608,128,0.4140625,-3.1983460444368337,-1.889598493757891,20,0.5,375,0.4266666666666667,1.0488139881194165,2.5575767021203175,0.006820204538987513,-5.6922792122015,0.4026666666666667,349,0.4355300859598854,-5.514724633450104,1.7821120184373398,19,0.6470588235294118
SPXW,"d65ret,d80_front,d80_zero",-999999.0,1,score_desc,d80_zero,22,2,15,False,False,False,False,False,-17.27322056457452,-11.31439670241012,-17.27322056457452,85,0.4235294117647059,1.2908235027756743,3.758214365309364,0.044214286650698396,-2.3999999999999986,0.21176470588235294,82,0.4268292682926829,-2.3999999999999986,0.7982514323003632,0,0.3333333333333333,133,0.39849624060150374,0.9395145191052378,-1.3230323840003644,-0.009947611909777176,-3.1983460444368337,0.22556390977443608,128,0.4140625,-3.1983460444368337,-1.889598493757891,20,0.5,375,0.4266666666666667,1.0488139881194165,2.5575767021203175,0.006820204538987513,-5.6922792122015,0.4053333333333333,349,0.4355300859598854,-5.514724633450104,1.7821120184373398,19,0.6470588235294118
SPXW,"d65ret,d80_front,d80_zero",-999999.0,1,score_desc,d80_zero,22,2,30,False,False,False,False,False,-17.27322056457452,-9.141445316134593,-17.27322056457452,85,0.4235294117647059,1.2908235027756743,3.758214365309364,0.044214286650698396,-2.3999999999999986,0.21176470588235294,82,0.4268292682926829,-2.3999999999999986,0.7982514323003632,0,0.3333333333333333,133,0.40601503759398494,0.975755853510861,-0.5230323840003643,-0.003932574315792213,-2.3983460444368325,0.23308270676691728,128,0.421875,-2.3983460444368325,-4.779818757834809,20,0.5,375,0.4266666666666667,1.0488139881194165,2.5575767021203175,0.006820204538987513,-5.6922792122015,0.4053333333333333,349,0.4355300859598854,-5.514724633450104,1.7821120184373398,19,0.6470588235294118
SPXW,"d65ret,d80_front,d80_zero",-999999.0,1,score_desc,d80_zero,22,3,15,False,False,False,False,False,-17.27322056457452,-11.31439670241012,-17.27322056457452,85,0.4235294117647059,1.2908235027756743,3.758214365309364,0.044214286650698396,-2.3999999999999986,0.21176470588235294,82,0.4268292682926829,-2.3999999999999986,0.7982514323003632,0,0.3333333333333333,133,0.39849624060150374,0.9395145191052378,-1.3230323840003644,-0.009947611909777176,-3.1983460444368337,0.22556390977443608,128,0.4140625,-3.1983460444368337,-1.889598493757891,20,0.5,375,0.4266666666666667,1.0488139881194165,2.5575767021203175,0.006820204538987513,-6.0922792122014995,0.4053333333333333,349,0.4297994269340974,-5.992279212201501,1.810104861856757,19,0.5882352941176471
SPXW,"d65ret,d80_front,d80_zero",-999999.0,1,score_desc,d80_zero,22,3,30,False,False,False,False,False,-17.27322056457452,-9.141445316134593,-17.27322056457452,85,0.4235294117647059,1.2908235027756743,3.758214365309364,0.044214286650698396,-2.3999999999999986,0.21176470588235294,82,0.4268292682926829,-2.3999999999999986,0.7982514323003632,0,0.3333333333333333,133,0.40601503759398494,0.975755853510861,-0.5230323840003643,-0.003932574315792213,-2.3983460444368325,0.23308270676691728,128,0.421875,-2.3983460444368325,-4.779818757834809,20,0.5,375,0.4266666666666667,1.0488139881194165,2.5575767021203175,0.006820204538987513,-6.0922792122014995,0.4053333333333333,349,0.4297994269340974,-5.992279212201501,1.810104861856757,19,0.5882352941176471
SPXW,"d65ret,d80_front,d80_zero",-999999.0,1,score_desc,d80_zero,22,4,15,False,False,False,False,False,-17.27322056457452,-11.31439670241012,-17.27322056457452,85,0.4235294117647059,1.2908235027756743,3.758214365309364,0.044214286650698396,-2.3999999999999986,0.21176470588235294,82,0.4268292682926829,-2.3999999999999986,0.7982514323003632,0,0.3333333333333333,133,0.39849624060150374,0.9395145191052378,-1.3230323840003644,-0.009947611909777176,-3.1983460444368337,0.22556390977443608,128,0.4140625,-3.1983460444368337,-1.889598493757891,20,0.5,375,0.4266666666666667,1.0488139881194165,2.5575767021203175,0.006820204538987513,-6.0922792122014995,0.4053333333333333,349,0.4297994269340974,-5.992279212201501,1.810104861856757,19,0.5882352941176471
SPXW,"d65ret,d80_front,d80_zero",-999999.0,1,score_desc,d80_zero,22,4,30,False,False,False,False,False,-17.27322056457452,-9.141445316134593,-17.27322056457452,85,0.4235294117647059,1.2908235027756743,3.758214365309364,0.044214286650698396,-2.3999999999999986,0.21176470588235294,82,0.4268292682926829,-2.3999999999999986,0.7982514323003632,0,0.3333333333333333,133,0.40601503759398494,0.975755853510861,-0.5230323840003643,-0.003932574315792213,-2.3983460444368325,0.23308270676691728,128,0.421875,-2.3983460444368325,-4.779818757834809,20,0.5,375,0.4266666666666667,1.0488139881194165,2.5575767021203175,0.006820204538987513,-6.0922792122014995,0.4053333333333333,349,0.4297994269340974,-5.992279212201501,1.810104861856757,19,0.5882352941176471
SPXW,"d50ret,d65ret,d80",0.0,1,score_desc,d80_front,22,1,0,False,False,False,False,False,-17.27815311511437,17.997618629272335,-17.27815311511437,102,0.47058823529411764,1.2344531046308254,2.7773896459502674,0.027229310254414385,-2.1593007859864737,0.23529411764705882,102,0.47058823529411764,-2.1593007859864737,0.9001257722859551,0,0.5,128,0.4453125,1.1301835286311321,2.0746510909811633,0.016208211648290338,-2.118158308777346,0.2265625,128,0.4453125,-2.118158308777346,1.205021900245249,20,0.8333333333333334,349,0.4297994269340974,1.0907453283817252,3.9751795011483932,0.011390199143691672,-5.186772461175442,0.4154727793696275,349,0.4297994269340974,-5.186772461175442,0.6289024179355354,19,0.6470588235294118
SPXW,"d50ret,d65ret,d80",0.0,1,score_desc,d80_front,22,1,15,False,False,False,False,False,-17.27815311511437,17.997618629272335,-17.27815311511437,102,0.47058823529411764,1.2344531046308254,2.7773896459502674,0.027229310254414385,-2.1593007859864737,0.23529411764705882,102,0.47058823529411764,-2.1593007859864737,0.9001257722859551,0,0.5,128,0.4453125,1.1301835286311321,2.0746510909811633,0.016208211648290338,-2.118158308777346,0.2265625,128,0.4453125,-2.118158308777346,1.205021900245249,20,0.8333333333333334,349,0.4297994269340974,1.0907453283817252,3.9751795011483932,0.011390199143691672,-5.186772461175442,0.4154727793696275,349,0.4297994269340974,-5.186772461175442,0.6289024179355354,19,0.6470588235294118
SPXW,"d50ret,d65ret,d80",0.0,1,score_desc,d80_front,22,1,30,False,False,False,False,False,-17.27815311511437,17.997618629272335,-17.27815311511437,102,0.47058823529411764,1.2344531046308254,2.7773896459502674,0.027229310254414385,-2.1593007859864737,0.23529411764705882,102,0.47058823529411764,-2.1593007859864737,0.9001257722859551,0,0.5,128,0.4453125,1.1301835286311321,2.0746510909811633,0.016208211648290338,-2.118158308777346,0.2265625,128,0.4453125,-2.118158308777346,1.205021900245249,20,0.8333333333333334,349,0.4297994269340974,1.0907453283817252,3.9751795011483932,0.011390199143691672,-5.186772461175442,0.4154727793696275,349,0.4297994269340974,-5.186772461175442,0.6289024179355354,19,0.6470588235294118
SPXW,"d50ret,d65ret,d80",-999999.0,1,score_desc,d80_front,22,1,0,False,False,False,False,False,-17.27815311511437,17.997618629272335,-17.27815311511437,102,0.47058823529411764,1.2344531046308254,2.7773896459502674,0.027229310254414385,-2.1593007859864737,0.23529411764705882,102,0.47058823529411764,-2.1593007859864737,0.9001257722859551,0,0.5,128,0.4453125,1.1301835286311321,2.0746510909811633,0.016208211648290338,-2.118158308777346,0.2265625,128,0.4453125,-2.118158308777346,1.205021900245249,20,0.8333333333333334,351,0.42735042735042733,1.0755919813803243,3.3342814369543996,0.009499377313260398,-5.126529510223664,0.4188034188034188,351,0.42735042735042733,-5.126529510223664,0.7497867373437891,19,0.5882352941176471
SPXW,"d50ret,d65ret,d80",-999999.0,1,score_desc,d80_front,22,1,15,False,False,False,False,False,-17.27815311511437,17.997618629272335,-17.27815311511437,102,0.47058823529411764,1.2344531046308254,2.7773896459502674,0.027229310254414385,-2.1593007859864737,0.23529411764705882,102,0.47058823529411764,-2.1593007859864737,0.9001257722859551,0,0.5,128,0.4453125,1.1301835286311321,2.0746510909811633,0.016208211648290338,-2.118158308777346,0.2265625,128,0.4453125,-2.118158308777346,1.205021900245249,20,0.8333333333333334,351,0.42735042735042733,1.0755919813803243,3.3342814369543996,0.009499377313260398,-5.126529510223664,0.4188034188034188,351,0.42735042735042733,-5.126529510223664,0.7497867373437891,19,0.5882352941176471
SPXW,"d50ret,d65ret,d80",-999999.0,1,score_desc,d80_front,22,1,30,False,False,False,False,False,-17.27815311511437,17.997618629272335,-17.27815311511437,102,0.47058823529411764,1.2344531046308254,2.7773896459502674,0.027229310254414385,-2.1593007859864737,0.23529411764705882,102,0.47058823529411764,-2.1593007859864737,0.9001257722859551,0,0.5,128,0.4453125,1.1301835286311321,2.0746510909811633,0.016208211648290338,-2.118158308777346,0.2265625,128,0.4453125,-2.118158308777346,1.205021900245249,20,0.8333333333333334,351,0.42735042735042733,1.0755919813803243,3.3342814369543996,0.009499377313260398,-5.126529510223664,0.4188034188034188,351,0.42735042735042733,-5.126529510223664,0.7497867373437891,19,0.5882352941176471
SPXW,d80,-999999.0,1,score_desc,d80,22,1,0,False,False,False,False,False,-8.214906859538331,-17.301115729240642,-17.301115729240642,61,0.5901639344262295,1.8803003616361051,5.795418449978902,0.0950068598357197,-1.4583223871185822,0.19672131147540983,61,0.5901639344262295,-1.4583223871185822,0.4313752357276464,0,0.5,103,0.46601941747572817,1.2539511603774436,3.962971151978315,0.03847544807745937,-2.353672703868141,0.08737864077669903,103,0.46601941747572817,-2.353672703868141,0.6308398179360958,0,0.8333333333333334,275,0.4581818181818182,1.2555086503417865,8.60676513360357,0.03129732775855844,-2.8904611199544004,0.45454545454545453,275,0.4581818181818182,-2.8904611199544004,0.29046917874396255,0,0.5882352941176471
SPXW,d80,-999999.0,1,score_desc,d80,22,1,15,False,False,False,False,False,-8.214906859538331,-17.301115729240642,-17.301115729240642,61,0.5901639344262295,1.8803003616361051,5.795418449978902,0.0950068598357197,-1.4583223871185822,0.19672131147540983,61,0.5901639344262295,-1.4583223871185822,0.4313752357276464,0,0.5,103,0.46601941747572817,1.2539511603774436,3.962971151978315,0.03847544807745937,-2.353672703868141,0.08737864077669903,103,0.46601941747572817,-2.353672703868141,0.6308398179360958,0,0.8333333333333334,275,0.4581818181818182,1.2555086503417865,8.60676513360357,0.03129732775855844,-2.8904611199544004,0.45454545454545453,275,0.4581818181818182,-2.8904611199544004,0.29046917874396255,0,0.5882352941176471
SPXW,d80,-999999.0,1,score_desc,d80,22,1,30,False,False,False,False,False,-8.214906859538331,-17.301115729240642,-17.301115729240642,61,0.5901639344262295,1.8803003616361051,5.795418449978902,0.0950068598357197,-1.4583223871185822,0.19672131147540983,61,0.5901639344262295,-1.4583223871185822,0.4313752357276464,0,0.5,103,0.46601941747572817,1.2539511603774436,3.962971151978315,0.03847544807745937,-2.353672703868141,0.08737864077669903,103,0.46601941747572817,-2.353672703868141,0.6308398179360958,0,0.8333333333333334,275,0.4581818181818182,1.2555086503417865,8.60676513360357,0.03129732775855844,-2.8904611199544004,0.45454545454545453,275,0.4581818181818182,-2.8904611199544004,0.29046917874396255,0,0.5882352941176471
SPXW,d80,0.0,1,score_desc,d80,22,1,0,False,False,False,False,False,-8.214906859538331,-17.301115729240642,-17.301115729240642,61,0.5901639344262295,1.8803003616361051,5.795418449978902,0.0950068598357197,-1.4583223871185822,0.19672131147540983,61,0.5901639344262295,-1.4583223871185822,0.4313752357276464,0,0.5,103,0.46601941747572817,1.2539511603774436,3.962971151978315,0.03847544807745937,-2.353672703868141,0.08737864077669903,103,0.46601941747572817,-2.353672703868141,0.6308398179360958,0,0.8333333333333334,275,0.4581818181818182,1.2555086503417865,8.60676513360357,0.03129732775855844,-2.8904611199544004,0.45454545454545453,275,0.4581818181818182,-2.8904611199544004,0.29046917874396255,0,0.5882352941176471
SPXW,d80,0.0,1,score_desc,d80,22,1,15,False,False,False,False,False,-8.214906859538331,-17.301115729240642,-17.301115729240642,61,0.5901639344262295,1.8803003616361051,5.795418449978902,0.0950068598357197,-1.4583223871185822,0.19672131147540983,61,0.5901639344262295,-1.4583223871185822,0.4313752357276464,0,0.5,103,0.46601941747572817,1.2539511603774436,3.962971151978315,0.03847544807745937,-2.353672703868141,0.08737864077669903,103,0.46601941747572817,-2.353672703868141,0.6308398179360958,0,0.8333333333333334,275,0.4581818181818182,1.2555086503417865,8.60676513360357,0.03129732775855844,-2.8904611199544004,0.45454545454545453,275,0.4581818181818182,-2.8904611199544004,0.29046917874396255,0,0.5882352941176471
SPXW,d80,0.0,1,score_desc,d80,22,1,30,False,False,False,False,False,-8.214906859538331,-17.301115729240642,-17.301115729240642,61,0.5901639344262295,1.8803003616361051,5.795418449978902,0.0950068598357197,-1.4583223871185822,0.19672131147540983,61,0.5901639344262295,-1.4583223871185822,0.4313752357276464,0,0.5,103,0.46601941747572817,1.2539511603774436,3.962971151978315,0.03847544807745937,-2.353672703868141,0.08737864077669903,103,0.46601941747572817,-2.353672703868141,0.6308398179360958,0,0.8333333333333334,275,0.4581818181818182,1.2555086503417865,8.60676513360357,0.03129732775855844,-2.8904611199544004,0.45454545454545453,275,0.4581818181818182,-2.8904611199544004,0.29046917874396255,0,0.5882352941176471
SPXW,"d50ret,d65ret,d80_zero",-999999.0,1,score_desc,d65ret,22,3,30,False,False,False,False,False,-17.319058639289732,-9.941529564974669,-17.319058639289732,94,0.425531914893617,1.2716604543512071,3.9931030570433443,0.04247981975578026,-2.6999999999999984,0.2127659574468085,82,0.4268292682926829,-2.699999999999999,0.8765113121301563,0,0.5,132,0.38636363636363635,0.968567315116962,-0.7222533336999368,-0.005471616164393461,-3.632045324651458,0.25757575757575757,128,0.390625,-3.632045324651458,-3.4917184104329735,20,0.6666666666666666,380,0.41578947368421054,1.0536073429206294,3.0888248725838214,0.00812848650679953,-3.3994266847171666,0.4394736842105263,349,0.4040114613180516,-3.3994266847171666,1.3713627366808987,19,0.4117647058823529
SPXW,"d50ret,d65ret,d80_zero",-999999.0,1,score_desc,d65ret,22,4,30,False,False,False,False,False,-17.319058639289732,-9.941529564974669,-17.319058639289732,94,0.425531914893617,1.2716604543512071,3.9931030570433443,0.04247981975578026,-2.6999999999999984,0.2127659574468085,82,0.4268292682926829,-2.699999999999999,0.8765113121301563,0,0.5,132,0.38636363636363635,0.968567315116962,-0.7222533336999368,-0.005471616164393461,-3.632045324651458,0.25757575757575757,128,0.390625,-3.632045324651458,-3.4917184104329735,20,0.6666666666666666,380,0.41578947368421054,1.0536073429206294,3.0888248725838214,0.00812848650679953,-3.3994266847171666,0.4394736842105263,349,0.4040114613180516,-3.3994266847171666,1.3713627366808987,19,0.4117647058823529
SPXW,"d50ret,d65ret,d80_zero",-999999.0,1,score_desc,d65ret,22,3,15,False,False,False,False,False,-17.319058639289732,-11.063993448420838,-17.319058639289732,94,0.425531914893617,1.2716604543512071,3.9931030570433443,0.04247981975578026,-2.6999999999999984,0.2127659574468085,82,0.4268292682926829,-2.699999999999999,0.8765113121301563,0,0.5,133,0.38345864661654133,0.9560845874547538,-1.0222533336999375,-0.007686115290976974,-3.932045324651458,0.2556390977443609,128,0.390625,-3.932045324651458,-2.467006151155204,20,0.5,381,0.4146981627296588,1.0481500694406551,2.7888248725838207,0.0073197503217423115,-3.3994266847171666,0.4356955380577428,349,0.4040114613180516,-3.3994266847171666,1.5188832300072164,19,0.4117647058823529
SPXW,"d50ret,d65ret,d80_zero",-999999.0,1,score_desc,d65ret,22,4,15,False,False,False,False,False,-17.319058639289732,-11.063993448420838,-17.319058639289732,94,0.425531914893617,1.2716604543512071,3.9931030570433443,0.04247981975578026,-2.6999999999999984,0.2127659574468085,82,0.4268292682926829,-2.699999999999999,0.8765113121301563,0,0.5,133,0.38345864661654133,0.9560845874547538,-1.0222533336999375,-0.007686115290976974,-3.932045324651458,0.2556390977443609,128,0.390625,-3.932045324651458,-2.467006151155204,20,0.5,381,0.4146981627296588,1.0481500694406551,2.7888248725838207,0.0073197503217423115,-3.3994266847171666,0.4356955380577428,349,0.4040114613180516,-3.3994266847171666,1.5188832300072164,19,0.4117647058823529
SPXW,"d50ret,d65ret,d80_zero",0.0,1,score_desc,d65ret,22,3,30,False,False,False,False,False,-17.319058639289732,-9.941529564974669,-17.319058639289732,94,0.425531914893617,1.2716604543512071,3.9931030570433443,0.04247981975578026,-2.6999999999999984,0.2127659574468085,82,0.4268292682926829,-2.699999999999999,0.8765113121301563,0,0.5,132,0.38636363636363635,0.968567315116962,-0.7222533336999368,-0.005471616164393461,-3.632045324651458,0.25757575757575757,128,0.390625,-3.632045324651458,-3.4917184104329735,20,0.6666666666666666,358,0.4106145251396648,1.0425536485418927,2.352961789242867,0.00657251896436555,-4.2291546776023585,0.4329608938547486,315,0.39365079365079364,-4.2248546590483125,2.1249813842531173,3,0.35294117647058826
SPXW,"d50ret,d65ret,d80_zero",0.0,1,score_desc,d65ret,22,4,30,False,False,False,False,False,-17.319058639289732,-9.941529564974669,-17.319058639289732,94,0.425531914893617,1.2716604543512071,3.9931030570433443,0.04247981975578026,-2.6999999999999984,0.2127659574468085,82,0.4268292682926829,-2.699999999999999,0.8765113121301563,0,0.5,132,0.38636363636363635,0.968567315116962,-0.7222533336999368,-0.005471616164393461,-3.632045324651458,0.25757575757575757,128,0.390625,-3.632045324651458,-3.4917184104329735,20,0.6666666666666666,358,0.4106145251396648,1.0425536485418927,2.352961789242867,0.00657251896436555,-4.2291546776023585,0.4329608938547486,315,0.39365079365079364,-4.2248546590483125,2.1249813842531173,3,0.35294117647058826
SPXW,"d50ret,d65ret,d80_zero",0.0,1,score_desc,d65ret,22,3,15,False,False,False,False,False,-17.319058639289732,-11.063993448420838,-17.319058639289732,94,0.425531914893617,1.2716604543512071,3.9931030570433443,0.04247981975578026,-2.6999999999999984,0.2127659574468085,82,0.4268292682926829,-2.699999999999999,0.8765113121301563,0,0.5,133,0.38345864661654133,0.9560845874547538,-1.0222533336999375,-0.007686115290976974,-3.932045324651458,0.2556390977443609,128,0.390625,-3.932045324651458,-2.467006151155204,20,0.5,359,0.40947075208913647,1.0369277527848426,2.0529617892428664,0.005718556515996842,-3.9701346372818884,0.42896935933147634,315,0.39365079365079364,-3.9658346187278424,2.435505632008866,3,0.35294117647058826
SPXW,"d50ret,d65ret,d80_zero",0.0,1,score_desc,d65ret,22,4,15,False,False,False,False,False,-17.319058639289732,-11.063993448420838,-17.319058639289732,94,0.425531914893617,1.2716604543512071,3.9931030570433443,0.04247981975578026,-2.6999999999999984,0.2127659574468085,82,0.4268292682926829,-2.699999999999999,0.8765113121301563,0,0.5,133,0.38345864661654133,0.9560845874547538,-1.0222533336999375,-0.007686115290976974,-3.932045324651458,0.2556390977443609,128,0.390625,-3.932045324651458,-2.467006151155204,20,0.5,359,0.40947075208913647,1.0369277527848426,2.0529617892428664,0.005718556515996842,-3.9701346372818884,0.42896935933147634,315,0.39365079365079364,-3.9658346187278424,2.435505632008866,3,0.35294117647058826
SPXW,"d50ret,d65ret,d80_zero",-999999.0,1,score_desc,d65ret,22,3,0,False,False,False,False,False,-17.319058639289732,-10.591185917293265,-17.319058639289732,94,0.425531914893617,1.2716604543512071,3.9931030570433443,0.04247981975578026,-2.6999999999999984,0.2127659574468085,82,0.4268292682926829,-2.699999999999999,0.8765113121301563,0,0.5,133,0.38345864661654133,0.9648511048066654,-0.8181882670517115,-0.006151791481591816,-3.932045324651458,0.2556390977443609,128,0.390625,-3.9320453246514577,-3.055531472002878,20,0.5,385,0.4077922077922078,1.024361275896639,1.437751841144806,0.0037344203666098857,-3.5525202185244535,0.43116883116883115,349,0.40114613180515757,-3.5525202185244535,2.9461964222015906,19,0.4117647058823529
SPXW,"d50ret,d65ret,d80_zero",-999999.0,1,score_desc,d65ret,22,4,0,False,False,False,False,False,-17.319058639289732,-10.591185917293265,-17.319058639289732,94,0.425531914893617,1.2716604543512071,3.9931030570433443,0.04247981975578026,-2.6999999999999984,0.2127659574468085,82,0.4268292682926829,-2.699999999999999,0.8765113121301563,0,0.5,133,0.38345864661654133,0.9648511048066654,-0.8181882670517115,-0.006151791481591816,-3.932045324651458,0.2556390977443609,128,0.390625,-3.9320453246514577,-3.055531472002878,20,0.5,385,0.4077922077922078,1.024361275896639,1.437751841144806,0.0037344203666098857,-3.5525202185244535,0.43116883116883115,349,0.40114613180515757,-3.5525202185244535,2.9461964222015906,19,0.4117647058823529
SPXW,"d50ret,d65ret,d80_zero",0.0,1,score_desc,d65ret,22,3,0,False,False,False,False,False,-17.319058639289732,-10.591185917293265,-17.319058639289732,94,0.425531914893617,1.2716604543512071,3.9931030570433443,0.04247981975578026,-2.6999999999999984,0.2127659574468085,82,0.4268292682926829,-2.699999999999999,0.8765113121301563,0,0.5,133,0.38345864661654133,0.9648511048066654,-0.8181882670517115,-0.006151791481591816,-3.932045324651458,0.2556390977443609,128,0.390625,-3.9320453246514577,-3.055531472002878,20,0.5,363,0.4022038567493113,1.0123806297516682,0.7018887578038513,0.001933577845189673,-4.167323910677269,0.42424242424242425,315,0.3904761904761905,-4.163023892123223,7.123635967107614,3,0.35294117647058826
SPXW,"d50ret,d65ret,d80_zero",0.0,1,score_desc,d65ret,22,4,0,False,False,False,False,False,-17.319058639289732,-10.591185917293265,-17.319058639289732,94,0.425531914893617,1.2716604543512071,3.9931030570433443,0.04247981975578026,-2.6999999999999984,0.2127659574468085,82,0.4268292682926829,-2.699999999999999,0.8765113121301563,0,0.5,133,0.38345864661654133,0.9648511048066654,-0.8181882670517115,-0.006151791481591816,-3.932045324651458,0.2556390977443609,128,0.390625,-3.9320453246514577,-3.055531472002878,20,0.5,363,0.4022038567493113,1.0123806297516682,0.7018887578038513,0.001933577845189673,-4.167323910677269,0.42424242424242425,315,0.3904761904761905,-4.163023892123223,7.123635967107614,3,0.35294117647058826
SPXW,"d50ret,d80,d80_front",0.0,1,score_desc,d65ret,22,2,30,False,False,False,False,False,-17.418030174680748,24.037483140962202,-17.418030174680748,112,0.4642857142857143,1.2447847928065825,3.6592546331690867,0.032671916367581134,-1.6,0.16071428571428573,102,0.49019607843137253,-1.6,0.8198390931329802,0,0.5,133,0.47368421052631576,1.3907569152910535,7.785209268607484,0.05853540803464274,-2.1777454259441873,0.15789473684210525,125,0.496,-2.1777454259441873,0.3211217468592424,20,0.6666666666666666,387,0.4418604651162791,1.16390453489925,8.954330663765257,0.02313780533272676,-4.281525841836735,0.34366925064599485,344,0.4418604651162791,-4.281525841836736,0.5471084401774906,19,0.7647058823529411
SPXW,"d50ret,d80,d80_front",0.0,1,score_desc,d65ret,22,3,30,False,False,False,False,False,-17.509299967141516,24.037483140962202,-17.509299967141516,112,0.4642857142857143,1.2415719788901736,3.6205714799984356,0.0323265310714146,-1.6,0.16071428571428573,102,0.49019607843137253,-1.6,0.8285984730789782,0,0.5,133,0.47368421052631576,1.3907569152910535,7.785209268607484,0.05853540803464274,-2.1777454259441873,0.15789473684210525,125,0.496,-2.1777454259441873,0.3211217468592424,20,0.6666666666666666,387,0.4418604651162791,1.163578946666185,8.936543329809618,0.02309184322948222,-4.281525841836735,0.34366925064599485,344,0.4418604651162791,-4.281525841836736,0.5481974071500921,19,0.7647058823529411
SPXW,"d50ret,d80,d80_front",0.0,1,score_desc,d65ret,22,4,30,False,False,False,False,False,-17.509299967141516,24.037483140962202,-17.509299967141516,112,0.4642857142857143,1.2415719788901736,3.6205714799984356,0.0323265310714146,-1.6,0.16071428571428573,102,0.49019607843137253,-1.6,0.8285984730789782,0,0.5,133,0.47368421052631576,1.3907569152910535,7.785209268607484,0.05853540803464274,-2.1777454259441873,0.15789473684210525,125,0.496,-2.1777454259441873,0.3211217468592424,20,0.6666666666666666,387,0.4418604651162791,1.163578946666185,8.936543329809618,0.02309184322948222,-4.281525841836735,0.34366925064599485,344,0.4418604651162791,-4.281525841836736,0.5481974071500921,19,0.7647058823529411
SPXW,"d65ret,d80_front,d80_zero",0.0,1,score_desc,d80_front,21,3,0,False,False,False,False,False,-17.572551850129997,-11.411797569746852,-17.572551850129997,90,0.4222222222222222,1.281700773233372,3.6828068956783158,0.04092007661864795,-2.3999999999999986,0.23333333333333334,82,0.43902439024390244,-2.3999999999999986,0.814789100835649,0,0.3333333333333333,137,0.40145985401459855,0.933598911066082,-1.4482700016587735,-0.010571313880720974,-3.212964975004921,0.22627737226277372,128,0.40625,-3.2129649750049207,-1.7261974612031108,21,0.5,376,0.43882978723404253,1.025240174246001,1.2279727528158775,0.0032658849808932912,-5.375500213060265,0.3962765957446808,339,0.415929203539823,-5.375500213060266,3.3928964095707905,19,0.47058823529411764
SPXW,"d65ret,d80_front,d80_zero",0.0,1,score_desc,d80_front,21,4,0,False,False,False,False,False,-17.572551850129997,-11.411797569746852,-17.572551850129997,90,0.4222222222222222,1.281700773233372,3.6828068956783158,0.04092007661864795,-2.3999999999999986,0.23333333333333334,82,0.43902439024390244,-2.3999999999999986,0.814789100835649,0,0.3333333333333333,137,0.40145985401459855,0.933598911066082,-1.4482700016587735,-0.010571313880720974,-3.212964975004921,0.22627737226277372,128,0.40625,-3.2129649750049207,-1.7261974612031108,21,0.5,376,0.43882978723404253,1.025240174246001,1.2279727528158775,0.0032658849808932912,-5.375500213060265,0.3962765957446808,339,0.415929203539823,-5.375500213060266,3.3928964095707905,19,0.47058823529411764
SPXW,"d65ret,d80_front,d80_zero",-999999.0,1,score_desc,d80_front,21,3,0,False,False,False,False,False,-17.572551850129997,-11.411797569746852,-17.572551850129997,90,0.4222222222222222,1.281700773233372,3.6828068956783158,0.04092007661864795,-2.3999999999999986,0.23333333333333334,82,0.43902439024390244,-2.3999999999999986,0.814789100835649,0,0.3333333333333333,137,0.40145985401459855,0.933598911066082,-1.4482700016587735,-0.010571313880720974,-3.212964975004921,0.22627737226277372,128,0.40625,-3.2129649750049207,-1.7261974612031108,21,0.5,382,0.43455497382198954,1.0222969191592055,1.1150885318440897,0.0029190799262934285,-5.733389824060009,0.39790575916230364,349,0.4154727793696275,-5.733389824060012,3.6561136218645927,21,0.47058823529411764
SPXW,"d65ret,d80_front,d80_zero",-999999.0,1,score_desc,d80_front,21,4,0,False,False,False,False,False,-17.572551850129997,-11.411797569746852,-17.572551850129997,90,0.4222222222222222,1.281700773233372,3.6828068956783158,0.04092007661864795,-2.3999999999999986,0.23333333333333334,82,0.43902439024390244,-2.3999999999999986,0.814789100835649,0,0.3333333333333333,137,0.40145985401459855,0.933598911066082,-1.4482700016587735,-0.010571313880720974,-3.212964975004921,0.22627737226277372,128,0.40625,-3.2129649750049207,-1.7261974612031108,21,0.5,382,0.43455497382198954,1.0222969191592055,1.1150885318440897,0.0029190799262934285,-5.733389824060009,0.39790575916230364,349,0.4154727793696275,-5.733389824060012,3.6561136218645927,21,0.47058823529411764
SPXW,"d65ret,d80_front,d80_zero",0.0,1,score_desc,d80_front,21,2,0,False,False,False,False,False,-17.572551850129997,-11.411797569746852,-17.572551850129997,90,0.4222222222222222,1.281700773233372,3.6828068956783158,0.04092007661864795,-2.3999999999999986,0.23333333333333334,82,0.43902439024390244,-2.3999999999999986,0.814789100835649,0,0.3333333333333333,137,0.40145985401459855,0.933598911066082,-1.4482700016587735,-0.010571313880720974,-3.212964975004921,0.22627737226277372,128,0.40625,-3.2129649750049207,-1.7261974612031108,21,0.5,376,0.43617021276595747,1.0222964085886168,1.081297572814468,0.0028757914170597556,-5.220474498977184,0.39893617021276595,339,0.41887905604719766,-5.220474498977186,3.5741164570785258,19,0.47058823529411764
SPXW,"d65ret,d80_front,d80_zero",0.0,1,score_desc,d80_front,21,3,30,False,False,False,False,False,-17.572551850129997,-11.639211518644146,-17.572551850129997,90,0.4222222222222222,1.281700773233372,3.6828068956783158,0.04092007661864795,-2.3999999999999986,0.23333333333333334,82,0.43902439024390244,-2.3999999999999986,0.814789100835649,0,0.3333333333333333,137,0.39416058394160586,0.9341638619732188,-1.4310441265380374,-0.010445577565971075,-3.1957390998841846,0.22627737226277372,128,0.40625,-3.195739099884184,-1.7469761788883242,21,0.5,374,0.4385026737967914,1.0214161629080496,1.0288940192345155,0.0027510535273650148,-6.228433623636343,0.393048128342246,339,0.4218289085545723,-6.228433623636343,3.746643581877273,19,0.4117647058823529
SPXW,"d65ret,d80_front,d80_zero",0.0,1,score_desc,d80_front,21,4,30,False,False,False,False,False,-17.572551850129997,-11.639211518644146,-17.572551850129997,90,0.4222222222222222,1.281700773233372,3.6828068956783158,0.04092007661864795,-2.3999999999999986,0.23333333333333334,82,0.43902439024390244,-2.3999999999999986,0.814789100835649,0,0.3333333333333333,137,0.39416058394160586,0.9341638619732188,-1.4310441265380374,-0.010445577565971075,-3.1957390998841846,0.22627737226277372,128,0.40625,-3.195739099884184,-1.7469761788883242,21,0.5,374,0.4385026737967914,1.0214161629080496,1.0288940192345155,0.0027510535273650148,-6.228433623636343,0.393048128342246,339,0.4218289085545723,-6.228433623636343,3.746643581877273,19,0.4117647058823529
SPXW,"d65ret,d80_front,d80_zero",0.0,1,score_desc,d80_front,21,3,15,False,False,False,False,False,-17.572551850129997,-11.639211518644146,-17.572551850129997,90,0.4222222222222222,1.281700773233372,3.6828068956783158,0.04092007661864795,-2.3999999999999986,0.23333333333333334,82,0.43902439024390244,-2.3999999999999986,0.814789100835649,0,0.3333333333333333,137,0.39416058394160586,0.9341638619732188,-1.4310441265380374,-0.010445577565971075,-3.1957390998841846,0.22627737226277372,128,0.40625,-3.195739099884184,-1.7469761788883242,21,0.5,376,0.43882978723404253,1.0200104427612264,0.9703448825181535,0.0025807044747823233,-6.028433623636344,0.39361702127659576,339,0.41887905604719766,-6.028433623636346,4.27584542601244,19,0.47058823529411764
SPXW,"d65ret,d80_front,d80_zero",0.0,1,score_desc,d80_front,21,4,15,False,False,False,False,False,-17.572551850129997,-11.639211518644146,-17.572551850129997,90,0.4222222222222222,1.281700773233372,3.6828068956783158,0.04092007661864795,-2.3999999999999986,0.23333333333333334,82,0.43902439024390244,-2.3999999999999986,0.814789100835649,0,0.3333333333333333,137,0.39416058394160586,0.9341638619732188,-1.4310441265380374,-0.010445577565971075,-3.1957390998841846,0.22627737226277372,128,0.40625,-3.195739099884184,-1.7469761788883242,21,0.5,376,0.43882978723404253,1.0200104427612264,0.9703448825181535,0.0025807044747823233,-6.028433623636344,0.39361702127659576,339,0.41887905604719766,-6.028433623636346,4.27584542601244,19,0.47058823529411764
SPXW,"d65ret,d80_front,d80_zero",-999999.0,1,score_desc,d80_front,21,2,0,False,False,False,False,False,-17.572551850129997,-11.411797569746852,-17.572551850129997,90,0.4222222222222222,1.281700773233372,3.6828068956783158,0.04092007661864795,-2.3999999999999986,0.23333333333333334,82,0.43902439024390244,-2.3999999999999986,0.814789100835649,0,0.3333333333333333,137,0.40145985401459855,0.933598911066082,-1.4482700016587735,-0.010571313880720974,-3.212964975004921,0.22627737226277372,128,0.40625,-3.2129649750049207,-1.7261974612031108,21,0.5,382,0.4319371727748691,1.0194242658193626,0.9684133518426803,0.002535113486499163,-5.578364109976926,0.4005235602094241,349,0.4183381088825215,-5.578364109976928,3.898324480545736,21,0.47058823529411764
SPXW,"d65ret,d80_front,d80_zero",-999999.0,1,score_desc,d80_front,21,3,15,False,False,False,False,False,-17.572551850129997,-11.639211518644146,-17.572551850129997,90,0.4222222222222222,1.281700773233372,3.6828068956783158,0.04092007661864795,-2.3999999999999986,0.23333333333333334,82,0.43902439024390244,-2.3999999999999986,0.814789100835649,0,0.3333333333333333,137,0.39416058394160586,0.9341638619732188,-1.4310441265380374,-0.010445577565971075,-3.1957390998841846,0.22627737226277372,128,0.40625,-3.195739099884184,-1.7469761788883242,21,0.5,381,0.4330708661417323,1.0155392718024026,0.7746527052409817,0.0020332092001075636,-6.479487969301509,0.3937007874015748,349,0.4154727793696275,-6.47948796930151,5.170592009457821,21,0.47058823529411764
SPXW,"d65ret,d80_front,d80_zero",-999999.0,1,score_desc,d80_front,21,4,15,False,False,False,False,False,-17.572551850129997,-11.639211518644146,-17.572551850129997,90,0.4222222222222222,1.281700773233372,3.6828068956783158,0.04092007661864795,-2.3999999999999986,0.23333333333333334,82,0.43902439024390244,-2.3999999999999986,0.814789100835649,0,0.3333333333333333,137,0.39416058394160586,0.9341638619732188,-1.4310441265380374,-0.010445577565971075,-3.1957390998841846,0.22627737226277372,128,0.40625,-3.195739099884184,-1.7469761788883242,21,0.5,381,0.4330708661417323,1.0155392718024026,0.7746527052409817,0.0020332092001075636,-6.479487969301509,0.3937007874015748,349,0.4154727793696275,-6.47948796930151,5.170592009457821,21,0.47058823529411764
SPXW,"d65ret,d80_front,d80_zero",-999999.0,1,score_desc,d80_front,21,2,15,False,False,False,False,False,-17.572551850129997,-11.639211518644146,-17.572551850129997,90,0.4222222222222222,1.281700773233372,3.6828068956783158,0.04092007661864795,-2.3999999999999986,0.23333333333333334,82,0.43902439024390244,-2.3999999999999986,0.814789100835649,0,0.3333333333333333,137,0.39416058394160586,0.9341638619732188,-1.4310441265380374,-0.010445577565971075,-3.1957390998841846,0.22627737226277372,128,0.40625,-3.195739099884184,-1.7469761788883242,21,0.5,381,0.4304461942257218,1.0135236595915047,0.6714869203133027,0.0017624328617147052,-6.280952860144695,0.3963254593175853,349,0.4183381088825215,-6.280952860144696,5.5156877694822875,21,0.47058823529411764
SPXW,"d65ret,d80_front,d80_zero",-999999.0,1,score_desc,d80_front,21,3,30,False,False,False,False,False,-17.572551850129997,-11.639211518644146,-17.572551850129997,90,0.4222222222222222,1.281700773233372,3.6828068956783158,0.04092007661864795,-2.3999999999999986,0.23333333333333334,82,0.43902439024390244,-2.3999999999999986,0.814789100835649,0,0.3333333333333333,137,0.39416058394160586,0.9341638619732188,-1.4310441265380374,-0.010445577565971075,-3.1957390998841846,0.22627737226277372,128,0.40625,-3.195739099884184,-1.7469761788883242,21,0.5,380,0.43157894736842106,1.010727924431672,0.5332018419573412,0.0014031627419930032,-6.97948796930151,0.39210526315789473,349,0.4183381088825215,-6.979487969301512,6.8194791262794325,21,0.4117647058823529
SPXW,"d65ret,d80_front,d80_zero",-999999.0,1,score_desc,d80_front,21,4,30,False,False,False,False,False,-17.572551850129997,-11.639211518644146,-17.572551850129997,90,0.4222222222222222,1.281700773233372,3.6828068956783158,0.04092007661864795,-2.3999999999999986,0.23333333333333334,82,0.43902439024390244,-2.3999999999999986,0.814789100835649,0,0.3333333333333333,137,0.39416058394160586,0.9341638619732188,-1.4310441265380374,-0.010445577565971075,-3.1957390998841846,0.22627737226277372,128,0.40625,-3.195739099884184,-1.7469761788883242,21,0.5,380,0.43157894736842106,1.010727924431672,0.5332018419573412,0.0014031627419930032,-6.97948796930151,0.39210526315789473,349,0.4183381088825215,-6.979487969301512,6.8194791262794325,21,0.4117647058823529
SPXW,"d65ret,d80_front,d80_zero",0.0,1,score_desc,d80_front,21,2,30,False,False,False,False,False,-17.572551850129997,-11.639211518644146,-17.572551850129997,90,0.4222222222222222,1.281700773233372,3.6828068956783158,0.04092007661864795,-2.3999999999999986,0.23333333333333334,82,0.43902439024390244,-2.3999999999999986,0.814789100835649,0,0.3333333333333333,137,0.39416058394160586,0.9341638619732188,-1.4310441265380374,-0.010445577565971075,-3.1957390998841846,0.22627737226277372,128,0.40625,-3.195739099884184,-1.7469761788883242,21,0.5,374,0.4358288770053476,1.0094821004602619,0.4536648291812906,0.0012130075646558571,-6.469888772786753,0.39572192513368987,339,0.4247787610619469,-6.469888772786754,7.624531979221025,19,0.4117647058823529
SPXW,"d65ret,d80_front,d80_zero",-999999.0,1,score_desc,d80_front,21,2,30,False,False,False,False,False,-17.572551850129997,-11.639211518644146,-17.572551850129997,90,0.4222222222222222,1.281700773233372,3.6828068956783158,0.04092007661864795,-2.3999999999999986,0.23333333333333334,82,0.43902439024390244,-2.3999999999999986,0.814789100835649,0,0.3333333333333333,137,0.39416058394160586,0.9341638619732188,-1.4310441265380374,-0.010445577565971075,-3.1957390998841846,0.22627737226277372,128,0.40625,-3.195739099884184,-1.7469761788883242,21,0.5,380,0.42894736842105263,1.0080390535557566,0.3979629102113398,0.001047270816345631,-6.780952860144696,0.39473684210526316,349,0.42120343839541546,-6.780952860144696,8.298222537033093,21,0.4117647058823529
SPXW,"d65ret,d80_front,d80_zero",0.0,1,score_desc,d80_front,21,2,15,False,False,False,False,False,-17.572551850129997,-11.639211518644146,-17.572551850129997,90,0.4222222222222222,1.281700773233372,3.6828068956783158,0.04092007661864795,-2.3999999999999986,0.23333333333333334,82,0.43902439024390244,-2.3999999999999986,0.814789100835649,0,0.3333333333333333,137,0.39416058394160586,0.9341638619732188,-1.4310441265380374,-0.010445577565971075,-3.1957390998841846,0.22627737226277372,128,0.40625,-3.195739099884184,-1.7469761788883242,21,0.5,376,0.43351063829787234,1.0013824739996582,0.06717909759047469,0.00017866781274062418,-6.629898514479531,0.3962765957446808,339,0.4218289085545723,-6.6298985144795335,57.269954070220265,19,0.47058823529411764
SPXW,"d80,d80_front",0.0,1,score_desc,d80_zero,21,3,0,False,False,False,False,False,-17.708928470503086,16.542024123340035,-17.708928470503086,91,0.46153846153846156,1.2272317102518906,2.5086419081453926,0.027567493496103216,-2.016069374745981,0.1978021978021978,89,0.47191011235955055,-2.016069374745981,0.9965551447907599,0,0.5,129,0.4573643410852713,1.253610668360977,4.732981791788669,0.03668978133169511,-2.0801442549102322,0.10852713178294573,123,0.4634146341463415,-2.0801442549102322,0.5282082437623767,16,0.8333333333333334,352,0.4715909090909091,1.3084833875935304,13.356345014690623,0.03794416197355291,-4.878882527635197,0.4289772727272727,330,0.47878787878787876,-4.878882527635197,0.2552295007795636,12,0.7058823529411765
SPXW,"d80,d80_front",0.0,1,score_desc,d80_zero,21,4,0,False,False,False,False,False,-17.708928470503086,16.542024123340035,-17.708928470503086,91,0.46153846153846156,1.2272317102518906,2.5086419081453926,0.027567493496103216,-2.016069374745981,0.1978021978021978,89,0.47191011235955055,-2.016069374745981,0.9965551447907599,0,0.5,129,0.4573643410852713,1.253610668360977,4.732981791788669,0.03668978133169511,-2.0801442549102322,0.10852713178294573,123,0.4634146341463415,-2.0801442549102322,0.5282082437623767,16,0.8333333333333334,352,0.4715909090909091,1.3084833875935304,13.356345014690623,0.03794416197355291,-4.878882527635197,0.4289772727272727,330,0.47878787878787876,-4.878882527635197,0.2552295007795636,12,0.7058823529411765
SPXW,"d80,d80_front",0.0,1,score_desc,d80_zero,21,2,0,False,False,False,False,False,-17.708928470503086,16.542024123340035,-17.708928470503086,91,0.46153846153846156,1.2272317102518906,2.5086419081453926,0.027567493496103216,-2.016069374745981,0.1978021978021978,89,0.47191011235955055,-2.016069374745981,0.9965551447907599,0,0.5,129,0.4573643410852713,1.253610668360977,4.732981791788669,0.03668978133169511,-2.0801442549102322,0.10852713178294573,123,0.4634146341463415,-2.0801442549102322,0.5282082437623767,16,0.8333333333333334,352,0.46875,1.2986946497389882,13.02213233754896,0.03699469414076409,-4.878882527635197,0.42613636363636365,330,0.47575757575757577,-4.878882527635197,0.259152687572259,12,0.7058823529411765
SPXW,"d80,d80_front",0.0,1,score_desc,d80_zero,21,3,15,False,False,False,False,False,-17.708928470503086,16.542024123340035,-17.708928470503086,91,0.46153846153846156,1.2272317102518906,2.5086419081453926,0.027567493496103216,-2.016069374745981,0.1978021978021978,89,0.47191011235955055,-2.016069374745981,0.9965551447907599,0,0.5,129,0.4573643410852713,1.253610668360977,4.732981791788669,0.03668978133169511,-2.0801442549102322,0.10852713178294573,123,0.4634146341463415,-2.0801442549102322,0.5282082437623767,16,0.8333333333333334,351,0.4700854700854701,1.2912891469677656,12.623623083001885,0.0359647381282105,-5.178882527635197,0.43304843304843305,330,0.4727272727272727,-5.178882527635197,0.270043968195576,12,0.7058823529411765
SPXW,"d80,d80_front",0.0,1,score_desc,d80_zero,21,4,15,False,False,False,False,False,-17.708928470503086,16.542024123340035,-17.708928470503086,91,0.46153846153846156,1.2272317102518906,2.5086419081453926,0.027567493496103216,-2.016069374745981,0.1978021978021978,89,0.47191011235955055,-2.016069374745981,0.9965551447907599,0,0.5,129,0.4573643410852713,1.253610668360977,4.732981791788669,0.03668978133169511,-2.0801442549102322,0.10852713178294573,123,0.4634146341463415,-2.0801442549102322,0.5282082437623767,16,0.8333333333333334,351,0.4700854700854701,1.2912891469677656,12.623623083001885,0.0359647381282105,-5.178882527635197,0.43304843304843305,330,0.4727272727272727,-5.178882527635197,0.270043968195576,12,0.7058823529411765
SPXW,"d80,d80_front",0.0,1,score_desc,d80_zero,21,2,15,False,False,False,False,False,-17.708928470503086,16.542024123340035,-17.708928470503086,91,0.46153846153846156,1.2272317102518906,2.5086419081453926,0.027567493496103216,-2.016069374745981,0.1978021978021978,89,0.47191011235955055,-2.016069374745981,0.9965551447907599,0,0.5,129,0.4573643410852713,1.253610668360977,4.732981791788669,0.03668978133169511,-2.0801442549102322,0.10852713178294573,123,0.4634146341463415,-2.0801442549102322,0.5282082437623767,16,0.8333333333333334,351,0.4672364672364672,1.2816276537077242,12.28941040586022,0.035012565258861025,-5.178882527635197,0.4301994301994302,330,0.4696969696969697,-5.178882527635197,0.27460394614115885,12,0.7058823529411765
SPXW,"d65ret,d80,d80_zero",0.0,1,score_desc,d80_zero,21,2,0,False,False,False,False,False,-17.749652099872836,15.196663222858396,-17.749652099872836,104,0.4326923076923077,1.2480719031313465,4.079315170483867,0.039224184331575644,-2.4376385541754653,0.19230769230769232,102,0.4411764705882353,-2.4376385541754653,0.612847964797842,0,0.5,134,0.4253731343283582,1.0864014881880917,1.937689814019166,0.014460371746411687,-2.4225310215837177,0.1791044776119403,128,0.4375,-2.422531021583718,1.2901961820269299,20,0.5,357,0.42296918767507,1.1067472829448364,5.964485989386041,0.016707243667748017,-4.594899087371708,0.37815126050420167,337,0.4362017804154303,-4.413114742137915,0.6111654880218133,15,0.5882352941176471
SPXW,"d65ret,d80,d80_zero",0.0,1,score_desc,d80_zero,21,3,0,False,False,False,False,False,-17.749652099872836,15.196663222858396,-17.749652099872836,104,0.4326923076923077,1.2480719031313465,4.079315170483867,0.039224184331575644,-2.4376385541754653,0.19230769230769232,102,0.4411764705882353,-2.4376385541754653,0.612847964797842,0,0.5,134,0.4253731343283582,1.0864014881880917,1.937689814019166,0.014460371746411687,-2.4225310215837177,0.1791044776119403,128,0.4375,-2.422531021583718,1.2901961820269299,20,0.5,357,0.42296918767507,1.1067472829448364,5.964485989386041,0.016707243667748017,-4.594899087371708,0.37815126050420167,337,0.4362017804154303,-4.413114742137915,0.6111654880218133,15,0.5882352941176471
SPXW,"d65ret,d80,d80_zero",0.0,1,score_desc,d80_zero,21,4,0,False,False,False,False,False,-17.749652099872836,15.196663222858396,-17.749652099872836,104,0.4326923076923077,1.2480719031313465,4.079315170483867,0.039224184331575644,-2.4376385541754653,0.19230769230769232,102,0.4411764705882353,-2.4376385541754653,0.612847964797842,0,0.5,134,0.4253731343283582,1.0864014881880917,1.937689814019166,0.014460371746411687,-2.4225310215837177,0.1791044776119403,128,0.4375,-2.422531021583718,1.2901961820269299,20,0.5,357,0.42296918767507,1.1067472829448364,5.964485989386041,0.016707243667748017,-4.594899087371708,0.37815126050420167,337,0.4362017804154303,-4.413114742137915,0.6111654880218133,15,0.5882352941176471
SPXW,"d65ret,d80,d80_zero",0.0,1,score_desc,d80_zero,21,2,30,False,False,False,False,False,-17.749652099872836,16.595823850286447,-17.749652099872836,104,0.4326923076923077,1.2480719031313465,4.079315170483867,0.039224184331575644,-2.4376385541754653,0.19230769230769232,102,0.4411764705882353,-2.4376385541754653,0.612847964797842,0,0.5,134,0.43283582089552236,1.1237285616884818,2.7376898140191663,0.02043052100014303,-2.422531021583717,0.1791044776119403,128,0.4375,-2.422531021583717,1.0958144288799978,20,0.5,355,0.4197183098591549,1.0888501358755338,4.964485989386043,0.013984467575735333,-4.982190611648419,0.37464788732394366,337,0.43026706231454004,-4.982190611648419,0.7342729938801176,15,0.5882352941176471
SPXW,"d65ret,d80,d80_zero",0.0,1,score_desc,d80_zero,21,3,30,False,False,False,False,False,-17.749652099872836,15.196663222858396,-17.749652099872836,104,0.4326923076923077,1.2480719031313465,4.079315170483867,0.039224184331575644,-2.4376385541754653,0.19230769230769232,102,0.4411764705882353,-2.4376385541754653,0.612847964797842,0,0.5,134,0.4253731343283582,1.0864014881880917,1.937689814019166,0.014460371746411687,-2.4225310215837177,0.1791044776119403,128,0.4375,-2.422531021583718,1.2901961820269299,20,0.5,355,0.4197183098591549,1.0888501358755338,4.964485989386043,0.013984467575735333,-4.982190611648419,0.37464788732394366,337,0.43026706231454004,-4.982190611648419,0.7342729938801176,15,0.5882352941176471
SPXW,"d65ret,d80,d80_zero",0.0,1,score_desc,d80_zero,21,4,30,False,False,False,False,False,-17.749652099872836,15.196663222858396,-17.749652099872836,104,0.4326923076923077,1.2480719031313465,4.079315170483867,0.039224184331575644,-2.4376385541754653,0.19230769230769232,102,0.4411764705882353,-2.4376385541754653,0.612847964797842,0,0.5,134,0.4253731343283582,1.0864014881880917,1.937689814019166,0.014460371746411687,-2.4225310215837177,0.1791044776119403,128,0.4375,-2.422531021583718,1.2901961820269299,20,0.5,355,0.4197183098591549,1.0888501358755338,4.964485989386043,0.013984467575735333,-4.982190611648419,0.37464788732394366,337,0.43026706231454004,-4.982190611648419,0.7342729938801176,15,0.5882352941176471
SPXW,"d65ret,d80,d80_zero",0.0,1,score_desc,d80_zero,21,2,15,False,False,False,False,False,-17.749652099872836,15.196663222858396,-17.749652099872836,104,0.4326923076923077,1.2480719031313465,4.079315170483867,0.039224184331575644,-2.4376385541754653,0.19230769230769232,102,0.4411764705882353,-2.4376385541754653,0.612847964797842,0,0.5,134,0.4253731343283582,1.0864014881880917,1.937689814019166,0.014460371746411687,-2.4225310215837177,0.1791044776119403,128,0.4375,-2.422531021583718,1.2901961820269299,20,0.5,356,0.41853932584269665,1.0830351639921756,4.664485989386041,0.013102488734230451,-4.982190611648419,0.37640449438202245,337,0.43026706231454004,-4.98219061164842,0.7814983256026878,15,0.5882352941176471
SPXW,"d65ret,d80,d80_zero",0.0,1,score_desc,d80_zero,21,3,15,False,False,False,False,False,-17.749652099872836,15.196663222858396,-17.749652099872836,104,0.4326923076923077,1.2480719031313465,4.079315170483867,0.039224184331575644,-2.4376385541754653,0.19230769230769232,102,0.4411764705882353,-2.4376385541754653,0.612847964797842,0,0.5,134,0.4253731343283582,1.0864014881880917,1.937689814019166,0.014460371746411687,-2.4225310215837177,0.1791044776119403,128,0.4375,-2.422531021583718,1.2901961820269299,20,0.5,356,0.41853932584269665,1.0830351639921756,4.664485989386041,0.013102488734230451,-4.982190611648419,0.37640449438202245,337,0.43026706231454004,-4.98219061164842,0.7814983256026878,15,0.5882352941176471
SPXW,"d65ret,d80,d80_zero",0.0,1,score_desc,d80_zero,21,4,15,False,False,False,False,False,-17.749652099872836,15.196663222858396,-17.749652099872836,104,0.4326923076923077,1.2480719031313465,4.079315170483867,0.039224184331575644,-2.4376385541754653,0.19230769230769232,102,0.4411764705882353,-2.4376385541754653,0.612847964797842,0,0.5,134,0.4253731343283582,1.0864014881880917,1.937689814019166,0.014460371746411687,-2.4225310215837177,0.1791044776119403,128,0.4375,-2.422531021583718,1.2901961820269299,20,0.5,356,0.41853932584269665,1.0830351639921756,4.664485989386041,0.013102488734230451,-4.982190611648419,0.37640449438202245,337,0.43026706231454004,-4.98219061164842,0.7814983256026878,15,0.5882352941176471
SPXW,"d65ret,d80,d80_zero",-999999.0,1,score_desc,d80_zero,21,2,0,False,False,False,False,False,-17.749652099872836,15.196663222858396,-17.749652099872836,104,0.4326923076923077,1.2480719031313465,4.079315170483867,0.039224184331575644,-2.4376385541754653,0.19230769230769232,102,0.4411764705882353,-2.4376385541754653,0.612847964797842,0,0.5,134,0.4253731343283582,1.0864014881880917,1.937689814019166,0.014460371746411687,-2.4225310215837177,0.1791044776119403,128,0.4375,-2.422531021583718,1.2901961820269299,20,0.5,367,0.4196185286103542,1.0709142141253043,4.091979973799007,0.011149809192912826,-4.813114742137914,0.37329700272479566,349,0.4297994269340974,-4.700406266414627,0.8908372020007934,19,0.5294117647058824
SPXW,"d65ret,d80,d80_zero",-999999.0,1,score_desc,d80_zero,21,3,0,False,False,False,False,False,-17.749652099872836,15.196663222858396,-17.749652099872836,104,0.4326923076923077,1.2480719031313465,4.079315170483867,0.039224184331575644,-2.4376385541754653,0.19230769230769232,102,0.4411764705882353,-2.4376385541754653,0.612847964797842,0,0.5,134,0.4253731343283582,1.0864014881880917,1.937689814019166,0.014460371746411687,-2.4225310215837177,0.1791044776119403,128,0.4375,-2.422531021583718,1.2901961820269299,20,0.5,367,0.4196185286103542,1.0709142141253043,4.091979973799007,0.011149809192912826,-4.813114742137914,0.37329700272479566,349,0.4297994269340974,-4.700406266414627,0.8908372020007934,19,0.5294117647058824
SPXW,"d65ret,d80,d80_zero",-999999.0,1,score_desc,d80_zero,21,4,0,False,False,False,False,False,-17.749652099872836,15.196663222858396,-17.749652099872836,104,0.4326923076923077,1.2480719031313465,4.079315170483867,0.039224184331575644,-2.4376385541754653,0.19230769230769232,102,0.4411764705882353,-2.4376385541754653,0.612847964797842,0,0.5,134,0.4253731343283582,1.0864014881880917,1.937689814019166,0.014460371746411687,-2.4225310215837177,0.1791044776119403,128,0.4375,-2.422531021583718,1.2901961820269299,20,0.5,367,0.4196185286103542,1.0709142141253043,4.091979973799007,0.011149809192912826,-4.813114742137914,0.37329700272479566,349,0.4297994269340974,-4.700406266414627,0.8908372020007934,19,0.5294117647058824
SPXW,"d65ret,d80,d80_zero",-999999.0,1,score_desc,d80_zero,21,2,15,False,False,False,False,False,-17.749652099872836,15.196663222858396,-17.749652099872836,104,0.4326923076923077,1.2480719031313465,4.079315170483867,0.039224184331575644,-2.4376385541754653,0.19230769230769232,102,0.4411764705882353,-2.4376385541754653,0.612847964797842,0,0.5,134,0.4253731343283582,1.0864014881880917,1.937689814019166,0.014460371746411687,-2.4225310215837177,0.1791044776119403,128,0.4375,-2.422531021583718,1.2901961820269299,20,0.5,366,0.4180327868852459,1.0622491895431498,3.591979973799007,0.009814152933877069,-5.200406266414627,0.3743169398907104,349,0.4269340974212034,-5.200406266414628,1.0148408446294872,19,0.5294117647058824
SPXW,"d65ret,d80,d80_zero",-999999.0,1,score_desc,d80_zero,21,2,30,False,False,False,False,False,-17.749652099872836,16.595823850286447,-17.749652099872836,104,0.4326923076923077,1.2480719031313465,4.079315170483867,0.039224184331575644,-2.4376385541754653,0.19230769230769232,102,0.4411764705882353,-2.4376385541754653,0.612847964797842,0,0.5,134,0.43283582089552236,1.1237285616884818,2.7376898140191663,0.02043052100014303,-2.422531021583717,0.1791044776119403,128,0.4375,-2.422531021583717,1.0958144288799978,20,0.5,366,0.4180327868852459,1.0622491895431498,3.591979973799007,0.009814152933877069,-5.200406266414627,0.37158469945355194,349,0.4269340974212034,-5.200406266414628,1.0148408446294872,19,0.5294117647058824
SPXW,"d65ret,d80,d80_zero",-999999.0,1,score_desc,d80_zero,21,3,15,False,False,False,False,False,-17.749652099872836,15.196663222858396,-17.749652099872836,104,0.4326923076923077,1.2480719031313465,4.079315170483867,0.039224184331575644,-2.4376385541754653,0.19230769230769232,102,0.4411764705882353,-2.4376385541754653,0.612847964797842,0,0.5,134,0.4253731343283582,1.0864014881880917,1.937689814019166,0.014460371746411687,-2.4225310215837177,0.1791044776119403,128,0.4375,-2.422531021583718,1.2901961820269299,20,0.5,366,0.4180327868852459,1.0622491895431498,3.591979973799007,0.009814152933877069,-5.200406266414627,0.3743169398907104,349,0.4269340974212034,-5.200406266414628,1.0148408446294872,19,0.5294117647058824
SPXW,"d65ret,d80,d80_zero",-999999.0,1,score_desc,d80_zero,21,3,30,False,False,False,False,False,-17.749652099872836,15.196663222858396,-17.749652099872836,104,0.4326923076923077,1.2480719031313465,4.079315170483867,0.039224184331575644,-2.4376385541754653,0.19230769230769232,102,0.4411764705882353,-2.4376385541754653,0.612847964797842,0,0.5,134,0.4253731343283582,1.0864014881880917,1.937689814019166,0.014460371746411687,-2.4225310215837177,0.1791044776119403,128,0.4375,-2.422531021583718,1.2901961820269299,20,0.5,366,0.4180327868852459,1.0622491895431498,3.591979973799007,0.009814152933877069,-5.200406266414627,0.37158469945355194,349,0.4269340974212034,-5.200406266414628,1.0148408446294872,19,0.5294117647058824
SPXW,"d65ret,d80,d80_zero",-999999.0,1,score_desc,d80_zero,21,4,15,False,False,False,False,False,-17.749652099872836,15.196663222858396,-17.749652099872836,104,0.4326923076923077,1.2480719031313465,4.079315170483867,0.039224184331575644,-2.4376385541754653,0.19230769230769232,102,0.4411764705882353,-2.4376385541754653,0.612847964797842,0,0.5,134,0.4253731343283582,1.0864014881880917,1.937689814019166,0.014460371746411687,-2.4225310215837177,0.1791044776119403,128,0.4375,-2.422531021583718,1.2901961820269299,20,0.5,366,0.4180327868852459,1.0622491895431498,3.591979973799007,0.009814152933877069,-5.200406266414627,0.3743169398907104,349,0.4269340974212034,-5.200406266414628,1.0148408446294872,19,0.5294117647058824
SPXW,"d65ret,d80,d80_zero",-999999.0,1,score_desc,d80_zero,21,4,30,False,False,False,False,False,-17.749652099872836,15.196663222858396,-17.749652099872836,104,0.4326923076923077,1.2480719031313465,4.079315170483867,0.039224184331575644,-2.4376385541754653,0.19230769230769232,102,0.4411764705882353,-2.4376385541754653,0.612847964797842,0,0.5,134,0.4253731343283582,1.0864014881880917,1.937689814019166,0.014460371746411687,-2.4225310215837177,0.1791044776119403,128,0.4375,-2.422531021583718,1.2901961820269299,20,0.5,366,0.4180327868852459,1.0622491895431498,3.591979973799007,0.009814152933877069,-5.200406266414627,0.37158469945355194,349,0.4269340974212034,-5.200406266414628,1.0148408446294872,19,0.5294117647058824
SPXW,d80,-999999.0,1,score_desc,d80_front,22,3,15,False,False,False,False,False,-17.873000786508474,22.138849545202945,-17.873000786508474,108,0.46296296296296297,1.2169159133063068,2.769260670971102,0.025641302508991683,-1.8089804372151344,0.25925925925925924,102,0.47058823529411764,-1.8089804372151344,0.9753118721356077,0,0.5,137,0.4744525547445255,1.2835293750849448,5.232022638937822,0.03818994626961914,-2.277480286125122,0.10948905109489052,123,0.45528455284552843,-2.2774802861251224,0.6168401198307117,20,0.8333333333333334,384,0.4583333333333333,1.2094515352598183,9.485750172714486,0.02470247440811064,-3.230632347961661,0.4322916666666667,331,0.47129909365558914,-3.2306323479616603,0.3750991737199256,20,0.6470588235294118
SPXW,d80,-999999.0,1,score_desc,d80_front,22,4,15,False,False,False,False,False,-17.873000786508474,22.138849545202945,-17.873000786508474,108,0.46296296296296297,1.2169159133063068,2.769260670971102,0.025641302508991683,-1.8089804372151344,0.25925925925925924,102,0.47058823529411764,-1.8089804372151344,0.9753118721356077,0,0.5,137,0.4744525547445255,1.2835293750849448,5.232022638937822,0.03818994626961914,-2.277480286125122,0.10948905109489052,123,0.45528455284552843,-2.2774802861251224,0.6168401198307117,20,0.8333333333333334,384,0.4583333333333333,1.2094515352598183,9.485750172714486,0.02470247440811064,-3.230632347961661,0.4322916666666667,331,0.47129909365558914,-3.2306323479616603,0.3750991737199256,20,0.6470588235294118
SPXW,d80,-999999.0,1,score_desc,d80_front,22,3,30,False,False,False,False,False,-17.873000786508474,22.138849545202945,-17.873000786508474,108,0.46296296296296297,1.2169159133063068,2.769260670971102,0.025641302508991683,-1.8089804372151344,0.25925925925925924,102,0.47058823529411764,-1.8089804372151344,0.9753118721356077,0,0.5,137,0.4744525547445255,1.2835293750849448,5.232022638937822,0.03818994626961914,-2.277480286125122,0.10948905109489052,123,0.45528455284552843,-2.2774802861251224,0.6168401198307117,20,0.8333333333333334,384,0.4583333333333333,1.2023988454493006,9.089687585566443,0.023671061420745945,-3.5180528084004936,0.4348958333333333,331,0.46827794561933533,-3.5180528084004936,0.3948166756803104,20,0.6470588235294118
SPXW,d80,-999999.0,1,score_desc,d80_front,22,4,30,False,False,False,False,False,-17.873000786508474,22.138849545202945,-17.873000786508474,108,0.46296296296296297,1.2169159133063068,2.769260670971102,0.025641302508991683,-1.8089804372151344,0.25925925925925924,102,0.47058823529411764,-1.8089804372151344,0.9753118721356077,0,0.5,137,0.4744525547445255,1.2835293750849448,5.232022638937822,0.03818994626961914,-2.277480286125122,0.10948905109489052,123,0.45528455284552843,-2.2774802861251224,0.6168401198307117,20,0.8333333333333334,384,0.4583333333333333,1.2023988454493006,9.089687585566443,0.023671061420745945,-3.5180528084004936,0.4348958333333333,331,0.46827794561933533,-3.5180528084004936,0.3948166756803104,20,0.6470588235294118
SPXW,d80,-999999.0,1,score_desc,d80_front,22,2,15,False,False,False,False,False,-17.873000786508474,20.721877041740957,-17.873000786508474,108,0.46296296296296297,1.2169159133063068,2.769260670971102,0.025641302508991683,-1.8089804372151344,0.25925925925925924,102,0.47058823529411764,-1.8089804372151344,0.9753118721356077,0,0.5,135,0.4666666666666667,1.2540901629364025,4.688775138083562,0.03473166768950787,-2.4595616179481308,0.1037037037037037,123,0.45528455284552843,-2.4595616179481308,0.6398259484941278,20,0.6666666666666666,384,0.453125,1.195107613787037,8.780457175602077,0.022865773894797076,-3.2306323479616608,0.4322916666666667,333,0.47147147147147145,-3.2306323479616608,0.3563948229393265,20,0.5294117647058824
SPXW,d80,-999999.0,1,score_desc,d80_front,22,2,30,False,False,False,False,False,-17.873000786508474,20.721877041740957,-17.873000786508474,108,0.46296296296296297,1.2169159133063068,2.769260670971102,0.025641302508991683,-1.8089804372151344,0.25925925925925924,102,0.47058823529411764,-1.8089804372151344,0.9753118721356077,0,0.5,135,0.4666666666666667,1.2540901629364025,4.688775138083562,0.03473166768950787,-2.4595616179481308,0.1037037037037037,123,0.45528455284552843,-2.4595616179481308,0.6398259484941278,20,0.6666666666666666,384,0.453125,1.1877460537187767,8.370000034133096,0.02179687508888827,-3.5180528084004936,0.4348958333333333,333,0.47147147147147145,-3.5180528084004936,0.3823733486225516,20,0.5882352941176471
SPXW,d80,0.0,1,score_desc,d80_front,22,3,15,False,False,False,False,False,-17.873000786508474,22.138849545202945,-17.873000786508474,108,0.46296296296296297,1.2169159133063068,2.769260670971102,0.025641302508991683,-1.8089804372151344,0.25925925925925924,102,0.47058823529411764,-1.8089804372151344,0.9753118721356077,0,0.5,137,0.4744525547445255,1.2835293750849448,5.232022638937822,0.03818994626961914,-2.277480286125122,0.10948905109489052,123,0.45528455284552843,-2.2774802861251224,0.6168401198307117,20,0.8333333333333334,373,0.450402144772118,1.1585261754136706,7.051215415572777,0.018904062776334524,-5.301958634174128,0.4289544235924933,316,0.4620253164556962,-5.301958634174127,0.5207023952157919,12,0.6470588235294118
SPXW,d80,0.0,1,score_desc,d80_front,22,4,15,False,False,False,False,False,-17.873000786508474,22.138849545202945,-17.873000786508474,108,0.46296296296296297,1.2169159133063068,2.769260670971102,0.025641302508991683,-1.8089804372151344,0.25925925925925924,102,0.47058823529411764,-1.8089804372151344,0.9753118721356077,0,0.5,137,0.4744525547445255,1.2835293750849448,5.232022638937822,0.03818994626961914,-2.277480286125122,0.10948905109489052,123,0.45528455284552843,-2.2774802861251224,0.6168401198307117,20,0.8333333333333334,373,0.450402144772118,1.1585261754136706,7.051215415572777,0.018904062776334524,-5.301958634174128,0.4289544235924933,316,0.4620253164556962,-5.301958634174127,0.5207023952157919,12,0.6470588235294118
SPXW,d80,0.0,1,score_desc,d80_front,22,3,30,False,False,False,False,False,-17.873000786508474,22.138849545202945,-17.873000786508474,108,0.46296296296296297,1.2169159133063068,2.769260670971102,0.025641302508991683,-1.8089804372151344,0.25925925925925924,102,0.47058823529411764,-1.8089804372151344,0.9753118721356077,0,0.5,137,0.4744525547445255,1.2835293750849448,5.232022638937822,0.03818994626961914,-2.277480286125122,0.10948905109489052,123,0.45528455284552843,-2.2774802861251224,0.6168401198307117,20,0.8333333333333334,373,0.450402144772118,1.1509068091818675,6.6551528284247325,0.017842232783980515,-5.87226834357666,0.4316353887399464,316,0.4588607594936709,-5.87226834357666,0.5516905247298911,12,0.6470588235294118
SPXW,d80,0.0,1,score_desc,d80_front,22,4,30,False,False,False,False,False,-17.873000786508474,22.138849545202945,-17.873000786508474,108,0.46296296296296297,1.2169159133063068,2.769260670971102,0.025641302508991683,-1.8089804372151344,0.25925925925925924,102,0.47058823529411764,-1.8089804372151344,0.9753118721356077,0,0.5,137,0.4744525547445255,1.2835293750849448,5.232022638937822,0.03818994626961914,-2.277480286125122,0.10948905109489052,123,0.45528455284552843,-2.2774802861251224,0.6168401198307117,20,0.8333333333333334,373,0.450402144772118,1.1509068091818675,6.6551528284247325,0.017842232783980515,-5.87226834357666,0.4316353887399464,316,0.4588607594936709,-5.87226834357666,0.5516905247298911,12,0.6470588235294118
SPXW,d80,0.0,1,score_desc,d80_front,22,2,15,False,False,False,False,False,-17.873000786508474,20.721877041740957,-17.873000786508474,108,0.46296296296296297,1.2169159133063068,2.769260670971102,0.025641302508991683,-1.8089804372151344,0.25925925925925924,102,0.47058823529411764,-1.8089804372151344,0.9753118721356077,0,0.5,135,0.4666666666666667,1.2540901629364025,4.688775138083562,0.03473166768950787,-2.4595616179481308,0.1037037037037037,123,0.45528455284552843,-2.4595616179481308,0.6398259484941278,20,0.6666666666666666,373,0.4450402144772118,1.1435909448504245,6.345922418460369,0.01701319683233343,-5.301958634174128,0.4289544235924933,318,0.46226415094339623,-5.301958634174128,0.5193532583067897,12,0.5294117647058824
SPXW,d80,0.0,1,score_desc,d80_front,22,2,30,False,False,False,False,False,-17.873000786508474,20.721877041740957,-17.873000786508474,108,0.46296296296296297,1.2169159133063068,2.769260670971102,0.025641302508991683,-1.8089804372151344,0.25925925925925924,102,0.47058823529411764,-1.8089804372151344,0.9753118721356077,0,0.5,135,0.4666666666666667,1.2540901629364025,4.688775138083562,0.03473166768950787,-2.4595616179481308,0.1037037037037037,123,0.45528455284552843,-2.4595616179481308,0.6398259484941278,20,0.6666666666666666,373,0.4450402144772118,1.135597131577384,5.935465276991386,0.015912775541531865,-5.8722683435766605,0.4316353887399464,318,0.46226415094339623,-5.8722683435766605,0.5672564472137647,12,0.5882352941176471
SPXW,"d50ret,d80,d80_front",0.0,1,score_desc,d80_zero,22,3,30,False,False,True,False,False,-17.909113920006202,21.458670559054966,-17.909113920006202,92,0.4673913043478261,1.2212113068707673,2.544786593725778,0.027660723844845414,-1.6,0.18478260869565216,89,0.48314606741573035,-1.6,0.9824006485116669,0,0.5,131,0.4732824427480916,1.3828861373506922,7.5135307109163465,0.057355196266537,-2.3777454259441875,0.1450381679389313,124,0.47580645161290325,-2.3777454259441875,0.4323524142390531,17,0.6666666666666666,368,0.47282608695652173,1.347296450303971,17.203207490399738,0.046747846441303635,-2.861942955612074,0.3233695652173913,342,0.47368421052631576,-2.861942955612074,0.29263221291442365,18,0.8823529411764706
SPXW,"d50ret,d80,d80_front",0.0,1,score_desc,d80_zero,22,4,30,False,False,True,False,False,-17.909113920006202,21.458670559054966,-17.909113920006202,92,0.4673913043478261,1.2212113068707673,2.544786593725778,0.027660723844845414,-1.6,0.18478260869565216,89,0.48314606741573035,-1.6,0.9824006485116669,0,0.5,131,0.4732824427480916,1.3828861373506922,7.5135307109163465,0.057355196266537,-2.3777454259441875,0.1450381679389313,124,0.47580645161290325,-2.3777454259441875,0.4323524142390531,17,0.6666666666666666,368,0.47282608695652173,1.347296450303971,17.203207490399738,0.046747846441303635,-2.861942955612074,0.3233695652173913,342,0.47368421052631576,-2.861942955612074,0.29263221291442365,18,0.8823529411764706
SPXW,"d50ret,d80,d80_front",0.0,1,score_desc,d80_zero,22,2,30,False,False,True,False,False,-17.909113920006202,21.458670559054966,-17.909113920006202,92,0.4673913043478261,1.2212113068707673,2.544786593725778,0.027660723844845414,-1.6,0.18478260869565216,89,0.48314606741573035,-1.6,0.9824006485116669,0,0.5,131,0.4732824427480916,1.3828861373506922,7.5135307109163465,0.057355196266537,-2.3777454259441875,0.1450381679389313,124,0.47580645161290325,-2.3777454259441875,0.4323524142390531,17,0.6666666666666666,368,0.4701086956521739,1.338499325653162,16.868994813258073,0.04583965981863607,-2.861942955612074,0.32065217391304346,342,0.47368421052631576,-2.861942955612074,0.29640177469675216,18,0.8823529411764706
SPXW,"d50ret,d80,d80_front",0.0,1,score_desc,d80_zero,22,3,0,False,False,True,False,False,-17.909113920006202,20.793912818127517,-17.909113920006202,92,0.4673913043478261,1.2212113068707673,2.544786593725778,0.027660723844845414,-1.6,0.18478260869565216,89,0.48314606741573035,-1.6,0.9824006485116669,0,0.5,131,0.46564885496183206,1.3369669922538456,6.713530710916347,0.051248326037529365,-2.3777454259441857,0.1450381679389313,124,0.47580645161290325,-2.3777454259441857,0.40939607796160693,17,0.6666666666666666,368,0.4673913043478261,1.3231034591856559,16.104138811263923,0.04376124676973892,-2.561942955612073,0.32608695652173914,342,0.47368421052631576,-2.561942955612073,0.29330652818897135,18,0.8823529411764706
SPXW,"d50ret,d80,d80_front",0.0,1,score_desc,d80_zero,22,4,0,False,False,True,False,False,-17.909113920006202,20.793912818127517,-17.909113920006202,92,0.4673913043478261,1.2212113068707673,2.544786593725778,0.027660723844845414,-1.6,0.18478260869565216,89,0.48314606741573035,-1.6,0.9824006485116669,0,0.5,131,0.46564885496183206,1.3369669922538456,6.713530710916347,0.051248326037529365,-2.3777454259441857,0.1450381679389313,124,0.47580645161290325,-2.3777454259441857,0.40939607796160693,17,0.6666666666666666,368,0.4673913043478261,1.3231034591856559,16.104138811263923,0.04376124676973892,-2.561942955612073,0.32608695652173914,342,0.47368421052631576,-2.561942955612073,0.29330652818897135,18,0.8823529411764706
SPXW,"d50ret,d80,d80_front",0.0,1,score_desc,d80_zero,22,3,15,False,False,True,False,False,-17.909113920006202,20.793912818127517,-17.909113920006202,92,0.4673913043478261,1.2212113068707673,2.544786593725778,0.027660723844845414,-1.6,0.18478260869565216,89,0.48314606741573035,-1.6,0.9824006485116669,0,0.5,131,0.46564885496183206,1.3369669922538456,6.713530710916347,0.051248326037529365,-2.3777454259441857,0.1450381679389313,124,0.47580645161290325,-2.3777454259441857,0.40939607796160693,17,0.6666666666666666,368,0.4673913043478261,1.3231034591856554,16.104138811263923,0.04376124676973892,-2.861942955612074,0.3233695652173913,342,0.47076023391812866,-2.861942955612074,0.31260365649732974,18,0.8823529411764706
SPXW,"d50ret,d80,d80_front",0.0,1,score_desc,d80_zero,22,4,15,False,False,True,False,False,-17.909113920006202,20.793912818127517,-17.909113920006202,92,0.4673913043478261,1.2212113068707673,2.544786593725778,0.027660723844845414,-1.6,0.18478260869565216,89,0.48314606741573035,-1.6,0.9824006485116669,0,0.5,131,0.46564885496183206,1.3369669922538456,6.713530710916347,0.051248326037529365,-2.3777454259441857,0.1450381679389313,124,0.47580645161290325,-2.3777454259441857,0.40939607796160693,17,0.6666666666666666,368,0.4673913043478261,1.3231034591856554,16.104138811263923,0.04376124676973892,-2.861942955612074,0.3233695652173913,342,0.47076023391812866,-2.861942955612074,0.31260365649732974,18,0.8823529411764706
SPXW,"d50ret,d80,d80_front",0.0,1,score_desc,d80_zero,22,2,0,False,False,True,False,False,-17.909113920006202,20.793912818127517,-17.909113920006202,92,0.4673913043478261,1.2212113068707673,2.544786593725778,0.027660723844845414,-1.6,0.18478260869565216,89,0.48314606741573035,-1.6,0.9824006485116669,0,0.5,131,0.46564885496183206,1.3369669922538456,6.713530710916347,0.051248326037529365,-2.3777454259441857,0.1450381679389313,124,0.47580645161290325,-2.3777454259441857,0.40939607796160693,17,0.6666666666666666,368,0.46467391304347827,1.314505013096127,15.769926134122258,0.042853060147071353,-2.561942955612073,0.3233695652173913,342,0.47368421052631576,-2.561942955612073,0.29735309646866803,18,0.8823529411764706
SPXW,"d50ret,d80,d80_front",0.0,1,score_desc,d80_zero,22,2,15,False,False,True,False,False,-17.909113920006202,20.793912818127517,-17.909113920006202,92,0.4673913043478261,1.2212113068707673,2.544786593725778,0.027660723844845414,-1.6,0.18478260869565216,89,0.48314606741573035,-1.6,0.9824006485116669,0,0.5,131,0.46564885496183206,1.3369669922538456,6.713530710916347,0.051248326037529365,-2.3777454259441857,0.1450381679389313,124,0.47580645161290325,-2.3777454259441857,0.40939607796160693,17,0.6666666666666666,368,0.46467391304347827,1.3145050130961264,15.769926134122256,0.04285306014707135,-2.861942955612074,0.32065217391304346,342,0.47076023391812866,-2.861942955612074,0.3170591895913339,18,0.8823529411764706
SPXW,"d65ret,d80,d80_zero",0.0,1,score_desc,d80_zero,22,1,0,False,False,False,False,False,-17.92019845881811,-9.16386071340592,-17.92019845881811,102,0.4411764705882353,1.2308791830265182,3.7082433242267947,0.03635532670810583,-2.3999999999999986,0.19607843137254902,102,0.4411764705882353,-2.3999999999999986,0.6741736669940004,0,0.5,128,0.3984375,0.9871606847593619,-0.2837126531799956,-0.0022165051029687157,-2.5398282435398714,0.21875,128,0.3984375,-2.5398282435398714,-8.811732476428983,20,0.3333333333333333,339,0.44542772861356933,1.1990761514535433,10.095910530813075,0.029781446993548896,-3.5445279689553537,0.4218289085545723,339,0.44542772861356933,-3.5445279689553537,0.24762501533367512,15,0.7647058823529411
SPXW,"d65ret,d80,d80_zero",0.0,1,score_desc,d80_zero,22,1,15,False,False,False,False,False,-17.92019845881811,-9.16386071340592,-17.92019845881811,102,0.4411764705882353,1.2308791830265182,3.7082433242267947,0.03635532670810583,-2.3999999999999986,0.19607843137254902,102,0.4411764705882353,-2.3999999999999986,0.6741736669940004,0,0.5,128,0.3984375,0.9871606847593619,-0.2837126531799956,-0.0022165051029687157,-2.5398282435398714,0.21875,128,0.3984375,-2.5398282435398714,-8.811732476428983,20,0.3333333333333333,339,0.44542772861356933,1.1990761514535433,10.095910530813075,0.029781446993548896,-3.5445279689553537,0.4218289085545723,339,0.44542772861356933,-3.5445279689553537,0.24762501533367512,15,0.7647058823529411
SPXW,"d65ret,d80,d80_zero",0.0,1,score_desc,d80_zero,22,1,30,False,False,False,False,False,-17.92019845881811,-9.16386071340592,-17.92019845881811,102,0.4411764705882353,1.2308791830265182,3.7082433242267947,0.03635532670810583,-2.3999999999999986,0.19607843137254902,102,0.4411764705882353,-2.3999999999999986,0.6741736669940004,0,0.5,128,0.3984375,0.9871606847593619,-0.2837126531799956,-0.0022165051029687157,-2.5398282435398714,0.21875,128,0.3984375,-2.5398282435398714,-8.811732476428983,20,0.3333333333333333,339,0.44542772861356933,1.1990761514535433,10.095910530813075,0.029781446993548896,-3.5445279689553537,0.4218289085545723,339,0.44542772861356933,-3.5445279689553537,0.24762501533367512,15,0.7647058823529411
SPXW,"d65ret,d80",0.0,1,score_desc,d80_zero,22,1,0,False,False,False,False,False,-17.92019845881811,11.977091648035552,-17.92019845881811,102,0.4411764705882353,1.2308791830265182,3.7082433242267947,0.03635532670810583,-2.3999999999999986,0.19607843137254902,102,0.4411764705882353,-2.3999999999999986,0.6741736669940004,0,0.5,128,0.40625,1.0061076556894173,0.13312966722018205,0.0010400755251576722,-2.539828243539872,0.21875,128,0.40625,-2.539828243539872,18.778684362406395,20,0.3333333333333333,339,0.44542772861356933,1.1932408031504662,9.799977773655334,0.028908489007832845,-3.5445279689553555,0.4247787610619469,339,0.44542772861356933,-3.5445279689553555,0.2551026193876269,15,0.7058823529411765
SPXW,"d65ret,d80",0.0,1,score_desc,d80_zero,22,1,15,False,False,False,False,False,-17.92019845881811,11.977091648035552,-17.92019845881811,102,0.4411764705882353,1.2308791830265182,3.7082433242267947,0.03635532670810583,-2.3999999999999986,0.19607843137254902,102,0.4411764705882353,-2.3999999999999986,0.6741736669940004,0,0.5,128,0.40625,1.0061076556894173,0.13312966722018205,0.0010400755251576722,-2.539828243539872,0.21875,128,0.40625,-2.539828243539872,18.778684362406395,20,0.3333333333333333,339,0.44542772861356933,1.1932408031504662,9.799977773655334,0.028908489007832845,-3.5445279689553555,0.4247787610619469,339,0.44542772861356933,-3.5445279689553555,0.2551026193876269,15,0.7058823529411765
SPXW,"d65ret,d80",0.0,1,score_desc,d80_zero,22,1,30,False,False,False,False,False,-17.92019845881811,11.977091648035552,-17.92019845881811,102,0.4411764705882353,1.2308791830265182,3.7082433242267947,0.03635532670810583,-2.3999999999999986,0.19607843137254902,102,0.4411764705882353,-2.3999999999999986,0.6741736669940004,0,0.5,128,0.40625,1.0061076556894173,0.13312966722018205,0.0010400755251576722,-2.539828243539872,0.21875,128,0.40625,-2.539828243539872,18.778684362406395,20,0.3333333333333333,339,0.44542772861356933,1.1932408031504662,9.799977773655334,0.028908489007832845,-3.5445279689553555,0.4247787610619469,339,0.44542772861356933,-3.5445279689553555,0.2551026193876269,15,0.7058823529411765
SPXW,"d65ret,d80,d80_zero",-999999.0,1,score_desc,d80_zero,22,1,0,False,False,False,False,False,-17.92019845881811,-9.16386071340592,-17.92019845881811,102,0.4411764705882353,1.2308791830265182,3.7082433242267947,0.03635532670810583,-2.3999999999999986,0.19607843137254902,102,0.4411764705882353,-2.3999999999999986,0.6741736669940004,0,0.5,128,0.3984375,0.9871606847593619,-0.2837126531799956,-0.0022165051029687157,-2.5398282435398714,0.21875,128,0.3984375,-2.5398282435398714,-8.811732476428983,20,0.3333333333333333,349,0.44412607449856734,1.1826070989040065,9.499953539382709,0.027220497247514925,-3.5445279689553537,0.4183381088825215,349,0.44412607449856734,-3.5445279689553537,0.26315918174084524,19,0.7058823529411765
SPXW,"d65ret,d80,d80_zero",-999999.0,1,score_desc,d80_zero,22,1,15,False,False,False,False,False,-17.92019845881811,-9.16386071340592,-17.92019845881811,102,0.4411764705882353,1.2308791830265182,3.7082433242267947,0.03635532670810583,-2.3999999999999986,0.19607843137254902,102,0.4411764705882353,-2.3999999999999986,0.6741736669940004,0,0.5,128,0.3984375,0.9871606847593619,-0.2837126531799956,-0.0022165051029687157,-2.5398282435398714,0.21875,128,0.3984375,-2.5398282435398714,-8.811732476428983,20,0.3333333333333333,349,0.44412607449856734,1.1826070989040065,9.499953539382709,0.027220497247514925,-3.5445279689553537,0.4183381088825215,349,0.44412607449856734,-3.5445279689553537,0.26315918174084524,19,0.7058823529411765
SPXW,"d65ret,d80,d80_zero",-999999.0,1,score_desc,d80_zero,22,1,30,False,False,False,False,False,-17.92019845881811,-9.16386071340592,-17.92019845881811,102,0.4411764705882353,1.2308791830265182,3.7082433242267947,0.03635532670810583,-2.3999999999999986,0.19607843137254902,102,0.4411764705882353,-2.3999999999999986,0.6741736669940004,0,0.5,128,0.3984375,0.9871606847593619,-0.2837126531799956,-0.0022165051029687157,-2.5398282435398714,0.21875,128,0.3984375,-2.5398282435398714,-8.811732476428983,20,0.3333333333333333,349,0.44412607449856734,1.1826070989040065,9.499953539382709,0.027220497247514925,-3.5445279689553537,0.4183381088825215,349,0.44412607449856734,-3.5445279689553537,0.26315918174084524,19,0.7058823529411765
SPXW,"d65ret,d80,d80_zero",0.0,1,score_desc,d80_zero,21,1,0,False,False,False,False,False,-17.92019845881811,-13.470362974651314,-17.92019845881811,102,0.4411764705882353,1.2308791830265182,3.7082433242267947,0.03635532670810583,-2.3999999999999986,0.19607843137254902,102,0.4411764705882353,-2.3999999999999986,0.6741736669940004,0,0.5,128,0.3828125,0.917006751634539,-1.883712653179996,-0.014716505102968718,-4.1398282435398706,0.21875,128,0.3828125,-4.1398282435398706,-1.3271663253838724,20,0.3333333333333333,339,0.43952802359882004,1.1791855791761532,9.179126548788506,0.02707706946545282,-4.461311950979923,0.41887905604719766,339,0.43952802359882004,-4.461311950979923,0.2723570686940751,15,0.7058823529411765
SPXW,"d65ret,d80,d80_zero",0.0,1,score_desc,d80_zero,21,1,15,False,False,False,False,False,-17.92019845881811,-13.470362974651314,-17.92019845881811,102,0.4411764705882353,1.2308791830265182,3.7082433242267947,0.03635532670810583,-2.3999999999999986,0.19607843137254902,102,0.4411764705882353,-2.3999999999999986,0.6741736669940004,0,0.5,128,0.3828125,0.917006751634539,-1.883712653179996,-0.014716505102968718,-4.1398282435398706,0.21875,128,0.3828125,-4.1398282435398706,-1.3271663253838724,20,0.3333333333333333,339,0.43952802359882004,1.1791855791761532,9.179126548788506,0.02707706946545282,-4.461311950979923,0.41887905604719766,339,0.43952802359882004,-4.461311950979923,0.2723570686940751,15,0.7058823529411765
SPXW,"d65ret,d80,d80_zero",0.0,1,score_desc,d80_zero,21,1,30,False,False,False,False,False,-17.92019845881811,-13.470362974651314,-17.92019845881811,102,0.4411764705882353,1.2308791830265182,3.7082433242267947,0.03635532670810583,-2.3999999999999986,0.19607843137254902,102,0.4411764705882353,-2.3999999999999986,0.6741736669940004,0,0.5,128,0.3828125,0.917006751634539,-1.883712653179996,-0.014716505102968718,-4.1398282435398706,0.21875,128,0.3828125,-4.1398282435398706,-1.3271663253838724,20,0.3333333333333333,339,0.43952802359882004,1.1791855791761532,9.179126548788506,0.02707706946545282,-4.461311950979923,0.41887905604719766,339,0.43952802359882004,-4.461311950979923,0.2723570686940751,15,0.7058823529411765
SPXW,"d65ret,d80",-999999.0,1,score_desc,d80_zero,22,1,0,False,False,False,False,False,-17.92019845881811,11.977091648035552,-17.92019845881811,102,0.4411764705882353,1.2308791830265182,3.7082433242267947,0.03635532670810583,-2.3999999999999986,0.19607843137254902,102,0.4411764705882353,-2.3999999999999986,0.6741736669940004,0,0.5,128,0.40625,1.0061076556894173,0.13312966722018205,0.0010400755251576722,-2.539828243539872,0.21875,128,0.40625,-2.539828243539872,18.778684362406395,20,0.3333333333333333,349,0.44412607449856734,1.1769187108470316,9.204020782224969,0.026372552384598767,-3.5445279689553537,0.42120343839541546,349,0.44412607449856734,-3.5445279689553537,0.271620421026,19,0.6470588235294118
SPXW,"d65ret,d80",-999999.0,1,score_desc,d80_zero,22,1,15,False,False,False,False,False,-17.92019845881811,11.977091648035552,-17.92019845881811,102,0.4411764705882353,1.2308791830265182,3.7082433242267947,0.03635532670810583,-2.3999999999999986,0.19607843137254902,102,0.4411764705882353,-2.3999999999999986,0.6741736669940004,0,0.5,128,0.40625,1.0061076556894173,0.13312966722018205,0.0010400755251576722,-2.539828243539872,0.21875,128,0.40625,-2.539828243539872,18.778684362406395,20,0.3333333333333333,349,0.44412607449856734,1.1769187108470316,9.204020782224969,0.026372552384598767,-3.5445279689553537,0.42120343839541546,349,0.44412607449856734,-3.5445279689553537,0.271620421026,19,0.6470588235294118
SPXW,"d65ret,d80",-999999.0,1,score_desc,d80_zero,22,1,30,False,False,False,False,False,-17.92019845881811,11.977091648035552,-17.92019845881811,102,0.4411764705882353,1.2308791830265182,3.7082433242267947,0.03635532670810583,-2.3999999999999986,0.19607843137254902,102,0.4411764705882353,-2.3999999999999986,0.6741736669940004,0,0.5,128,0.40625,1.0061076556894173,0.13312966722018205,0.0010400755251576722,-2.539828243539872,0.21875,128,0.40625,-2.539828243539872,18.778684362406395,20,0.3333333333333333,349,0.44412607449856734,1.1769187108470316,9.204020782224969,0.026372552384598767,-3.5445279689553537,0.42120343839541546,349,0.44412607449856734,-3.5445279689553537,0.271620421026,19,0.6470588235294118
SPXW,"d65ret,d80",0.0,1,score_desc,d80_zero,21,1,0,False,False,False,False,False,-17.92019845881811,-12.23390949765202,-17.92019845881811,102,0.4411764705882353,1.2308791830265182,3.7082433242267947,0.03635532670810583,-2.3999999999999986,0.19607843137254902,102,0.4411764705882353,-2.3999999999999986,0.6741736669940004,0,0.5,128,0.390625,0.9345064705775807,-1.466870332779818,-0.011459924474842328,-4.1398282435398706,0.21875,128,0.390625,-4.1398282435398706,-1.7043087886727737,20,0.3333333333333333,339,0.43952802359882004,1.1734086806655313,8.883193791630765,0.02620411147973677,-4.461311950979924,0.4218289085545723,339,0.43952802359882004,-4.461311950979924,0.281430311962276,15,0.6470588235294118
SPXW,"d65ret,d80",0.0,1,score_desc,d80_zero,21,1,15,False,False,False,False,False,-17.92019845881811,-12.23390949765202,-17.92019845881811,102,0.4411764705882353,1.2308791830265182,3.7082433242267947,0.03635532670810583,-2.3999999999999986,0.19607843137254902,102,0.4411764705882353,-2.3999999999999986,0.6741736669940004,0,0.5,128,0.390625,0.9345064705775807,-1.466870332779818,-0.011459924474842328,-4.1398282435398706,0.21875,128,0.390625,-4.1398282435398706,-1.7043087886727737,20,0.3333333333333333,339,0.43952802359882004,1.1734086806655313,8.883193791630765,0.02620411147973677,-4.461311950979924,0.4218289085545723,339,0.43952802359882004,-4.461311950979924,0.281430311962276,15,0.6470588235294118
SPXW,"d65ret,d80",0.0,1,score_desc,d80_zero,21,1,30,False,False,False,False,False,-17.92019845881811,-12.23390949765202,-17.92019845881811,102,0.4411764705882353,1.2308791830265182,3.7082433242267947,0.03635532670810583,-2.3999999999999986,0.19607843137254902,102,0.4411764705882353,-2.3999999999999986,0.6741736669940004,0,0.5,128,0.390625,0.9345064705775807,-1.466870332779818,-0.011459924474842328,-4.1398282435398706,0.21875,128,0.390625,-4.1398282435398706,-1.7043087886727737,20,0.3333333333333333,339,0.43952802359882004,1.1734086806655313,8.883193791630765,0.02620411147973677,-4.461311950979924,0.4218289085545723,339,0.43952802359882004,-4.461311950979924,0.281430311962276,15,0.6470588235294118
SPXW,"d65ret,d80,d80_zero",-999999.0,1,score_desc,d80_zero,21,1,0,False,False,False,False,False,-17.92019845881811,-13.470362974651314,-17.92019845881811,102,0.4411764705882353,1.2308791830265182,3.7082433242267947,0.03635532670810583,-2.3999999999999986,0.19607843137254902,102,0.4411764705882353,-2.3999999999999986,0.6741736669940004,0,0.5,128,0.3828125,0.917006751634539,-1.883712653179996,-0.014716505102968718,-4.1398282435398706,0.21875,128,0.3828125,-4.1398282435398706,-1.3271663253838724,20,0.3333333333333333,349,0.4383954154727794,1.1633734164088512,8.58316955735814,0.02459360904687146,-4.461311950979923,0.4154727793696275,349,0.4383954154727794,-4.461311950979923,0.2912676935126851,19,0.6470588235294118
SPXW,"d65ret,d80,d80_zero",-999999.0,1,score_desc,d80_zero,21,1,15,False,False,False,False,False,-17.92019845881811,-13.470362974651314,-17.92019845881811,102,0.4411764705882353,1.2308791830265182,3.7082433242267947,0.03635532670810583,-2.3999999999999986,0.19607843137254902,102,0.4411764705882353,-2.3999999999999986,0.6741736669940004,0,0.5,128,0.3828125,0.917006751634539,-1.883712653179996,-0.014716505102968718,-4.1398282435398706,0.21875,128,0.3828125,-4.1398282435398706,-1.3271663253838724,20,0.3333333333333333,349,0.4383954154727794,1.1633734164088512,8.58316955735814,0.02459360904687146,-4.461311950979923,0.4154727793696275,349,0.4383954154727794,-4.461311950979923,0.2912676935126851,19,0.6470588235294118
SPXW,"d65ret,d80,d80_zero",-999999.0,1,score_desc,d80_zero,21,1,30,False,False,False,False,False,-17.92019845881811,-13.470362974651314,-17.92019845881811,102,0.4411764705882353,1.2308791830265182,3.7082433242267947,0.03635532670810583,-2.3999999999999986,0.19607843137254902,102,0.4411764705882353,-2.3999999999999986,0.6741736669940004,0,0.5,128,0.3828125,0.917006751634539,-1.883712653179996,-0.014716505102968718,-4.1398282435398706,0.21875,128,0.3828125,-4.1398282435398706,-1.3271663253838724,20,0.3333333333333333,349,0.4383954154727794,1.1633734164088512,8.58316955735814,0.02459360904687146,-4.461311950979923,0.4154727793696275,349,0.4383954154727794,-4.461311950979923,0.2912676935126851,19,0.6470588235294118
SPXW,"d65ret,d80",-999999.0,1,score_desc,d80_zero,21,1,0,False,False,False,False,False,-17.92019845881811,-12.23390949765202,-17.92019845881811,102,0.4411764705882353,1.2308791830265182,3.7082433242267947,0.03635532670810583,-2.3999999999999986,0.19607843137254902,102,0.4411764705882353,-2.3999999999999986,0.6741736669940004,0,0.5,128,0.390625,0.9345064705775807,-1.466870332779818,-0.011459924474842328,-4.1398282435398706,0.21875,128,0.390625,-4.1398282435398706,-1.7043087886727737,20,0.3333333333333333,349,0.4383954154727794,1.157740585175463,8.2872368002004,0.023745664183955302,-4.461311950979923,0.4183381088825215,349,0.4383954154727794,-4.461311950979923,0.3016687057789329,19,0.5882352941176471
SPXW,"d65ret,d80",-999999.0,1,score_desc,d80_zero,21,1,15,False,False,False,False,False,-17.92019845881811,-12.23390949765202,-17.92019845881811,102,0.4411764705882353,1.2308791830265182,3.7082433242267947,0.03635532670810583,-2.3999999999999986,0.19607843137254902,102,0.4411764705882353,-2.3999999999999986,0.6741736669940004,0,0.5,128,0.390625,0.9345064705775807,-1.466870332779818,-0.011459924474842328,-4.1398282435398706,0.21875,128,0.390625,-4.1398282435398706,-1.7043087886727737,20,0.3333333333333333,349,0.4383954154727794,1.157740585175463,8.2872368002004,0.023745664183955302,-4.461311950979923,0.4183381088825215,349,0.4383954154727794,-4.461311950979923,0.3016687057789329,19,0.5882352941176471
SPXW,"d65ret,d80",-999999.0,1,score_desc,d80_zero,21,1,30,False,False,False,False,False,-17.92019845881811,-12.23390949765202,-17.92019845881811,102,0.4411764705882353,1.2308791830265182,3.7082433242267947,0.03635532670810583,-2.3999999999999986,0.19607843137254902,102,0.4411764705882353,-2.3999999999999986,0.6741736669940004,0,0.5,128,0.390625,0.9345064705775807,-1.466870332779818,-0.011459924474842328,-4.1398282435398706,0.21875,128,0.390625,-4.1398282435398706,-1.7043087886727737,20,0.3333333333333333,349,0.4383954154727794,1.157740585175463,8.2872368002004,0.023745664183955302,-4.461311950979923,0.4183381088825215,349,0.4383954154727794,-4.461311950979923,0.3016687057789329,19,0.5882352941176471
SPXW,"d50ret,d65ret,d80",-999999.0,1,score_desc,d80_zero,22,1,0,False,False,False,False,False,-17.92019845881811,-8.703921156603007,-17.92019845881811,102,0.4411764705882353,1.2308791830265182,3.7082433242267947,0.03635532670810583,-2.3999999999999986,0.19607843137254902,102,0.4411764705882353,-2.3999999999999986,0.6741736669940004,0,0.5,128,0.390625,0.9949614559337401,-0.11284917573354147,-0.0008816341854182928,-3.5379594255342797,0.2421875,128,0.390625,-3.5379594255342797,-22.153462652691225,20,0.5,351,0.42450142450142453,1.13248307119569,7.15016298510361,0.0203708347153949,-5.795303804071595,0.4074074074074074,351,0.42450142450142453,-5.795303804071595,0.3496423795105663,19,0.5882352941176471
SPXW,"d50ret,d65ret,d80",-999999.0,1,score_desc,d80_zero,22,1,15,False,False,False,False,False,-17.92019845881811,-8.703921156603007,-17.92019845881811,102,0.4411764705882353,1.2308791830265182,3.7082433242267947,0.03635532670810583,-2.3999999999999986,0.19607843137254902,102,0.4411764705882353,-2.3999999999999986,0.6741736669940004,0,0.5,128,0.390625,0.9949614559337401,-0.11284917573354147,-0.0008816341854182928,-3.5379594255342797,0.2421875,128,0.390625,-3.5379594255342797,-22.153462652691225,20,0.5,351,0.42450142450142453,1.13248307119569,7.15016298510361,0.0203708347153949,-5.795303804071595,0.4074074074074074,351,0.42450142450142453,-5.795303804071595,0.3496423795105663,19,0.5882352941176471
SPXW,"d50ret,d65ret,d80",-999999.0,1,score_desc,d80_zero,22,1,30,False,False,False,False,False,-17.92019845881811,-8.703921156603007,-17.92019845881811,102,0.4411764705882353,1.2308791830265182,3.7082433242267947,0.03635532670810583,-2.3999999999999986,0.19607843137254902,102,0.4411764705882353,-2.3999999999999986,0.6741736669940004,0,0.5,128,0.390625,0.9949614559337401,-0.11284917573354147,-0.0008816341854182928,-3.5379594255342797,0.2421875,128,0.390625,-3.5379594255342797,-22.153462652691225,20,0.5,351,0.42450142450142453,1.13248307119569,7.15016298510361,0.0203708347153949,-5.795303804071595,0.4074074074074074,351,0.42450142450142453,-5.795303804071595,0.3496423795105663,19,0.5882352941176471
SPXW,"d50ret,d65ret,d80",0.0,1,score_desc,d80_zero,22,1,0,False,False,False,False,False,-17.92019845881811,-8.703921156603007,-17.92019845881811,102,0.4411764705882353,1.2308791830265182,3.7082433242267947,0.03635532670810583,-2.3999999999999986,0.19607843137254902,102,0.4411764705882353,-2.3999999999999986,0.6741736669940004,0,0.5,128,0.390625,0.9949614559337401,-0.11284917573354147,-0.0008816341854182928,-3.5379594255342797,0.2421875,128,0.390625,-3.5379594255342797,-22.153462652691225,20,0.5,344,0.41569767441860467,1.1109625137468178,5.988352299671986,0.017408000871139494,-5.795303804071595,0.40406976744186046,344,0.41569767441860467,-5.795303804071595,0.41747710804137866,17,0.6470588235294118
SPXW,"d50ret,d65ret,d80",0.0,1,score_desc,d80_zero,22,1,15,False,False,False,False,False,-17.92019845881811,-8.703921156603007,-17.92019845881811,102,0.4411764705882353,1.2308791830265182,3.7082433242267947,0.03635532670810583,-2.3999999999999986,0.19607843137254902,102,0.4411764705882353,-2.3999999999999986,0.6741736669940004,0,0.5,128,0.390625,0.9949614559337401,-0.11284917573354147,-0.0008816341854182928,-3.5379594255342797,0.2421875,128,0.390625,-3.5379594255342797,-22.153462652691225,20,0.5,344,0.41569767441860467,1.1109625137468178,5.988352299671986,0.017408000871139494,-5.795303804071595,0.40406976744186046,344,0.41569767441860467,-5.795303804071595,0.41747710804137866,17,0.6470588235294118
SPXW,"d50ret,d65ret,d80",0.0,1,score_desc,d80_zero,22,1,30,False,False,False,False,False,-17.92019845881811,-8.703921156603007,-17.92019845881811,102,0.4411764705882353,1.2308791830265182,3.7082433242267947,0.03635532670810583,-2.3999999999999986,0.19607843137254902,102,0.4411764705882353,-2.3999999999999986,0.6741736669940004,0,0.5,128,0.390625,0.9949614559337401,-0.11284917573354147,-0.0008816341854182928,-3.5379594255342797,0.2421875,128,0.390625,-3.5379594255342797,-22.153462652691225,20,0.5,344,0.41569767441860467,1.1109625137468178,5.988352299671986,0.017408000871139494,-5.795303804071595,0.40406976744186046,344,0.41569767441860467,-5.795303804071595,0.41747710804137866,17,0.6470588235294118
SPXW,"d50ret,d65ret,d80",-999999.0,1,score_desc,d80_zero,21,1,0,False,False,False,False,False,-17.92019845881811,-12.991920772836783,-17.92019845881811,102,0.4411764705882353,1.2308791830265182,3.7082433242267947,0.03635532670810583,-2.3999999999999986,0.19607843137254902,102,0.4411764705882353,-2.3999999999999986,0.6741736669940004,0,0.5,128,0.375,0.9255191630016718,-1.7128491757335418,-0.013381634185418295,-5.13795942553428,0.25,128,0.375,-5.13795942553428,-1.459556413616718,20,0.5,351,0.41595441595441596,1.099179106108642,5.4333790030790405,0.015479712259484446,-5.795303804071595,0.4017094017094017,351,0.41595441595441596,-5.795303804071595,0.46011883186931657,19,0.5294117647058824
SPXW,"d50ret,d65ret,d80",-999999.0,1,score_desc,d80_zero,21,1,15,False,False,False,False,False,-17.92019845881811,-12.991920772836783,-17.92019845881811,102,0.4411764705882353,1.2308791830265182,3.7082433242267947,0.03635532670810583,-2.3999999999999986,0.19607843137254902,102,0.4411764705882353,-2.3999999999999986,0.6741736669940004,0,0.5,128,0.375,0.9255191630016718,-1.7128491757335418,-0.013381634185418295,-5.13795942553428,0.25,128,0.375,-5.13795942553428,-1.459556413616718,20,0.5,351,0.41595441595441596,1.099179106108642,5.4333790030790405,0.015479712259484446,-5.795303804071595,0.4017094017094017,351,0.41595441595441596,-5.795303804071595,0.46011883186931657,19,0.5294117647058824
SPXW,"d50ret,d65ret,d80",-999999.0,1,score_desc,d80_zero,21,1,30,False,False,False,False,False,-17.92019845881811,-12.991920772836783,-17.92019845881811,102,0.4411764705882353,1.2308791830265182,3.7082433242267947,0.03635532670810583,-2.3999999999999986,0.19607843137254902,102,0.4411764705882353,-2.3999999999999986,0.6741736669940004,0,0.5,128,0.375,0.9255191630016718,-1.7128491757335418,-0.013381634185418295,-5.13795942553428,0.25,128,0.375,-5.13795942553428,-1.459556413616718,20,0.5,351,0.41595441595441596,1.099179106108642,5.4333790030790405,0.015479712259484446,-5.795303804071595,0.4017094017094017,351,0.41595441595441596,-5.795303804071595,0.46011883186931657,19,0.5294117647058824
SPXW,"d50ret,d65ret,d80",0.0,1,score_desc,d80_zero,21,1,0,False,False,False,False,False,-17.92019845881811,-12.991920772836783,-17.92019845881811,102,0.4411764705882353,1.2308791830265182,3.7082433242267947,0.03635532670810583,-2.3999999999999986,0.19607843137254902,102,0.4411764705882353,-2.3999999999999986,0.6741736669940004,0,0.5,128,0.375,0.9255191630016718,-1.7128491757335418,-0.013381634185418295,-5.13795942553428,0.25,128,0.375,-5.13795942553428,-1.459556413616718,20,0.5,344,0.4069767441860465,1.0779761307387556,4.271568317647417,0.012417349760602957,-5.795303804071595,0.39825581395348836,344,0.4069767441860465,-5.795303804071595,0.5852651331061667,17,0.5882352941176471
SPXW,"d50ret,d65ret,d80",0.0,1,score_desc,d80_zero,21,1,15,False,False,False,False,False,-17.92019845881811,-12.991920772836783,-17.92019845881811,102,0.4411764705882353,1.2308791830265182,3.7082433242267947,0.03635532670810583,-2.3999999999999986,0.19607843137254902,102,0.4411764705882353,-2.3999999999999986,0.6741736669940004,0,0.5,128,0.375,0.9255191630016718,-1.7128491757335418,-0.013381634185418295,-5.13795942553428,0.25,128,0.375,-5.13795942553428,-1.459556413616718,20,0.5,344,0.4069767441860465,1.0779761307387556,4.271568317647417,0.012417349760602957,-5.795303804071595,0.39825581395348836,344,0.4069767441860465,-5.795303804071595,0.5852651331061667,17,0.5882352941176471
SPXW,"d50ret,d65ret,d80",0.0,1,score_desc,d80_zero,21,1,30,False,False,False,False,False,-17.92019845881811,-12.991920772836783,-17.92019845881811,102,0.4411764705882353,1.2308791830265182,3.7082433242267947,0.03635532670810583,-2.3999999999999986,0.19607843137254902,102,0.4411764705882353,-2.3999999999999986,0.6741736669940004,0,0.5,128,0.375,0.9255191630016718,-1.7128491757335418,-0.013381634185418295,-5.13795942553428,0.25,128,0.375,-5.13795942553428,-1.459556413616718,20,0.5,344,0.4069767441860465,1.0779761307387556,4.271568317647417,0.012417349760602957,-5.795303804071595,0.39825581395348836,344,0.4069767441860465,-5.795303804071595,0.5852651331061667,17,0.5882352941176471
SPXW,"d50ret,d80",0.0,1,score_desc,d80_zero,22,2,0,False,False,False,False,False,-18.078031140584088,19.18305350750761,-18.078031140584088,64,0.46875,1.2274487220328911,2.2706770994703827,0.03547932967922473,-1.6,0.1875,61,0.4918032786885246,-1.6,1.1009931797802097,0,0.3333333333333333,127,0.47244094488188976,1.364696058544963,7.164695536946881,0.05641492548777072,-2.2774802861251215,0.14960629921259844,120,0.48333333333333334,-2.1000000000000005,0.3836161813367407,16,0.6666666666666666,350,0.4342857142857143,1.2095425262514747,10.93204891574749,0.031234425473564257,-3.2818089042198775,0.3314285714285714,321,0.4517133956386293,-3.2818089042198775,0.3864024838437444,10,0.6470588235294118
SPXW,"d50ret,d80",0.0,1,score_desc,d80_zero,22,2,15,False,False,False,False,False,-18.078031140584088,19.18305350750761,-18.078031140584088,64,0.46875,1.2274487220328911,2.2706770994703827,0.03547932967922473,-1.6,0.1875,61,0.4918032786885246,-1.6,1.1009931797802097,0,0.3333333333333333,127,0.47244094488188976,1.364696058544963,7.164695536946881,0.05641492548777072,-2.2774802861251215,0.14960629921259844,120,0.48333333333333334,-2.1000000000000005,0.3836161813367407,16,0.6666666666666666,347,0.4322766570605187,1.1972594219468358,10.232048915747491,0.029487172667860204,-3.6818089042198796,0.3227665706051873,321,0.4454828660436137,-3.6818089042198814,0.4523440216085278,10,0.7058823529411765
SPXW,"d50ret,d80",0.0,1,score_desc,d80_zero,22,3,15,False,False,False,False,False,-18.078031140584088,19.18305350750761,-18.078031140584088,64,0.46875,1.2274487220328911,2.2706770994703827,0.03547932967922473,-1.6,0.1875,61,0.4918032786885246,-1.6,1.1009931797802097,0,0.3333333333333333,127,0.47244094488188976,1.364696058544963,7.164695536946881,0.05641492548777072,-2.2774802861251215,0.14960629921259844,120,0.48333333333333334,-2.1000000000000005,0.3836161813367407,16,0.6666666666666666,347,0.4322766570605187,1.1972594219468358,10.232048915747491,0.029487172667860204,-3.6818089042198796,0.3227665706051873,321,0.4454828660436137,-3.6818089042198814,0.4523440216085278,10,0.7058823529411765
SPXW,"d50ret,d80",0.0,1,score_desc,d80_zero,22,4,15,False,False,False,False,False,-18.078031140584088,19.18305350750761,-18.078031140584088,64,0.46875,1.2274487220328911,2.2706770994703827,0.03547932967922473,-1.6,0.1875,61,0.4918032786885246,-1.6,1.1009931797802097,0,0.3333333333333333,127,0.47244094488188976,1.364696058544963,7.164695536946881,0.05641492548777072,-2.2774802861251215,0.14960629921259844,120,0.48333333333333334,-2.1000000000000005,0.3836161813367407,16,0.6666666666666666,347,0.4322766570605187,1.1972594219468358,10.232048915747491,0.029487172667860204,-3.6818089042198796,0.3227665706051873,321,0.4454828660436137,-3.6818089042198814,0.4523440216085278,10,0.7058823529411765
SPXW,"d50ret,d80",0.0,1,score_desc,d80_zero,22,3,0,False,False,False,False,False,-18.078031140584088,19.18305350750761,-18.078031140584088,64,0.46875,1.2274487220328911,2.2706770994703827,0.03547932967922473,-1.6,0.1875,61,0.4918032786885246,-1.6,1.1009931797802097,0,0.3333333333333333,127,0.47244094488188976,1.364696058544963,7.164695536946881,0.05641492548777072,-2.2774802861251215,0.14960629921259844,120,0.48333333333333334,-2.1000000000000005,0.3836161813367407,16,0.6666666666666666,350,0.43142857142857144,1.1930979701276365,10.132048915747491,0.028948711187849974,-3.2818089042198775,0.3314285714285714,321,0.4517133956386293,-3.2818089042198775,0.404238543729887,10,0.6470588235294118
SPXW,"d50ret,d80",0.0,1,score_desc,d80_zero,22,4,0,False,False,False,False,False,-18.078031140584088,19.18305350750761,-18.078031140584088,64,0.46875,1.2274487220328911,2.2706770994703827,0.03547932967922473,-1.6,0.1875,61,0.4918032786885246,-1.6,1.1009931797802097,0,0.3333333333333333,127,0.47244094488188976,1.364696058544963,7.164695536946881,0.05641492548777072,-2.2774802861251215,0.14960629921259844,120,0.48333333333333334,-2.1000000000000005,0.3836161813367407,16,0.6666666666666666,350,0.43142857142857144,1.1930979701276365,10.132048915747491,0.028948711187849974,-3.2818089042198775,0.3314285714285714,321,0.4517133956386293,-3.2818089042198775,0.404238543729887,10,0.6470588235294118
SPXW,"d50ret,d80",0.0,1,score_desc,d80_zero,22,2,30,False,False,False,False,False,-18.078031140584088,19.860853071651505,-18.078031140584088,64,0.46875,1.2274487220328911,2.2706770994703827,0.03547932967922473,-1.6,0.1875,61,0.4918032786885246,-1.6,1.1009931797802097,0,0.3333333333333333,127,0.48031496062992124,1.4117044686298792,7.964695536946879,0.0627141380861959,-2.2774802861251215,0.14960629921259844,120,0.48333333333333334,-2.100000000000003,0.4078615594600873,16,0.6666666666666666,346,0.430635838150289,1.1876201295836393,9.732048915747491,0.028127309005050553,-3.58180890421988,0.3208092485549133,321,0.4423676012461059,-3.5818089042198817,0.4755839387896153,10,0.7058823529411765
SPXW,"d50ret,d80",0.0,1,score_desc,d80_zero,22,3,30,False,False,False,False,False,-18.078031140584088,19.860853071651505,-18.078031140584088,64,0.46875,1.2274487220328911,2.2706770994703827,0.03547932967922473,-1.6,0.1875,61,0.4918032786885246,-1.6,1.1009931797802097,0,0.3333333333333333,127,0.48031496062992124,1.4117044686298792,7.964695536946879,0.0627141380861959,-2.2774802861251215,0.14960629921259844,120,0.48333333333333334,-2.100000000000003,0.4078615594600873,16,0.6666666666666666,346,0.430635838150289,1.1876201295836393,9.732048915747491,0.028127309005050553,-3.58180890421988,0.3208092485549133,321,0.4423676012461059,-3.5818089042198817,0.4755839387896153,10,0.7058823529411765
SPXW,"d50ret,d80",0.0,1,score_desc,d80_zero,22,4,30,False,False,False,False,False,-18.078031140584088,19.860853071651505,-18.078031140584088,64,0.46875,1.2274487220328911,2.2706770994703827,0.03547932967922473,-1.6,0.1875,61,0.4918032786885246,-1.6,1.1009931797802097,0,0.3333333333333333,127,0.48031496062992124,1.4117044686298792,7.964695536946879,0.0627141380861959,-2.2774802861251215,0.14960629921259844,120,0.48333333333333334,-2.100000000000003,0.4078615594600873,16,0.6666666666666666,346,0.430635838150289,1.1876201295836393,9.732048915747491,0.028127309005050553,-3.58180890421988,0.3208092485549133,321,0.4423676012461059,-3.5818089042198817,0.4755839387896153,10,0.7058823529411765
SPXW,"d50ret,d80",-999999.0,1,score_desc,d80_zero,22,2,30,False,False,False,False,False,-18.078031140584088,23.388221362627647,-18.078031140584088,64,0.46875,1.2274487220328911,2.2706770994703827,0.03547932967922473,-1.6,0.1875,61,0.4918032786885246,-1.6,1.1009931797802097,0,0.3333333333333333,134,0.4701492537313433,1.3611482276967086,7.383237406762427,0.05509878661763005,-2.2774802861251215,0.17164179104477612,127,0.47244094488188976,-2.1833333333333353,0.4399822142179261,19,0.5,372,0.4327956989247312,1.1840788257274097,10.041667987496629,0.026993731149184488,-3.525241694505966,0.3467741935483871,348,0.4454022988505747,-3.525241694505966,0.45766945336413806,19,0.7058823529411765
SPXW,"d50ret,d80",-999999.0,1,score_desc,d80_zero,22,3,30,False,False,False,False,False,-18.078031140584088,23.388221362627647,-18.078031140584088,64,0.46875,1.2274487220328911,2.2706770994703827,0.03547932967922473,-1.6,0.1875,61,0.4918032786885246,-1.6,1.1009931797802097,0,0.3333333333333333,134,0.4701492537313433,1.3611482276967086,7.383237406762427,0.05509878661763005,-2.2774802861251215,0.17164179104477612,127,0.47244094488188976,-2.1833333333333353,0.4399822142179261,19,0.5,372,0.4327956989247312,1.1840788257274097,10.041667987496629,0.026993731149184488,-3.525241694505966,0.3467741935483871,348,0.4454022988505747,-3.525241694505966,0.45766945336413806,19,0.7058823529411765
SPXW,"d50ret,d80",-999999.0,1,score_desc,d80_zero,22,4,30,False,False,False,False,False,-18.078031140584088,23.388221362627647,-18.078031140584088,64,0.46875,1.2274487220328911,2.2706770994703827,0.03547932967922473,-1.6,0.1875,61,0.4918032786885246,-1.6,1.1009931797802097,0,0.3333333333333333,134,0.4701492537313433,1.3611482276967086,7.383237406762427,0.05509878661763005,-2.2774802861251215,0.17164179104477612,127,0.47244094488188976,-2.1833333333333353,0.4399822142179261,19,0.5,372,0.4327956989247312,1.1840788257274097,10.041667987496629,0.026993731149184488,-3.525241694505966,0.3467741935483871,348,0.4454022988505747,-3.525241694505966,0.45766945336413806,19,0.7058823529411765
SPXW,"d50ret,d80",-999999.0,1,score_desc,d80_zero,22,2,0,False,False,False,False,False,-18.078031140584088,22.7435830161269,-18.078031140584088,64,0.46875,1.2274487220328911,2.2706770994703827,0.03547932967922473,-1.6,0.1875,61,0.4918032786885246,-1.6,1.1009931797802097,0,0.3333333333333333,134,0.4626865671641791,1.317359479160235,6.583237406762427,0.049128637363898706,-2.2774802861251215,0.17164179104477612,127,0.47244094488188976,-2.183333333333332,0.41749871263956645,19,0.5,374,0.43315508021390375,1.1794934775962957,9.84538110429616,0.026324548407208985,-3.225241694505966,0.35294117647058826,348,0.4482758620689655,-3.225241694505966,0.42654294140719246,19,0.5882352941176471
SPXW,"d50ret,d80",-999999.0,1,score_desc,d80_zero,22,3,0,False,False,False,False,False,-18.078031140584088,22.7435830161269,-18.078031140584088,64,0.46875,1.2274487220328911,2.2706770994703827,0.03547932967922473,-1.6,0.1875,61,0.4918032786885246,-1.6,1.1009931797802097,0,0.3333333333333333,134,0.4626865671641791,1.317359479160235,6.583237406762427,0.049128637363898706,-2.2774802861251215,0.17164179104477612,127,0.47244094488188976,-2.183333333333332,0.41749871263956645,19,0.5,374,0.43315508021390375,1.1794934775962957,9.84538110429616,0.026324548407208985,-3.225241694505966,0.35294117647058826,348,0.4482758620689655,-3.225241694505966,0.42654294140719246,19,0.5882352941176471
SPXW,"d50ret,d80",-999999.0,1,score_desc,d80_zero,22,4,0,False,False,False,False,False,-18.078031140584088,22.7435830161269,-18.078031140584088,64,0.46875,1.2274487220328911,2.2706770994703827,0.03547932967922473,-1.6,0.1875,61,0.4918032786885246,-1.6,1.1009931797802097,0,0.3333333333333333,134,0.4626865671641791,1.317359479160235,6.583237406762427,0.049128637363898706,-2.2774802861251215,0.17164179104477612,127,0.47244094488188976,-2.183333333333332,0.41749871263956645,19,0.5,374,0.43315508021390375,1.1794934775962957,9.84538110429616,0.026324548407208985,-3.225241694505966,0.35294117647058826,348,0.4482758620689655,-3.225241694505966,0.42654294140719246,19,0.5882352941176471
SPXW,"d50ret,d80",-999999.0,1,score_desc,d80_zero,22,2,15,False,False,False,False,False,-18.078031140584088,22.7435830161269,-18.078031140584088,64,0.46875,1.2274487220328911,2.2706770994703827,0.03547932967922473,-1.6,0.1875,61,0.4918032786885246,-1.6,1.1009931797802097,0,0.3333333333333333,134,0.4626865671641791,1.317359479160235,6.583237406762427,0.049128637363898706,-2.2774802861251215,0.17164179104477612,127,0.47244094488188976,-2.183333333333332,0.41749871263956645,19,0.5,372,0.4327956989247312,1.1768142931615504,9.64538110429616,0.025928443828753117,-3.6252416945059656,0.34946236559139787,348,0.4425287356321839,-3.6252416945059656,0.477297171259411,19,0.6470588235294118
SPXW,"d50ret,d80",-999999.0,1,score_desc,d80_zero,22,3,15,False,False,False,False,False,-18.078031140584088,22.7435830161269,-18.078031140584088,64,0.46875,1.2274487220328911,2.2706770994703827,0.03547932967922473,-1.6,0.1875,61,0.4918032786885246,-1.6,1.1009931797802097,0,0.3333333333333333,134,0.4626865671641791,1.317359479160235,6.583237406762427,0.049128637363898706,-2.2774802861251215,0.17164179104477612,127,0.47244094488188976,-2.183333333333332,0.41749871263956645,19,0.5,372,0.4327956989247312,1.1768142931615504,9.64538110429616,0.025928443828753117,-3.6252416945059656,0.34946236559139787,348,0.4425287356321839,-3.6252416945059656,0.477297171259411,19,0.6470588235294118
SPXW,"d50ret,d80",-999999.0,1,score_desc,d80_zero,22,4,15,False,False,False,False,False,-18.078031140584088,22.7435830161269,-18.078031140584088,64,0.46875,1.2274487220328911,2.2706770994703827,0.03547932967922473,-1.6,0.1875,61,0.4918032786885246,-1.6,1.1009931797802097,0,0.3333333333333333,134,0.4626865671641791,1.317359479160235,6.583237406762427,0.049128637363898706,-2.2774802861251215,0.17164179104477612,127,0.47244094488188976,-2.183333333333332,0.41749871263956645,19,0.5,372,0.4327956989247312,1.1768142931615504,9.64538110429616,0.025928443828753117,-3.6252416945059656,0.34946236559139787,348,0.4425287356321839,-3.6252416945059656,0.477297171259411,19,0.6470588235294118
SPXW,"d65ret,d80,d80_zero",-999999.0,1,score_desc,d50ret,22,1,0,False,False,False,False,False,-18.091000784306733,18.149319333153684,-18.091000784306733,102,0.43137254901960786,1.2358479564095564,3.737702921694595,0.03664414629112348,-2.6792508029647375,0.20588235294117646,102,0.43137254901960786,-2.6792508029647375,0.668860006366304,0,0.5,128,0.4375,1.152243622887348,3.0382590237465177,0.02373639862301967,-2.382059243261642,0.234375,128,0.4375,-2.382059243261642,0.8228396527288897,20,0.6666666666666666,351,0.42450142450142453,1.043128984659043,2.0646881618730775,0.005882302455478853,-4.320995173028715,0.4301994301994302,351,0.42450142450142453,-4.320995173028715,1.2108366029144126,19,0.5294117647058824
SPXW,"d65ret,d80,d80_zero",-999999.0,1,score_desc,d50ret,22,1,15,False,False,False,False,False,-18.091000784306733,18.149319333153684,-18.091000784306733,102,0.43137254901960786,1.2358479564095564,3.737702921694595,0.03664414629112348,-2.6792508029647375,0.20588235294117646,102,0.43137254901960786,-2.6792508029647375,0.668860006366304,0,0.5,128,0.4375,1.152243622887348,3.0382590237465177,0.02373639862301967,-2.382059243261642,0.234375,128,0.4375,-2.382059243261642,0.8228396527288897,20,0.6666666666666666,351,0.42450142450142453,1.043128984659043,2.0646881618730775,0.005882302455478853,-4.320995173028715,0.4301994301994302,351,0.42450142450142453,-4.320995173028715,1.2108366029144126,19,0.5294117647058824
SPXW,"d65ret,d80,d80_zero",-999999.0,1,score_desc,d50ret,22,1,30,False,False,False,False,False,-18.091000784306733,18.149319333153684,-18.091000784306733,102,0.43137254901960786,1.2358479564095564,3.737702921694595,0.03664414629112348,-2.6792508029647375,0.20588235294117646,102,0.43137254901960786,-2.6792508029647375,0.668860006366304,0,0.5,128,0.4375,1.152243622887348,3.0382590237465177,0.02373639862301967,-2.382059243261642,0.234375,128,0.4375,-2.382059243261642,0.8228396527288897,20,0.6666666666666666,351,0.42450142450142453,1.043128984659043,2.0646881618730775,0.005882302455478853,-4.320995173028715,0.4301994301994302,351,0.42450142450142453,-4.320995173028715,1.2108366029144126,19,0.5294117647058824
SPXW,"d65ret,d80,d80_zero",0.0,1,score_desc,d50ret,21,1,0,False,False,False,False,False,-18.091000784306733,16.910275386952456,-18.091000784306733,102,0.43137254901960786,1.2358479564095564,3.737702921694595,0.03664414629112348,-2.6792508029647375,0.20588235294117646,102,0.43137254901960786,-2.6792508029647375,0.668860006366304,0,0.5,128,0.4296875,1.1218913133585313,2.4763395314865644,0.019346402589738784,-2.382059243261642,0.1953125,128,0.4296875,-2.382059243261642,1.0095546140634568,20,0.6666666666666666,347,0.42363112391930835,1.0386125894526106,1.8322103004224828,0.005280144957989864,-4.320995173028715,0.4265129682997118,347,0.42363112391930835,-4.320995173028715,1.3644721893679639,17,0.5294117647058824
SPXW,"d65ret,d80,d80_zero",0.0,1,score_desc,d50ret,21,1,15,False,False,False,False,False,-18.091000784306733,16.910275386952456,-18.091000784306733,102,0.43137254901960786,1.2358479564095564,3.737702921694595,0.03664414629112348,-2.6792508029647375,0.20588235294117646,102,0.43137254901960786,-2.6792508029647375,0.668860006366304,0,0.5,128,0.4296875,1.1218913133585313,2.4763395314865644,0.019346402589738784,-2.382059243261642,0.1953125,128,0.4296875,-2.382059243261642,1.0095546140634568,20,0.6666666666666666,347,0.42363112391930835,1.0386125894526106,1.8322103004224828,0.005280144957989864,-4.320995173028715,0.4265129682997118,347,0.42363112391930835,-4.320995173028715,1.3644721893679639,17,0.5294117647058824
SPXW,"d65ret,d80,d80_zero",0.0,1,score_desc,d50ret,21,1,30,False,False,False,False,False,-18.091000784306733,16.910275386952456,-18.091000784306733,102,0.43137254901960786,1.2358479564095564,3.737702921694595,0.03664414629112348,-2.6792508029647375,0.20588235294117646,102,0.43137254901960786,-2.6792508029647375,0.668860006366304,0,0.5,128,0.4296875,1.1218913133585313,2.4763395314865644,0.019346402589738784,-2.382059243261642,0.1953125,128,0.4296875,-2.382059243261642,1.0095546140634568,20,0.6666666666666666,347,0.42363112391930835,1.0386125894526106,1.8322103004224828,0.005280144957989864,-4.320995173028715,0.4265129682997118,347,0.42363112391930835,-4.320995173028715,1.3644721893679639,17,0.5294117647058824
SPXW,"d65ret,d80,d80_zero",0.0,1,score_desc,d50ret,22,1,0,False,False,False,False,False,-18.091000784306733,18.149319333153684,-18.091000784306733,102,0.43137254901960786,1.2358479564095564,3.737702921694595,0.03664414629112348,-2.6792508029647375,0.20588235294117646,102,0.43137254901960786,-2.6792508029647375,0.668860006366304,0,0.5,128,0.4375,1.152243622887348,3.0382590237465177,0.02373639862301967,-2.382059243261642,0.234375,128,0.4375,-2.382059243261642,0.8228396527288897,20,0.6666666666666666,347,0.42363112391930835,1.0386125894526106,1.8322103004224828,0.005280144957989864,-4.320995173028715,0.42939481268011526,347,0.42363112391930835,-4.320995173028715,1.3644721893679639,17,0.5294117647058824
SPXW,"d65ret,d80,d80_zero",0.0,1,score_desc,d50ret,22,1,15,False,False,False,False,False,-18.091000784306733,18.149319333153684,-18.091000784306733,102,0.43137254901960786,1.2358479564095564,3.737702921694595,0.03664414629112348,-2.6792508029647375,0.20588235294117646,102,0.43137254901960786,-2.6792508029647375,0.668860006366304,0,0.5,128,0.4375,1.152243622887348,3.0382590237465177,0.02373639862301967,-2.382059243261642,0.234375,128,0.4375,-2.382059243261642,0.8228396527288897,20,0.6666666666666666,347,0.42363112391930835,1.0386125894526106,1.8322103004224828,0.005280144957989864,-4.320995173028715,0.42939481268011526,347,0.42363112391930835,-4.320995173028715,1.3644721893679639,17,0.5294117647058824
SPXW,"d65ret,d80,d80_zero",0.0,1,score_desc,d50ret,22,1,30,False,False,False,False,False,-18.091000784306733,18.149319333153684,-18.091000784306733,102,0.43137254901960786,1.2358479564095564,3.737702921694595,0.03664414629112348,-2.6792508029647375,0.20588235294117646,102,0.43137254901960786,-2.6792508029647375,0.668860006366304,0,0.5,128,0.4375,1.152243622887348,3.0382590237465177,0.02373639862301967,-2.382059243261642,0.234375,128,0.4375,-2.382059243261642,0.8228396527288897,20,0.6666666666666666,347,0.42363112391930835,1.0386125894526106,1.8322103004224828,0.005280144957989864,-4.320995173028715,0.42939481268011526,347,0.42363112391930835,-4.320995173028715,1.3644721893679639,17,0.5294117647058824
SPXW,"d65ret,d80,d80_zero",-999999.0,1,score_desc,d50ret,21,1,0,False,False,False,False,False,-18.091000784306733,16.910275386952456,-18.091000784306733,102,0.43137254901960786,1.2358479564095564,3.737702921694595,0.03664414629112348,-2.6792508029647375,0.20588235294117646,102,0.43137254901960786,-2.6792508029647375,0.668860006366304,0,0.5,128,0.4296875,1.1218913133585313,2.4763395314865644,0.019346402589738784,-2.382059243261642,0.1953125,128,0.4296875,-2.382059243261642,1.0095546140634568,20,0.6666666666666666,351,0.42165242165242167,1.0368186130356472,1.7826129817102512,0.005078669463561969,-4.320995173028715,0.42735042735042733,351,0.42165242165242167,-4.320995173028715,1.4024356524103638,19,0.5294117647058824
SPXW,"d65ret,d80,d80_zero",-999999.0,1,score_desc,d50ret,21,1,15,False,False,False,False,False,-18.091000784306733,16.910275386952456,-18.091000784306733,102,0.43137254901960786,1.2358479564095564,3.737702921694595,0.03664414629112348,-2.6792508029647375,0.20588235294117646,102,0.43137254901960786,-2.6792508029647375,0.668860006366304,0,0.5,128,0.4296875,1.1218913133585313,2.4763395314865644,0.019346402589738784,-2.382059243261642,0.1953125,128,0.4296875,-2.382059243261642,1.0095546140634568,20,0.6666666666666666,351,0.42165242165242167,1.0368186130356472,1.7826129817102512,0.005078669463561969,-4.320995173028715,0.42735042735042733,351,0.42165242165242167,-4.320995173028715,1.4024356524103638,19,0.5294117647058824
SPXW,"d65ret,d80,d80_zero",-999999.0,1,score_desc,d50ret,21,1,30,False,False,False,False,False,-18.091000784306733,16.910275386952456,-18.091000784306733,102,0.43137254901960786,1.2358479564095564,3.737702921694595,0.03664414629112348,-2.6792508029647375,0.20588235294117646,102,0.43137254901960786,-2.6792508029647375,0.668860006366304,0,0.5,128,0.4296875,1.1218913133585313,2.4763395314865644,0.019346402589738784,-2.382059243261642,0.1953125,128,0.4296875,-2.382059243261642,1.0095546140634568,20,0.6666666666666666,351,0.42165242165242167,1.0368186130356472,1.7826129817102512,0.005078669463561969,-4.320995173028715,0.42735042735042733,351,0.42165242165242167,-4.320995173028715,1.4024356524103638,19,0.5294117647058824
SPXW,d80,-999999.0,1,score_desc,d80_front,21,3,15,False,False,False,False,False,-18.124842146600496,22.025728266912765,-18.124842146600496,105,0.45714285714285713,1.2122107901848123,2.6455294001147807,0.025195518096331245,-2.0318188986351204,0.26666666666666666,101,0.46534653465346537,-2.0318188986351204,0.9449904430816506,0,0.5,135,0.4740740740740741,1.279603192388389,5.1135596574065785,0.037878219684493175,-2.2774802861251224,0.1111111111111111,123,0.45528455284552843,-2.2774802861251224,0.6311301104867112,20,0.8333333333333334,374,0.4572192513368984,1.2052011834736143,9.12593774354514,0.024400903057607327,-3.2306323479616608,0.43315508021390375,329,0.46808510638297873,-3.2306323479616608,0.38988837661264125,20,0.6470588235294118
SPXW,d80,-999999.0,1,score_desc,d80_front,21,4,15,False,False,False,False,False,-18.124842146600496,22.025728266912765,-18.124842146600496,105,0.45714285714285713,1.2122107901848123,2.6455294001147807,0.025195518096331245,-2.0318188986351204,0.26666666666666666,101,0.46534653465346537,-2.0318188986351204,0.9449904430816506,0,0.5,135,0.4740740740740741,1.279603192388389,5.1135596574065785,0.037878219684493175,-2.2774802861251224,0.1111111111111111,123,0.45528455284552843,-2.2774802861251224,0.6311301104867112,20,0.8333333333333334,374,0.4572192513368984,1.2052011834736143,9.12593774354514,0.024400903057607327,-3.2306323479616608,0.43315508021390375,329,0.46808510638297873,-3.2306323479616608,0.38988837661264125,20,0.6470588235294118
SPXW,d80,-999999.0,1,score_desc,d80_front,21,3,30,False,False,False,False,False,-18.124842146600496,22.025728266912765,-18.124842146600496,105,0.45714285714285713,1.2122107901848123,2.6455294001147807,0.025195518096331245,-2.0318188986351204,0.26666666666666666,101,0.46534653465346537,-2.0318188986351204,0.9449904430816506,0,0.5,135,0.4740740740740741,1.279603192388389,5.1135596574065785,0.037878219684493175,-2.2774802861251224,0.1111111111111111,123,0.45528455284552843,-2.2774802861251224,0.6311301104867112,20,0.8333333333333334,373,0.4584450402144772,1.1998948325862213,8.800184865799629,0.02359298891635289,-3.4477430989979623,0.4343163538873995,329,0.46504559270516715,-3.4477430989979623,0.4078050961694016,20,0.6470588235294118
SPXW,d80,-999999.0,1,score_desc,d80_front,21,4,30,False,False,False,False,False,-18.124842146600496,22.025728266912765,-18.124842146600496,105,0.45714285714285713,1.2122107901848123,2.6455294001147807,0.025195518096331245,-2.0318188986351204,0.26666666666666666,101,0.46534653465346537,-2.0318188986351204,0.9449904430816506,0,0.5,135,0.4740740740740741,1.279603192388389,5.1135596574065785,0.037878219684493175,-2.2774802861251224,0.1111111111111111,123,0.45528455284552843,-2.2774802861251224,0.6311301104867112,20,0.8333333333333334,373,0.4584450402144772,1.1998948325862213,8.800184865799629,0.02359298891635289,-3.4477430989979623,0.4343163538873995,329,0.46504559270516715,-3.4477430989979623,0.4078050961694016,20,0.6470588235294118
SPXW,d80,-999999.0,1,score_desc,d80_front,21,2,15,False,False,False,False,False,-18.124842146600496,20.43181546833293,-18.124842146600496,105,0.45714285714285713,1.2122107901848123,2.6455294001147807,0.025195518096331245,-2.0318188986351204,0.26666666666666666,101,0.46534653465346537,-2.0318188986351204,0.9449904430816506,0,0.5,133,0.46616541353383456,1.2442650775001924,4.467273908243632,0.03358852562589197,-2.294998512964855,0.10526315789473684,123,0.45528455284552843,-2.294998512964855,0.6715504940191791,20,0.6666666666666666,374,0.45187165775401067,1.1905651243465436,8.420644746432732,0.022515092904900353,-3.2306323479616603,0.43315508021390375,331,0.46827794561933533,-3.230632347961661,0.3716235008905609,20,0.5294117647058824
SPXW,d80,-999999.0,1,score_desc,d80_front,21,2,30,False,False,False,False,False,-18.124842146600496,20.43181546833293,-18.124842146600496,105,0.45714285714285713,1.2122107901848123,2.6455294001147807,0.025195518096331245,-2.0318188986351204,0.26666666666666666,101,0.46534653465346537,-2.0318188986351204,0.9449904430816506,0,0.5,133,0.46616541353383456,1.2442650775001924,4.467273908243632,0.03358852562589197,-2.294998512964855,0.10526315789473684,123,0.45528455284552843,-2.294998512964855,0.6715504940191791,20,0.6666666666666666,373,0.45308310991957107,1.1849262188701228,8.080497314366282,0.02166353167390424,-3.4477430989979627,0.4343163538873995,331,0.46827794561933533,-3.4477430989979627,0.39607276835947336,20,0.5882352941176471
SPXW,d80,0.0,1,score_desc,d80_front,21,3,15,False,False,False,False,False,-18.124842146600496,22.025728266912765,-18.124842146600496,105,0.45714285714285713,1.2122107901848123,2.6455294001147807,0.025195518096331245,-2.0318188986351204,0.26666666666666666,101,0.46534653465346537,-2.0318188986351204,0.9449904430816506,0,0.5,135,0.4740740740740741,1.279603192388389,5.1135596574065785,0.037878219684493175,-2.2774802861251224,0.1111111111111111,123,0.45528455284552843,-2.2774802861251224,0.6311301104867112,20,0.8333333333333334,362,0.45027624309392267,1.162781750035589,7.08164976594265,0.019562568414206217,-5.141491026081279,0.430939226519337,314,0.46178343949044587,-5.141491026081279,0.5024390035512044,12,0.6470588235294118
SPXW,d80,0.0,1,score_desc,d80_front,21,4,15,False,False,False,False,False,-18.124842146600496,22.025728266912765,-18.124842146600496,105,0.45714285714285713,1.2122107901848123,2.6455294001147807,0.025195518096331245,-2.0318188986351204,0.26666666666666666,101,0.46534653465346537,-2.0318188986351204,0.9449904430816506,0,0.5,135,0.4740740740740741,1.279603192388389,5.1135596574065785,0.037878219684493175,-2.2774802861251224,0.1111111111111111,123,0.45528455284552843,-2.2774802861251224,0.6311301104867112,20,0.8333333333333334,362,0.45027624309392267,1.162781750035589,7.08164976594265,0.019562568414206217,-5.141491026081279,0.430939226519337,314,0.46178343949044587,-5.141491026081279,0.5024390035512044,12,0.6470588235294118
SPXW,d80,0.0,1,score_desc,d80_front,21,3,30,False,False,False,False,False,-18.124842146600496,22.025728266912765,-18.124842146600496,105,0.45714285714285713,1.2122107901848123,2.6455294001147807,0.025195518096331245,-2.0318188986351204,0.26666666666666666,101,0.46534653465346537,-2.0318188986351204,0.9449904430816506,0,0.5,135,0.4740740740740741,1.279603192388389,5.1135596574065785,0.037878219684493175,-2.2774802861251224,0.1111111111111111,123,0.45528455284552843,-2.2774802861251224,0.6311301104867112,20,0.8333333333333334,361,0.4515235457063712,1.156913529913279,6.755896888197139,0.01871439581218044,-5.64149102608128,0.43213296398891965,314,0.4585987261146497,-5.64149102608128,0.5312041161811777,12,0.6470588235294118
SPXW,d80,0.0,1,score_desc,d80_front,21,4,30,False,False,False,False,False,-18.124842146600496,22.025728266912765,-18.124842146600496,105,0.45714285714285713,1.2122107901848123,2.6455294001147807,0.025195518096331245,-2.0318188986351204,0.26666666666666666,101,0.46534653465346537,-2.0318188986351204,0.9449904430816506,0,0.5,135,0.4740740740740741,1.279603192388389,5.1135596574065785,0.037878219684493175,-2.2774802861251224,0.1111111111111111,123,0.45528455284552843,-2.2774802861251224,0.6311301104867112,20,0.8333333333333334,361,0.4515235457063712,1.156913529913279,6.755896888197139,0.01871439581218044,-5.64149102608128,0.43213296398891965,314,0.4585987261146497,-5.64149102608128,0.5312041161811777,12,0.6470588235294118
SPXW,d80,0.0,1,score_desc,d80_front,21,2,15,False,False,False,False,False,-18.124842146600496,20.43181546833293,-18.124842146600496,105,0.45714285714285713,1.2122107901848123,2.6455294001147807,0.025195518096331245,-2.0318188986351204,0.26666666666666666,101,0.46534653465346537,-2.0318188986351204,0.9449904430816506,0,0.5,133,0.46616541353383456,1.2442650775001924,4.467273908243632,0.03358852562589197,-2.294998512964855,0.10526315789473684,123,0.45528455284552843,-2.294998512964855,0.6715504940191791,20,0.6666666666666666,362,0.4447513812154696,1.14753738542157,6.376356768830241,0.017614245217763096,-5.1414910260812805,0.430939226519337,316,0.4620253164556962,-5.14149102608128,0.48540207449075673,12,0.5294117647058824
SPXW,d80,0.0,1,score_desc,d80_front,21,2,30,False,False,False,False,False,-18.124842146600496,20.43181546833293,-18.124842146600496,105,0.45714285714285713,1.2122107901848123,2.6455294001147807,0.025195518096331245,-2.0318188986351204,0.26666666666666666,101,0.46534653465346537,-2.0318188986351204,0.9449904430816506,0,0.5,133,0.46616541353383456,1.2442650775001924,4.467273908243632,0.03358852562589197,-2.294998512964855,0.10526315789473684,123,0.45528455284552843,-2.294998512964855,0.6715504940191791,20,0.6666666666666666,361,0.44598337950138506,1.1412751421430591,6.036209336763791,0.016720801486880307,-5.641491026081281,0.43213296398891965,316,0.4620253164556962,-5.6414910260812805,0.5250718065403714,12,0.5882352941176471
SPXW,"d50ret,d65ret,d80_zero",-999999.0,1,score_desc,d80_zero,22,3,0,False,False,False,False,False,-18.202768309822012,-8.512942916898247,-18.202768309822012,85,0.4117647058823529,1.2720242793725496,3.6720217403016333,0.04320025576825451,-2.3999999999999986,0.2235294117647059,82,0.4268292682926829,-2.3999999999999986,0.6808238558507665,0,0.3333333333333333,135,0.3851851851851852,0.996053050018106,-0.09193518114083421,-0.0006810013417839571,-3.9131102663447628,0.2518518518518518,128,0.390625,-3.9131102663447628,-35.33460316293531,20,0.6666666666666666,371,0.41509433962264153,1.0949123679007404,5.424041337594199,0.014620057513730994,-3.7802615899016354,0.42318059299191374,349,0.42406876790830944,-3.7802615899016354,0.8535115672870105,19,0.47058823529411764
SPXW,"d50ret,d65ret,d80_zero",-999999.0,1,score_desc,d80_zero,22,3,15,False,False,False,False,False,-18.202768309822012,-8.512942916898247,-18.202768309822012,85,0.4117647058823529,1.2720242793725496,3.6720217403016333,0.04320025576825451,-2.3999999999999986,0.2235294117647059,82,0.4268292682926829,-2.3999999999999986,0.6808238558507665,0,0.3333333333333333,135,0.3851851851851852,0.996053050018106,-0.09193518114083421,-0.0006810013417839571,-3.9131102663447628,0.2518518518518518,128,0.390625,-3.9131102663447628,-35.33460316293531,20,0.6666666666666666,371,0.41509433962264153,1.0949123679007404,5.424041337594199,0.014620057513730994,-3.7802615899016336,0.42318059299191374,349,0.42120343839541546,-3.7802615899016336,0.9088208802748542,19,0.47058823529411764
SPXW,"d50ret,d65ret,d80_zero",-999999.0,1,score_desc,d80_zero,22,3,30,False,False,False,False,False,-18.202768309822012,12.908954334204745,-18.202768309822012,85,0.4117647058823529,1.2720242793725496,3.6720217403016333,0.04320025576825451,-2.3999999999999986,0.2235294117647059,82,0.4268292682926829,-2.3999999999999986,0.6808238558507665,0,0.3333333333333333,135,0.3925925925925926,1.0307951809140865,0.7080648188591656,0.005244924584141967,-3.9131102663447574,0.2518518518518518,128,0.390625,-3.9131102663447574,5.293997163089568,20,0.6666666666666666,371,0.41509433962264153,1.0949123679007404,5.424041337594199,0.014620057513730994,-3.7802615899016336,0.42318059299191374,349,0.42120343839541546,-3.7802615899016336,0.9088208802748542,19,0.47058823529411764
SPXW,"d50ret,d65ret,d80_zero",-999999.0,1,score_desc,d80_zero,22,4,0,False,False,False,False,False,-18.202768309822012,-8.512942916898247,-18.202768309822012,85,0.4117647058823529,1.2720242793725496,3.6720217403016333,0.04320025576825451,-2.3999999999999986,0.2235294117647059,82,0.4268292682926829,-2.3999999999999986,0.6808238558507665,0,0.3333333333333333,135,0.3851851851851852,0.996053050018106,-0.09193518114083421,-0.0006810013417839571,-3.9131102663447628,0.2518518518518518,128,0.390625,-3.9131102663447628,-35.33460316293531,20,0.6666666666666666,371,0.41509433962264153,1.0949123679007404,5.424041337594199,0.014620057513730994,-3.7802615899016354,0.42318059299191374,349,0.42406876790830944,-3.7802615899016354,0.8535115672870105,19,0.47058823529411764
SPXW,"d50ret,d65ret,d80_zero",-999999.0,1,score_desc,d80_zero,22,4,15,False,False,False,False,False,-18.202768309822012,-8.512942916898247,-18.202768309822012,85,0.4117647058823529,1.2720242793725496,3.6720217403016333,0.04320025576825451,-2.3999999999999986,0.2235294117647059,82,0.4268292682926829,-2.3999999999999986,0.6808238558507665,0,0.3333333333333333,135,0.3851851851851852,0.996053050018106,-0.09193518114083421,-0.0006810013417839571,-3.9131102663447628,0.2518518518518518,128,0.390625,-3.9131102663447628,-35.33460316293531,20,0.6666666666666666,371,0.41509433962264153,1.0949123679007404,5.424041337594199,0.014620057513730994,-3.7802615899016336,0.42318059299191374,349,0.42120343839541546,-3.7802615899016336,0.9088208802748542,19,0.47058823529411764
SPXW,"d50ret,d65ret,d80_zero",-999999.0,1,score_desc,d80_zero,22,4,30,False,False,False,False,False,-18.202768309822012,12.908954334204745,-18.202768309822012,85,0.4117647058823529,1.2720242793725496,3.6720217403016333,0.04320025576825451,-2.3999999999999986,0.2235294117647059,82,0.4268292682926829,-2.3999999999999986,0.6808238558507665,0,0.3333333333333333,135,0.3925925925925926,1.0307951809140865,0.7080648188591656,0.005244924584141967,-3.9131102663447574,0.2518518518518518,128,0.390625,-3.9131102663447574,5.293997163089568,20,0.6666666666666666,371,0.41509433962264153,1.0949123679007404,5.424041337594199,0.014620057513730994,-3.7802615899016336,0.42318059299191374,349,0.42120343839541546,-3.7802615899016336,0.9088208802748542,19,0.47058823529411764
SPXW,"d50ret,d65ret,d80_zero",0.0,1,score_desc,d80_zero,22,4,0,False,False,False,False,False,-18.202768309822012,-8.512942916898247,-18.202768309822012,85,0.4117647058823529,1.2720242793725496,3.6720217403016333,0.04320025576825451,-2.3999999999999986,0.2235294117647059,82,0.4268292682926829,-2.3999999999999986,0.6808238558507665,0,0.3333333333333333,135,0.3851851851851852,0.996053050018106,-0.09193518114083421,-0.0006810013417839571,-3.9131102663447628,0.2518518518518518,128,0.390625,-3.9131102663447628,-35.33460316293531,20,0.6666666666666666,349,0.41260744985673353,1.093578882796143,5.176524496417281,0.014832448413803098,-3.8992316599534798,0.4154727793696275,322,0.4192546583850932,-3.8992316599534815,1.0045349932370582,15,0.5294117647058824
SPXW,"d50ret,d65ret,d80_zero",0.0,1,score_desc,d80_zero,22,4,15,False,False,False,False,False,-18.202768309822012,-8.512942916898247,-18.202768309822012,85,0.4117647058823529,1.2720242793725496,3.6720217403016333,0.04320025576825451,-2.3999999999999986,0.2235294117647059,82,0.4268292682926829,-2.3999999999999986,0.6808238558507665,0,0.3333333333333333,135,0.3851851851851852,0.996053050018106,-0.09193518114083421,-0.0006810013417839571,-3.9131102663447628,0.2518518518518518,128,0.390625,-3.9131102663447628,-35.33460316293531,20,0.6666666666666666,349,0.41260744985673353,1.0935788827961428,5.17652449641728,0.014832448413803096,-3.899231659953478,0.4154727793696275,322,0.4161490683229814,-3.8992316599534793,1.0045349932370584,15,0.5294117647058824
SPXW,"d50ret,d65ret,d80_zero",0.0,1,score_desc,d80_zero,22,4,30,False,False,False,False,False,-18.202768309822012,12.908954334204745,-18.202768309822012,85,0.4117647058823529,1.2720242793725496,3.6720217403016333,0.04320025576825451,-2.3999999999999986,0.2235294117647059,82,0.4268292682926829,-2.3999999999999986,0.6808238558507665,0,0.3333333333333333,135,0.3925925925925926,1.0307951809140865,0.7080648188591656,0.005244924584141967,-3.9131102663447574,0.2518518518518518,128,0.390625,-3.9131102663447574,5.293997163089568,20,0.6666666666666666,349,0.41260744985673353,1.0935788827961428,5.17652449641728,0.014832448413803096,-3.899231659953478,0.4154727793696275,322,0.4161490683229814,-3.8992316599534793,1.0045349932370584,15,0.5294117647058824
SPXW,"d50ret,d65ret,d80_zero",-999999.0,1,score_desc,d80_zero,22,2,0,False,False,False,False,False,-18.202768309822012,-8.512942916898247,-18.202768309822012,85,0.4117647058823529,1.2720242793725496,3.6720217403016333,0.04320025576825451,-2.3999999999999986,0.2235294117647059,82,0.4268292682926829,-2.3999999999999986,0.6808238558507665,0,0.3333333333333333,135,0.3851851851851852,0.996053050018106,-0.09193518114083421,-0.0006810013417839571,-3.9131102663447628,0.2518518518518518,128,0.390625,-3.9131102663447628,-35.33460316293531,20,0.6666666666666666,371,0.4123989218328841,1.0804910594030948,4.624041337594199,0.012463723281925064,-3.7802615899016363,0.42318059299191374,349,0.42120343839541546,-3.7802615899016363,0.9856936489446128,19,0.47058823529411764
SPXW,"d50ret,d65ret,d80_zero",-999999.0,1,score_desc,d80_zero,22,2,15,False,False,False,False,False,-18.202768309822012,-8.512942916898247,-18.202768309822012,85,0.4117647058823529,1.2720242793725496,3.6720217403016333,0.04320025576825451,-2.3999999999999986,0.2235294117647059,82,0.4268292682926829,-2.3999999999999986,0.6808238558507665,0,0.3333333333333333,135,0.3851851851851852,0.996053050018106,-0.09193518114083421,-0.0006810013417839571,-3.9131102663447628,0.2518518518518518,128,0.390625,-3.9131102663447628,-35.33460316293531,20,0.6666666666666666,371,0.4123989218328841,1.0804910594030948,4.624041337594199,0.012463723281925064,-3.7802615899016354,0.42318059299191374,349,0.4183381088825215,-3.7802615899016354,1.0660549210497052,19,0.47058823529411764
SPXW,"d50ret,d65ret,d80_zero",-999999.0,1,score_desc,d80_zero,22,2,30,False,False,False,False,False,-18.202768309822012,12.908954334204745,-18.202768309822012,85,0.4117647058823529,1.2720242793725496,3.6720217403016333,0.04320025576825451,-2.3999999999999986,0.2235294117647059,82,0.4268292682926829,-2.3999999999999986,0.6808238558507665,0,0.3333333333333333,135,0.3925925925925926,1.0307951809140865,0.7080648188591656,0.005244924584141967,-3.9131102663447574,0.2518518518518518,128,0.390625,-3.9131102663447574,5.293997163089568,20,0.6666666666666666,371,0.4123989218328841,1.0804910594030948,4.624041337594199,0.012463723281925064,-3.7802615899016354,0.42318059299191374,349,0.4183381088825215,-3.7802615899016354,1.0660549210497052,19,0.47058823529411764
SPXW,"d50ret,d65ret,d80_zero",0.0,1,score_desc,d80_zero,22,3,0,False,False,False,False,False,-18.202768309822012,-8.512942916898247,-18.202768309822012,85,0.4117647058823529,1.2720242793725496,3.6720217403016333,0.04320025576825451,-2.3999999999999986,0.2235294117647059,82,0.4268292682926829,-2.3999999999999986,0.6808238558507665,0,0.3333333333333333,135,0.3851851851851852,0.996053050018106,-0.09193518114083421,-0.0006810013417839571,-3.9131102663447628,0.2518518518518518,128,0.390625,-3.9131102663447628,-35.33460316293531,20,0.6666666666666666,349,0.40974212034383956,1.0786900852314478,4.3765244964172805,0.01254018480348791,-3.8992316599534815,0.4154727793696275,322,0.4161490683229814,-3.8992316599534833,1.1263462656532461,15,0.5294117647058824
SPXW,"d50ret,d65ret,d80_zero",0.0,1,score_desc,d80_zero,22,3,15,False,False,False,False,False,-18.202768309822012,-8.512942916898247,-18.202768309822012,85,0.4117647058823529,1.2720242793725496,3.6720217403016333,0.04320025576825451,-2.3999999999999986,0.2235294117647059,82,0.4268292682926829,-2.3999999999999986,0.6808238558507665,0,0.3333333333333333,135,0.3851851851851852,0.996053050018106,-0.09193518114083421,-0.0006810013417839571,-3.9131102663447628,0.2518518518518518,128,0.390625,-3.9131102663447628,-35.33460316293531,20,0.6666666666666666,349,0.40974212034383956,1.0786900852314478,4.376524496417281,0.012540184803487913,-3.8992316599534798,0.4154727793696275,322,0.41304347826086957,-3.8992316599534815,1.1424590457777877,15,0.5294117647058824
SPXW,"d50ret,d65ret,d80_zero",0.0,1,score_desc,d80_zero,22,3,30,False,False,False,False,False,-18.202768309822012,12.908954334204745,-18.202768309822012,85,0.4117647058823529,1.2720242793725496,3.6720217403016333,0.04320025576825451,-2.3999999999999986,0.2235294117647059,82,0.4268292682926829,-2.3999999999999986,0.6808238558507665,0,0.3333333333333333,135,0.3925925925925926,1.0307951809140865,0.7080648188591656,0.005244924584141967,-3.9131102663447574,0.2518518518518518,128,0.390625,-3.9131102663447574,5.293997163089568,20,0.6666666666666666,349,0.40974212034383956,1.0786900852314478,4.376524496417281,0.012540184803487913,-3.8992316599534798,0.4154727793696275,322,0.41304347826086957,-3.8992316599534815,1.1424590457777877,15,0.5294117647058824
SPXW,"d65ret,d80_zero",-999999.0,1,score_desc,d80_zero,22,3,0,False,False,False,False,False,-18.202768309822012,-12.509057596591793,-18.202768309822012,85,0.4117647058823529,1.2720242793725496,3.6720217403016333,0.04320025576825451,-2.3999999999999986,0.21176470588235294,82,0.4146341463414634,-2.3999999999999986,0.8169886270209198,0,0.3333333333333333,128,0.3828125,0.9279516470814246,-1.5975420172573624,-0.012480797009823144,-3.696271344811448,0.2265625,117,0.38461538461538464,-3.696271344811448,-2.3119667667395363,20,0.5,357,0.4257703081232493,1.0709752660378513,3.869116191138738,0.010837860479380219,-3.4722141524728904,0.453781512605042,334,0.4281437125748503,-3.4722141524728904,1.1965218397116764,7,0.5882352941176471
SPXW,"d65ret,d80_zero",-999999.0,1,score_desc,d80_zero,22,4,0,False,False,False,False,False,-18.202768309822012,-10.34256439730701,-18.202768309822012,85,0.4117647058823529,1.2720242793725496,3.6720217403016333,0.04320025576825451,-2.3999999999999986,0.21176470588235294,82,0.4146341463414634,-2.3999999999999986,0.8169886270209198,0,0.3333333333333333,128,0.390625,0.9635379239769933,-0.7975420172573635,-0.006230797009823152,-3.3962713448114483,0.2265625,117,0.38461538461538464,-3.3962713448114483,-5.25798511129207,20,0.5,357,0.4257703081232493,1.0709752660378513,3.869116191138738,0.010837860479380219,-3.4722141524728904,0.453781512605042,334,0.4281437125748503,-3.4722141524728904,1.1965218397116764,7,0.5882352941176471
SPXW,"d50ret,d65ret,d80_zero",0.0,1,score_desc,d80_zero,22,2,0,False,False,False,False,False,-18.202768309822012,-8.512942916898247,-18.202768309822012,85,0.4117647058823529,1.2720242793725496,3.6720217403016333,0.04320025576825451,-2.3999999999999986,0.2235294117647059,82,0.4268292682926829,-2.3999999999999986,0.6808238558507665,0,0.3333333333333333,135,0.3851851851851852,0.996053050018106,-0.09193518114083421,-0.0006810013417839571,-3.9131102663447628,0.2518518518518518,128,0.390625,-3.9131102663447628,-35.33460316293531,20,0.6666666666666666,349,0.4040114613180516,1.058381416520213,3.2765819073826994,0.009388486840638107,-3.8992316599534855,0.41260744985673353,322,0.4161490683229814,-3.8992316599534864,1.504458659181567,15,0.47058823529411764
SPXW,"d50ret,d65ret,d80_zero",0.0,1,score_desc,d80_zero,22,2,15,False,False,False,False,False,-18.202768309822012,-8.512942916898247,-18.202768309822012,85,0.4117647058823529,1.2720242793725496,3.6720217403016333,0.04320025576825451,-2.3999999999999986,0.2235294117647059,82,0.4268292682926829,-2.3999999999999986,0.6808238558507665,0,0.3333333333333333,135,0.3851851851851852,0.996053050018106,-0.09193518114083421,-0.0006810013417839571,-3.9131102663447628,0.2518518518518518,128,0.390625,-3.9131102663447628,-35.33460316293531,20,0.6666666666666666,349,0.4040114613180516,1.058381416520213,3.2765819073826985,0.009388486840638104,-3.8992316599534838,0.41260744985673353,322,0.41304347826086957,-3.8992316599534855,1.5259804702986812,15,0.47058823529411764
SPXW,"d50ret,d65ret,d80_zero",0.0,1,score_desc,d80_zero,22,2,30,False,False,False,False,False,-18.202768309822012,12.908954334204745,-18.202768309822012,85,0.4117647058823529,1.2720242793725496,3.6720217403016333,0.04320025576825451,-2.3999999999999986,0.2235294117647059,82,0.4268292682926829,-2.3999999999999986,0.6808238558507665,0,0.3333333333333333,135,0.3925925925925926,1.0307951809140865,0.7080648188591656,0.005244924584141967,-3.9131102663447574,0.2518518518518518,128,0.390625,-3.9131102663447574,5.293997163089568,20,0.6666666666666666,349,0.4040114613180516,1.058381416520213,3.2765819073826985,0.009388486840638104,-3.8992316599534838,0.41260744985673353,322,0.41304347826086957,-3.8992316599534855,1.5259804702986812,15,0.47058823529411764
SPXW,"d65ret,d80_zero",-999999.0,1,score_desc,d80_zero,22,2,0,False,False,False,False,False,-18.202768309822012,-15.804532077911865,-18.202768309822012,85,0.4117647058823529,1.2720242793725496,3.6720217403016333,0.04320025576825451,-2.3999999999999986,0.21176470588235294,82,0.4146341463414634,-2.3999999999999986,0.8169886270209198,0,0.3333333333333333,127,0.3700787401574803,0.8822976537694016,-2.6114769902102224,-0.020562810946537183,-4.216742265395242,0.2283464566929134,117,0.39316239316239315,-4.002807292442382,-1.0313949012249342,19,0.3333333333333333,357,0.42296918767507,1.0559918895396567,3.0691161911387383,0.008596964120836803,-3.4722141524728904,0.453781512605042,334,0.4311377245508982,-3.4722141524728904,1.4850816636019357,7,0.5882352941176471
SPXW,"d65ret,d80_zero",-999999.0,1,score_desc,d80_zero,22,2,15,False,False,False,False,False,-18.202768309822012,-15.804532077911865,-18.202768309822012,85,0.4117647058823529,1.2720242793725496,3.6720217403016333,0.04320025576825451,-2.3999999999999986,0.21176470588235294,82,0.4146341463414634,-2.3999999999999986,0.8169886270209198,0,0.3333333333333333,127,0.3700787401574803,0.8822976537694016,-2.6114769902102224,-0.020562810946537183,-4.216742265395242,0.2283464566929134,117,0.39316239316239315,-4.002807292442382,-1.0313949012249342,19,0.3333333333333333,357,0.42296918767507,1.0559918895396567,3.0691161911387383,0.008596964120836803,-3.4722141524728904,0.4565826330532213,334,0.4311377245508982,-3.4722141524728904,1.4850816636019357,7,0.5882352941176471
SPXW,"d65ret,d80_zero",-999999.0,1,score_desc,d80_zero,22,2,30,False,False,False,False,False,-18.202768309822012,-13.652683279731772,-18.202768309822012,85,0.4117647058823529,1.2720242793725496,3.6720217403016333,0.04320025576825451,-2.3999999999999986,0.21176470588235294,82,0.4146341463414634,-2.3999999999999986,0.8169886270209198,0,0.3333333333333333,127,0.3779527559055118,0.9172355088175157,-1.8114769902102221,-0.014263598348111986,-3.416742265395246,0.23622047244094488,117,0.4017094017094017,-3.2028072924423863,-1.486888360672185,19,0.3333333333333333,357,0.42296918767507,1.0559918895396567,3.0691161911387383,0.008596964120836803,-3.4722141524728904,0.4565826330532213,334,0.4311377245508982,-3.4722141524728904,1.4850816636019357,7,0.5882352941176471
SPXW,"d65ret,d80_zero",-999999.0,1,score_desc,d80_zero,22,3,15,False,False,False,False,False,-18.202768309822012,-12.509057596591793,-18.202768309822012,85,0.4117647058823529,1.2720242793725496,3.6720217403016333,0.04320025576825451,-2.3999999999999986,0.21176470588235294,82,0.4146341463414634,-2.3999999999999986,0.8169886270209198,0,0.3333333333333333,128,0.3828125,0.9279516470814246,-1.5975420172573624,-0.012480797009823144,-3.696271344811448,0.2265625,117,0.38461538461538464,-3.696271344811448,-2.3119667667395363,20,0.5,357,0.42296918767507,1.0559918895396567,3.0691161911387383,0.008596964120836803,-3.4722141524728904,0.4565826330532213,334,0.4251497005988024,-3.4722141524728904,1.5084088495723826,7,0.5882352941176471
SPXW,"d65ret,d80_zero",-999999.0,1,score_desc,d80_zero,22,3,30,False,False,False,False,False,-18.202768309822012,-10.34256439730701,-18.202768309822012,85,0.4117647058823529,1.2720242793725496,3.6720217403016333,0.04320025576825451,-2.3999999999999986,0.21176470588235294,82,0.4146341463414634,-2.3999999999999986,0.8169886270209198,0,0.3333333333333333,128,0.390625,0.9635379239769933,-0.7975420172573622,-0.006230797009823142,-2.8962713448114483,0.234375,117,0.39316239316239315,-2.8962713448114483,-4.631058894013356,20,0.5,357,0.42296918767507,1.0559918895396567,3.0691161911387383,0.008596964120836803,-3.4722141524728904,0.4565826330532213,334,0.4251497005988024,-3.4722141524728904,1.5084088495723826,7,0.5882352941176471
SPXW,"d65ret,d80_zero",-999999.0,1,score_desc,d80_zero,22,4,15,False,False,False,False,False,-18.202768309822012,-10.34256439730701,-18.202768309822012,85,0.4117647058823529,1.2720242793725496,3.6720217403016333,0.04320025576825451,-2.3999999999999986,0.21176470588235294,82,0.4146341463414634,-2.3999999999999986,0.8169886270209198,0,0.3333333333333333,128,0.390625,0.9635379239769933,-0.7975420172573635,-0.006230797009823152,-3.3962713448114483,0.2265625,117,0.38461538461538464,-3.3962713448114483,-5.25798511129207,20,0.5,357,0.42296918767507,1.0559918895396567,3.0691161911387383,0.008596964120836803,-3.4722141524728904,0.4565826330532213,334,0.4251497005988024,-3.4722141524728904,1.5084088495723826,7,0.5882352941176471
SPXW,"d65ret,d80_zero",-999999.0,1,score_desc,d80_zero,22,4,30,False,False,False,False,False,-18.202768309822012,11.847203955992564,-18.202768309822012,85,0.4117647058823529,1.2720242793725496,3.6720217403016333,0.04320025576825451,-2.3999999999999986,0.21176470588235294,82,0.4146341463414634,-2.3999999999999986,0.8169886270209198,0,0.3333333333333333,128,0.3984375,1.0001139369016936,0.002457982742636755,1.920299017684965e-05,-2.5962713448114485,0.234375,117,0.39316239316239315,-2.5962713448114485,1706.0591922100318,20,0.5,357,0.42296918767507,1.0559918895396567,3.0691161911387383,0.008596964120836803,-3.4722141524728904,0.4565826330532213,334,0.4251497005988024,-3.4722141524728904,1.5084088495723826,7,0.5882352941176471
SPXW,"d65ret,d80_zero",0.0,1,score_desc,d80_zero,22,2,30,False,False,False,False,False,-18.202768309822012,-13.652683279731772,-18.202768309822012,85,0.4117647058823529,1.2720242793725496,3.6720217403016333,0.04320025576825451,-2.3999999999999986,0.21176470588235294,82,0.4146341463414634,-2.3999999999999986,0.8169886270209198,0,0.3333333333333333,127,0.3779527559055118,0.9172355088175157,-1.8114769902102221,-0.014263598348111986,-3.416742265395246,0.23622047244094488,117,0.4017094017094017,-3.2028072924423863,-1.486888360672185,19,0.3333333333333333,332,0.4126506024096386,1.0379030128692825,1.9886061009768843,0.005989777412580977,-3.713306264761894,0.4608433734939759,298,0.4261744966442953,-3.6162009176430727,2.478862968718639,7,0.5882352941176471
SPXW,"d65ret,d80_zero",0.0,1,score_desc,d80_zero,22,4,30,False,False,False,False,False,-18.202768309822012,11.847203955992564,-18.202768309822012,85,0.4117647058823529,1.2720242793725496,3.6720217403016333,0.04320025576825451,-2.3999999999999986,0.21176470588235294,82,0.4146341463414634,-2.3999999999999986,0.8169886270209198,0,0.3333333333333333,128,0.3984375,1.0001139369016936,0.002457982742636755,1.920299017684965e-05,-2.5962713448114485,0.234375,117,0.39316239316239315,-2.5962713448114485,1706.0591922100318,20,0.5,332,0.4126506024096386,1.0379030128692825,1.9886061009768847,0.005989777412580978,-3.713306264761894,0.4578313253012048,298,0.41946308724832215,-3.6162009176430727,2.614896935821301,7,0.5882352941176471
SPXW,"d65ret,d80_zero",0.0,1,score_desc,d80_zero,22,2,15,False,False,False,False,False,-18.202768309822012,-15.804532077911865,-18.202768309822012,85,0.4117647058823529,1.2720242793725496,3.6720217403016333,0.04320025576825451,-2.3999999999999986,0.21176470588235294,82,0.4146341463414634,-2.3999999999999986,0.8169886270209198,0,0.3333333333333333,127,0.3700787401574803,0.8822976537694016,-2.6114769902102224,-0.020562810946537183,-4.216742265395242,0.2283464566929134,117,0.39316239316239315,-4.002807292442382,-1.0313949012249342,19,0.3333333333333333,333,0.4114114114114114,1.0320019973337997,1.6886061009768847,0.005070889192122777,-3.7133062647618935,0.4594594594594595,298,0.4261744966442953,-3.6162009176430727,2.919261052194337,7,0.5294117647058824
SPXW,"d65ret,d80_zero",0.0,1,score_desc,d80_zero,22,4,0,False,False,False,False,False,-18.202768309822012,-10.34256439730701,-18.202768309822012,85,0.4117647058823529,1.2720242793725496,3.6720217403016333,0.04320025576825451,-2.3999999999999986,0.21176470588235294,82,0.4146341463414634,-2.3999999999999986,0.8169886270209198,0,0.3333333333333333,128,0.390625,0.9635379239769933,-0.7975420172573635,-0.006230797009823152,-3.3962713448114483,0.2265625,117,0.38461538461538464,-3.3962713448114483,-5.25798511129207,20,0.5,333,0.4114114114114114,1.0320019973337997,1.6886061009768856,0.00507088919212278,-4.513306264761893,0.45045045045045046,297,0.4208754208754209,-4.405770157807033,3.0794629943547625,7,0.5882352941176471
SPXW,"d65ret,d80_zero",0.0,1,score_desc,d80_zero,22,4,15,False,False,False,False,False,-18.202768309822012,-10.34256439730701,-18.202768309822012,85,0.4117647058823529,1.2720242793725496,3.6720217403016333,0.04320025576825451,-2.3999999999999986,0.21176470588235294,82,0.4146341463414634,-2.3999999999999986,0.8169886270209198,0,0.3333333333333333,128,0.390625,0.9635379239769933,-0.7975420172573635,-0.006230797009823152,-3.3962713448114483,0.2265625,117,0.38461538461538464,-3.3962713448114483,-5.25798511129207,20,0.5,333,0.4114114114114114,1.0320019973337997,1.6886061009768851,0.005070889192122778,-3.7133062647618935,0.45645645645645644,298,0.41946308724832215,-3.6162009176430727,3.0794629943547633,7,0.5294117647058824
SPXW,"d65ret,d80_zero",0.0,1,score_desc,d80_zero,22,3,30,False,False,False,False,False,-18.202768309822012,-10.34256439730701,-18.202768309822012,85,0.4117647058823529,1.2720242793725496,3.6720217403016333,0.04320025576825451,-2.3999999999999986,0.21176470588235294,82,0.4146341463414634,-2.3999999999999986,0.8169886270209198,0,0.3333333333333333,128,0.390625,0.9635379239769933,-0.7975420172573622,-0.006230797009823142,-2.8962713448114483,0.234375,117,0.39316239316239315,-2.8962713448114483,-4.631058894013356,20,0.5,332,0.40963855421686746,1.0225261351669848,1.188606100976885,0.003580138858364111,-3.7133062647618935,0.4578313253012048,298,0.41946308724832215,-3.6162009176430727,4.1472797582211145,7,0.5294117647058824
SPXW,"d65ret,d80_zero",0.0,1,score_desc,d80_zero,22,2,0,False,False,False,False,False,-18.202768309822012,-15.804532077911865,-18.202768309822012,85,0.4117647058823529,1.2720242793725496,3.6720217403016333,0.04320025576825451,-2.3999999999999986,0.21176470588235294,82,0.4146341463414634,-2.3999999999999986,0.8169886270209198,0,0.3333333333333333,127,0.3700787401574803,0.8822976537694016,-2.6114769902102224,-0.020562810946537183,-4.216742265395242,0.2283464566929134,117,0.39316239316239315,-4.002807292442382,-1.0313949012249342,19,0.3333333333333333,333,0.4084084084084084,1.0167454115398886,0.8886061009768849,0.002668486789720375,-4.513306264761893,0.45345345345345345,297,0.42424242424242425,-4.405770157807034,5.54743211605272,7,0.5294117647058824
SPXW,"d65ret,d80_zero",0.0,1,score_desc,d80_zero,22,3,0,False,False,False,False,False,-18.202768309822012,-12.509057596591793,-18.202768309822012,85,0.4117647058823529,1.2720242793725496,3.6720217403016333,0.04320025576825451,-2.3999999999999986,0.21176470588235294,82,0.4146341463414634,-2.3999999999999986,0.8169886270209198,0,0.3333333333333333,128,0.3828125,0.9279516470814246,-1.5975420172573624,-0.012480797009823144,-3.696271344811448,0.2265625,117,0.38461538461538464,-3.696271344811448,-2.3119667667395363,20,0.5,333,0.4084084084084084,1.0167454115398886,0.8886061009768853,0.002668486789720376,-4.513306264761893,0.45045045045045046,297,0.4208754208754209,-4.405770157807034,5.5474321160527165,7,0.5294117647058824
SPXW,"d65ret,d80_zero",0.0,1,score_desc,d80_zero,22,3,15,False,False,False,False,False,-18.202768309822012,-12.509057596591793,-18.202768309822012,85,0.4117647058823529,1.2720242793725496,3.6720217403016333,0.04320025576825451,-2.3999999999999986,0.21176470588235294,82,0.4146341463414634,-2.3999999999999986,0.8169886270209198,0,0.3333333333333333,128,0.3828125,0.9279516470814246,-1.5975420172573624,-0.012480797009823144,-3.696271344811448,0.2265625,117,0.38461538461538464,-3.696271344811448,-2.3119667667395363,20,0.5,333,0.4084084084084084,1.0167454115398886,0.8886061009768853,0.002668486789720376,-3.914702176863355,0.45645645645645644,298,0.41946308724832215,-3.9147021768633543,5.5474321160527165,7,0.47058823529411764
SPXW,"d80,d80_front",0.0,1,score_desc,d65ret,22,1,0,False,False,False,False,False,-18.30043831068781,13.77399242296146,-18.30043831068781,102,0.47058823529411764,1.1965026146400402,2.599527366885142,0.02548556242044257,-2.1,0.20588235294117646,102,0.47058823529411764,-2.1,0.9617132836711006,0,0.5,128,0.4296875,1.0349077470092911,0.7069550035994379,0.005523085965620608,-2.148165626061955,0.1796875,128,0.4296875,-2.148165626061955,3.5362929567954584,20,0.5,348,0.43103448275862066,0.9976530968448861,-0.1123093377858817,-0.0003227279821433382,-6.360931562351867,0.4396551724137931,348,0.43103448275862066,-6.360931562351867,-22.259947830573644,19,0.5882352941176471
SPXW,"d80,d80_front",0.0,1,score_desc,d65ret,22,1,15,False,False,False,False,False,-18.30043831068781,13.77399242296146,-18.30043831068781,102,0.47058823529411764,1.1965026146400402,2.599527366885142,0.02548556242044257,-2.1,0.20588235294117646,102,0.47058823529411764,-2.1,0.9617132836711006,0,0.5,128,0.4296875,1.0349077470092911,0.7069550035994379,0.005523085965620608,-2.148165626061955,0.1796875,128,0.4296875,-2.148165626061955,3.5362929567954584,20,0.5,348,0.43103448275862066,0.9976530968448861,-0.1123093377858817,-0.0003227279821433382,-6.360931562351867,0.4396551724137931,348,0.43103448275862066,-6.360931562351867,-22.259947830573644,19,0.5882352941176471
SPXW,"d80,d80_front",0.0,1,score_desc,d65ret,22,1,30,False,False,False,False,False,-18.30043831068781,13.77399242296146,-18.30043831068781,102,0.47058823529411764,1.1965026146400402,2.599527366885142,0.02548556242044257,-2.1,0.20588235294117646,102,0.47058823529411764,-2.1,0.9617132836711006,0,0.5,128,0.4296875,1.0349077470092911,0.7069550035994379,0.005523085965620608,-2.148165626061955,0.1796875,128,0.4296875,-2.148165626061955,3.5362929567954584,20,0.5,348,0.43103448275862066,0.9976530968448861,-0.1123093377858817,-0.0003227279821433382,-6.360931562351867,0.4396551724137931,348,0.43103448275862066,-6.360931562351867,-22.259947830573644,19,0.5882352941176471
SPXW,"d65ret,d80_zero",-999999.0,1,score_desc,d80_front,21,3,30,False,False,False,False,False,-18.463157108274697,-10.75649997662502,-18.463157108274697,90,0.4111111111111111,1.2634943604201738,3.5966142706705853,0.03996238078522873,-2.3999999999999986,0.23333333333333334,82,0.4268292682926829,-2.3999999999999986,0.8343154681754581,0,0.3333333333333333,134,0.39552238805970147,0.9495916814891493,-1.0705747212434633,-0.007989363591369128,-3.0698308754998536,0.2537313432835821,123,0.3902439024390244,-3.0698308754998536,-2.917940421164289,21,0.5,379,0.43271767810026385,1.048403325490815,2.5674702635704225,0.006774327872217474,-3.5131307734184656,0.44063324538258575,346,0.4190751445086705,-3.5131307734184647,1.416241848217261,21,0.5294117647058824
SPXW,"d65ret,d80_zero",-999999.0,1,score_desc,d80_front,21,4,30,False,False,False,False,False,-18.463157108274697,-10.75649997662502,-18.463157108274697,90,0.4111111111111111,1.2634943604201738,3.5966142706705853,0.03996238078522873,-2.3999999999999986,0.23333333333333334,82,0.4268292682926829,-2.3999999999999986,0.8343154681754581,0,0.3333333333333333,134,0.39552238805970147,0.9495916814891493,-1.0705747212434633,-0.007989363591369128,-3.0698308754998536,0.2537313432835821,123,0.3902439024390244,-3.0698308754998536,-2.917940421164289,21,0.5,379,0.43271767810026385,1.048403325490815,2.5674702635704225,0.006774327872217474,-3.5131307734184656,0.44063324538258575,346,0.4190751445086705,-3.5131307734184647,1.416241848217261,21,0.5294117647058824
SPXW,"d65ret,d80_zero",0.0,1,score_desc,d80_front,21,3,30,False,False,False,False,False,-18.463157108274697,-10.75649997662502,-18.463157108274697,90,0.4111111111111111,1.2634943604201738,3.5966142706705853,0.03996238078522873,-2.3999999999999986,0.23333333333333334,82,0.4268292682926829,-2.3999999999999986,0.8343154681754581,0,0.3333333333333333,134,0.39552238805970147,0.9495916814891493,-1.0705747212434633,-0.007989363591369128,-3.0698308754998536,0.2537313432835821,123,0.3902439024390244,-3.0698308754998536,-2.917940421164289,21,0.5,368,0.43478260869565216,1.0467059687645364,2.302237027891784,0.006256078880140717,-3.579076888822292,0.421195652173913,324,0.4166666666666667,-3.579076888822292,1.6744145484997854,19,0.5882352941176471
SPXW,"d65ret,d80_zero",0.0,1,score_desc,d80_front,21,4,30,False,False,False,False,False,-18.463157108274697,-10.75649997662502,-18.463157108274697,90,0.4111111111111111,1.2634943604201738,3.5966142706705853,0.03996238078522873,-2.3999999999999986,0.23333333333333334,82,0.4268292682926829,-2.3999999999999986,0.8343154681754581,0,0.3333333333333333,134,0.39552238805970147,0.9495916814891493,-1.0705747212434633,-0.007989363591369128,-3.0698308754998536,0.2537313432835821,123,0.3902439024390244,-3.0698308754998536,-2.917940421164289,21,0.5,368,0.43478260869565216,1.0467059687645364,2.302237027891784,0.006256078880140717,-3.579076888822292,0.421195652173913,324,0.4166666666666667,-3.579076888822292,1.6744145484997854,19,0.5882352941176471
SPXW,"d65ret,d80_zero",-999999.0,1,score_desc,d80_front,21,2,30,False,False,False,False,False,-18.463157108274697,-10.75649997662502,-18.463157108274697,90,0.4111111111111111,1.2634943604201738,3.5966142706705853,0.03996238078522873,-2.3999999999999986,0.23333333333333334,82,0.4268292682926829,-2.3999999999999986,0.8343154681754581,0,0.3333333333333333,134,0.39552238805970147,0.9495916814891493,-1.0705747212434633,-0.007989363591369128,-3.0698308754998536,0.2537313432835821,123,0.3902439024390244,-3.0698308754998536,-2.917940421164289,21,0.5,379,0.43007915567282323,1.0460259989301077,2.432231331824421,0.006417496917742536,-3.5131307734184656,0.44327176781002636,346,0.42196531791907516,-3.5131307734184647,1.3577593328435138,21,0.47058823529411764
SPXW,"d65ret,d80_zero",0.0,1,score_desc,d80_front,21,3,15,False,False,False,False,False,-18.463157108274697,-10.75649997662502,-18.463157108274697,90,0.4111111111111111,1.2634943604201738,3.5966142706705853,0.03996238078522873,-2.3999999999999986,0.23333333333333334,82,0.4268292682926829,-2.3999999999999986,0.8343154681754581,0,0.3333333333333333,134,0.39552238805970147,0.9495916814891493,-1.0705747212434633,-0.007989363591369128,-3.0698308754998536,0.2537313432835821,123,0.3902439024390244,-3.0698308754998536,-2.917940421164289,21,0.5,369,0.43360433604336046,1.0435968677993084,2.1686565933728543,0.005877118139221827,-3.9708749292810124,0.42005420054200543,323,0.4117647058823529,-3.8661052690677185,1.9131865968308635,19,0.5294117647058824
SPXW,"d65ret,d80_zero",0.0,1,score_desc,d80_front,21,4,15,False,False,False,False,False,-18.463157108274697,-10.75649997662502,-18.463157108274697,90,0.4111111111111111,1.2634943604201738,3.5966142706705853,0.03996238078522873,-2.3999999999999986,0.23333333333333334,82,0.4268292682926829,-2.3999999999999986,0.8343154681754581,0,0.3333333333333333,134,0.39552238805970147,0.9495916814891493,-1.0705747212434633,-0.007989363591369128,-3.0698308754998536,0.2537313432835821,123,0.3902439024390244,-3.0698308754998536,-2.917940421164289,21,0.5,369,0.43360433604336046,1.0435968677993084,2.1686565933728543,0.005877118139221827,-3.9708749292810124,0.42005420054200543,323,0.4117647058823529,-3.8661052690677185,1.9131865968308635,19,0.5294117647058824
SPXW,"d65ret,d80_zero",-999999.0,1,score_desc,d80_front,21,3,15,False,False,False,False,False,-18.463157108274697,-10.75649997662502,-18.463157108274697,90,0.4111111111111111,1.2634943604201738,3.5966142706705853,0.03996238078522873,-2.3999999999999986,0.23333333333333334,82,0.4268292682926829,-2.3999999999999986,0.8343154681754581,0,0.3333333333333333,134,0.39552238805970147,0.9495916814891493,-1.0705747212434633,-0.007989363591369128,-3.0698308754998536,0.2537313432835821,123,0.3902439024390244,-3.0698308754998536,-2.917940421164289,21,0.5,379,0.43271767810026385,1.0376692224102195,2.014792632423104,0.005316075547290512,-3.5153465731976343,0.44327176781002636,346,0.4161849710982659,-3.5153465731976343,1.7503837072049195,21,0.5294117647058824
SPXW,"d65ret,d80_zero",-999999.0,1,score_desc,d80_front,21,4,15,False,False,False,False,False,-18.463157108274697,-10.75649997662502,-18.463157108274697,90,0.4111111111111111,1.2634943604201738,3.5966142706705853,0.03996238078522873,-2.3999999999999986,0.23333333333333334,82,0.4268292682926829,-2.3999999999999986,0.8343154681754581,0,0.3333333333333333,134,0.39552238805970147,0.9495916814891493,-1.0705747212434633,-0.007989363591369128,-3.0698308754998536,0.2537313432835821,123,0.3902439024390244,-3.0698308754998536,-2.917940421164289,21,0.5,379,0.43271767810026385,1.0376692224102195,2.014792632423104,0.005316075547290512,-3.5153465731976343,0.44327176781002636,346,0.4161849710982659,-3.5153465731976343,1.7503837072049195,21,0.5294117647058824
SPXW,"d65ret,d80_zero",-999999.0,1,score_desc,d80_front,21,2,15,False,False,False,False,False,-18.463157108274697,-10.75649997662502,-18.463157108274697,90,0.4111111111111111,1.2634943604201738,3.5966142706705853,0.03996238078522873,-2.3999999999999986,0.23333333333333334,82,0.4268292682926829,-2.3999999999999986,0.8343154681754581,0,0.3333333333333333,134,0.39552238805970147,0.9495916814891493,-1.0705747212434633,-0.007989363591369128,-3.0698308754998536,0.2537313432835821,123,0.3902439024390244,-3.0698308754998536,-2.917940421164289,21,0.5,379,0.43007915567282323,1.0358735593868829,1.9116268474954248,0.0050438703100143135,-3.5153465731976357,0.44591029023746703,346,0.4190751445086705,-3.515346573197635,1.6870234414894802,21,0.47058823529411764
SPXW,"d65ret,d80_zero",0.0,1,score_desc,d80_front,21,2,30,False,False,False,False,False,-18.463157108274697,-10.75649997662502,-18.463157108274697,90,0.4111111111111111,1.2634943604201738,3.5966142706705853,0.03996238078522873,-2.3999999999999986,0.23333333333333334,82,0.4268292682926829,-2.3999999999999986,0.8343154681754581,0,0.3333333333333333,134,0.39552238805970147,0.9495916814891493,-1.0705747212434633,-0.007989363591369128,-3.0698308754998536,0.2537313432835821,123,0.3902439024390244,-3.0698308754998536,-2.917940421164289,21,0.5,368,0.4320652173913043,1.0351778594082501,1.7270078378385596,0.004692956081083042,-3.9966152268950905,0.42391304347826086,325,0.42153846153846153,-3.8918455666817975,2.016721314959755,19,0.5294117647058824
SPXW,"d65ret,d80_zero",0.0,1,score_desc,d80_front,21,2,15,False,False,False,False,False,-18.463157108274697,-10.75649997662502,-18.463157108274697,90,0.4111111111111111,1.2634943604201738,3.5966142706705853,0.03996238078522873,-2.3999999999999986,0.23333333333333334,82,0.4268292682926829,-2.3999999999999986,0.8343154681754581,0,0.3333333333333333,134,0.39552238805970147,0.9495916814891493,-1.0705747212434633,-0.007989363591369128,-3.0698308754998536,0.2537313432835821,123,0.3902439024390244,-3.0698308754998536,-2.917940421164289,21,0.5,369,0.4281842818428184,1.0253885875350306,1.2654908084451746,0.0034295143860302835,-4.374040714208691,0.42276422764227645,323,0.4148606811145511,-4.269271053995399,3.040198955069701,19,0.47058823529411764
SPXW,"d65ret,d80_zero",-999999.0,1,score_desc,d80_front,21,3,0,False,False,False,False,False,-18.463157108274697,-8.041802946809007,-18.463157108274697,90,0.4111111111111111,1.2634943604201738,3.5966142706705853,0.03996238078522873,-2.3999999999999986,0.23333333333333334,82,0.4268292682926829,-2.3999999999999986,0.8343154681754581,0,0.3333333333333333,134,0.41044776119402987,0.9853313489931355,-0.30822563079078175,-0.002300191274558073,-2.868977530590895,0.2537313432835821,123,0.3902439024390244,-2.8689775305908944,-10.595158293613991,21,0.6666666666666666,380,0.42894736842105263,1.0219941415126685,1.1924504865104297,0.0031380275960800784,-3.7647458055377796,0.4473684210526316,344,0.4127906976744186,-3.659976145324487,3.058613813634263,21,0.5294117647058824
SPXW,"d65ret,d80_zero",-999999.0,1,score_desc,d80_front,21,4,0,False,False,False,False,False,-18.463157108274697,-8.041802946809007,-18.463157108274697,90,0.4111111111111111,1.2634943604201738,3.5966142706705853,0.03996238078522873,-2.3999999999999986,0.23333333333333334,82,0.4268292682926829,-2.3999999999999986,0.8343154681754581,0,0.3333333333333333,134,0.41044776119402987,0.9853313489931355,-0.30822563079078175,-0.002300191274558073,-2.868977530590895,0.2537313432835821,123,0.3902439024390244,-2.8689775305908944,-10.595158293613991,21,0.6666666666666666,380,0.42894736842105263,1.0219941415126685,1.1924504865104297,0.0031380275960800784,-3.7647458055377796,0.4473684210526316,344,0.4127906976744186,-3.659976145324487,3.058613813634263,21,0.5294117647058824
SPXW,"d65ret,d80_zero",-999999.0,1,score_desc,d80_front,21,2,0,False,False,False,False,False,-18.463157108274697,-8.041802946809007,-18.463157108274697,90,0.4111111111111111,1.2634943604201738,3.5966142706705853,0.03996238078522873,-2.3999999999999986,0.23333333333333334,82,0.4268292682926829,-2.3999999999999986,0.8343154681754581,0,0.3333333333333333,134,0.41044776119402987,0.9853313489931355,-0.30822563079078175,-0.002300191274558073,-2.868977530590895,0.2537313432835821,123,0.3902439024390244,-2.8689775305908944,-10.595158293613991,21,0.6666666666666666,380,0.4263157894736842,1.0193441045256897,1.0457753065090205,0.002752040280286896,-4.057852458755086,0.45,344,0.41569767441860467,-3.953082798541794,3.1991046405553525,21,0.47058823529411764
SPXW,"d65ret,d80_zero",0.0,1,score_desc,d80_front,21,3,0,False,False,False,False,False,-18.463157108274697,-8.041802946809007,-18.463157108274697,90,0.4111111111111111,1.2634943604201738,3.5966142706705853,0.03996238078522873,-2.3999999999999986,0.23333333333333334,82,0.4268292682926829,-2.3999999999999986,0.8343154681754581,0,0.3333333333333333,134,0.41044776119402987,0.9853313489931355,-0.30822563079078175,-0.002300191274558073,-2.868977530590895,0.2537313432835821,123,0.3902439024390244,-2.8689775305908944,-10.595158293613991,21,0.6666666666666666,369,0.4281842818428184,1.0162925891144015,0.827103193755863,0.002241472069799087,-4.448719246168603,0.42005420054200543,321,0.40498442367601245,-4.34394958595531,4.9291193670128015,19,0.5294117647058824
SPXW,"d65ret,d80_zero",0.0,1,score_desc,d80_front,21,4,0,False,False,False,False,False,-18.463157108274697,-8.041802946809007,-18.463157108274697,90,0.4111111111111111,1.2634943604201738,3.5966142706705853,0.03996238078522873,-2.3999999999999986,0.23333333333333334,82,0.4268292682926829,-2.3999999999999986,0.8343154681754581,0,0.3333333333333333,134,0.41044776119402987,0.9853313489931355,-0.30822563079078175,-0.002300191274558073,-2.868977530590895,0.2537313432835821,123,0.3902439024390244,-2.8689775305908944,-10.595158293613991,21,0.6666666666666666,369,0.4281842818428184,1.0162925891144015,0.827103193755863,0.002241472069799087,-4.448719246168603,0.42005420054200543,321,0.40498442367601245,-4.34394958595531,4.9291193670128015,19,0.5294117647058824
SPXW,"d65ret,d80_zero",0.0,1,score_desc,d80_front,21,2,0,False,False,False,False,False,-18.463157108274697,-8.041802946809007,-18.463157108274697,90,0.4111111111111111,1.2634943604201738,3.5966142706705853,0.03996238078522873,-2.3999999999999986,0.23333333333333334,82,0.4268292682926829,-2.3999999999999986,0.8343154681754581,0,0.3333333333333333,134,0.41044776119402987,0.9853313489931355,-0.30822563079078175,-0.002300191274558073,-2.868977530590895,0.2537313432835821,123,0.3902439024390244,-2.8689775305908944,-10.595158293613991,21,0.6666666666666666,369,0.42276422764227645,0.9967572009169966,-0.16509278984435105,-0.0004474059345375367,-5.237614668155183,0.4254742547425474,321,0.40809968847352024,-5.128544989387845,-23.40915950138626,19,0.47058823529411764
SPXW,"d50ret,d80",0.0,1,score_desc,d80,22,3,0,False,False,False,False,False,-18.560885254441168,18.99679305133203,-18.560885254441168,69,0.463768115942029,1.217828078857786,2.3706770994703827,0.03435763912275917,-1.6,0.17391304347826086,61,0.5081967213114754,-1.6,1.0545510396833497,0,0.3333333333333333,132,0.4696969696969697,1.353587803598892,7.264695536946881,0.055035572249597584,-2.6831111484103736,0.14393939393939395,120,0.4666666666666667,-2.6831111484103736,0.5506080715505212,16,0.6666666666666666,372,0.41935483870967744,1.1081989634126637,5.967546303389367,0.01604179113814346,-3.701721634922909,0.3387096774193548,321,0.42679127725856697,-3.7017216349229094,0.7967673181856774,16,0.7058823529411765
SPXW,"d50ret,d80",0.0,1,score_desc,d80,22,3,15,False,False,False,False,False,-18.560885254441168,19.65118946979447,-18.560885254441168,69,0.463768115942029,1.217828078857786,2.3706770994703827,0.03435763912275917,-1.6,0.17391304347826086,61,0.5081967213114754,-1.6,1.0545510396833497,0,0.3333333333333333,132,0.4772727272727273,1.3983419013612426,8.06469553694688,0.06109617831020364,-2.6831111484103736,0.14393939393939395,120,0.4666666666666667,-2.6831111484103736,0.5888000508599025,16,0.6666666666666666,371,0.41778975741239893,1.1036966235054189,5.718622942771829,0.015414078012862074,-3.701721634922909,0.33962264150943394,321,0.42679127725856697,-3.7017216349229094,0.8218761836607292,16,0.7058823529411765
SPXW,"d50ret,d80",0.0,1,score_desc,d80,22,4,0,False,False,False,False,False,-18.560885254441168,18.99679305133203,-18.560885254441168,69,0.463768115942029,1.217828078857786,2.3706770994703827,0.03435763912275917,-1.6,0.17391304347826086,61,0.5081967213114754,-1.6,1.0545510396833497,0,0.3333333333333333,132,0.4696969696969697,1.353587803598892,7.264695536946881,0.055035572249597584,-2.6831111484103736,0.14393939393939395,120,0.4666666666666667,-2.6831111484103736,0.5506080715505212,16,0.6666666666666666,373,0.41823056300268097,1.102203670445564,5.667546303389367,0.01519449411096345,-3.701721634922909,0.34048257372654156,321,0.42679127725856697,-3.7017216349229094,0.8389425705189061,17,0.7058823529411765
SPXW,"d50ret,d80",-999999.0,1,score_desc,d80,22,3,0,False,False,False,False,False,-18.560885254441168,22.96438366614342,-18.560885254441168,69,0.463768115942029,1.217828078857786,2.3706770994703827,0.03435763912275917,-1.6,0.17391304347826086,61,0.5081967213114754,-1.6,1.0545510396833497,0,0.3333333333333333,137,0.45985401459854014,1.3037529111767256,6.483237406762425,0.047322900779287774,-2.6831111484103736,0.16058394160583941,127,0.4566929133858268,-2.6831111484103736,0.5398537459617443,21,0.6666666666666666,383,0.42036553524804177,1.0987667892986779,5.550424404897516,0.014491969725580981,-3.7017216349229094,0.35509138381201044,348,0.43103448275862066,-3.7017216349229094,0.7235142390571163,19,0.6470588235294118
SPXW,"d50ret,d80",-999999.0,1,score_desc,d80,22,4,0,False,False,False,False,False,-18.560885254441168,22.96438366614342,-18.560885254441168,69,0.463768115942029,1.217828078857786,2.3706770994703827,0.03435763912275917,-1.6,0.17391304347826086,61,0.5081967213114754,-1.6,1.0545510396833497,0,0.3333333333333333,137,0.45985401459854014,1.3037529111767256,6.483237406762425,0.047322900779287774,-2.6831111484103736,0.16058394160583941,127,0.4566929133858268,-2.6831111484103736,0.5398537459617443,21,0.6666666666666666,383,0.42036553524804177,1.0987667892986779,5.550424404897516,0.014491969725580981,-3.7017216349229094,0.35509138381201044,348,0.43103448275862066,-3.7017216349229094,0.7235142390571163,19,0.6470588235294118
SPXW,"d50ret,d80",0.0,1,score_desc,d80,22,4,15,False,False,False,False,False,-18.560885254441168,19.65118946979447,-18.560885254441168,69,0.463768115942029,1.217828078857786,2.3706770994703827,0.03435763912275917,-1.6,0.17391304347826086,61,0.5081967213114754,-1.6,1.0545510396833497,0,0.3333333333333333,132,0.4772727272727273,1.3983419013612426,8.06469553694688,0.06109617831020364,-2.6831111484103736,0.14393939393939395,120,0.4666666666666667,-2.6831111484103736,0.5888000508599025,16,0.6666666666666666,372,0.4166666666666667,1.097725060937178,5.418622942771829,0.014566190706375883,-3.701721634922909,0.34139784946236557,321,0.42679127725856697,-3.7017216349229094,0.8673790462334281,17,0.7058823529411765
SPXW,"d50ret,d80",-999999.0,1,score_desc,d80,22,3,15,False,False,False,False,False,-18.560885254441168,23.594540684193277,-18.560885254441168,69,0.463768115942029,1.217828078857786,2.3706770994703827,0.03435763912275917,-1.6,0.17391304347826086,61,0.5081967213114754,-1.6,1.0545510396833497,0,0.3333333333333333,137,0.46715328467153283,1.3460991807687248,7.283237406762426,0.053162316837681946,-2.6831111484103736,0.16058394160583941,127,0.4566929133858268,-2.6831111484103736,0.583324819039849,21,0.6666666666666666,382,0.418848167539267,1.0942337249294263,5.295678540597118,0.013863032828788266,-3.7017216349229094,0.35602094240837695,348,0.43103448275862066,-3.7017216349229094,0.7140286716248591,19,0.6470588235294118
SPXW,"d50ret,d80",-999999.0,1,score_desc,d80,22,4,15,False,False,False,False,False,-18.560885254441168,23.594540684193277,-18.560885254441168,69,0.463768115942029,1.217828078857786,2.3706770994703827,0.03435763912275917,-1.6,0.17391304347826086,61,0.5081967213114754,-1.6,1.0545510396833497,0,0.3333333333333333,137,0.46715328467153283,1.3460991807687248,7.283237406762426,0.053162316837681946,-2.6831111484103736,0.16058394160583941,127,0.4566929133858268,-2.6831111484103736,0.583324819039849,21,0.6666666666666666,382,0.418848167539267,1.0942337249294263,5.295678540597118,0.013863032828788266,-3.7017216349229094,0.35602094240837695,348,0.43103448275862066,-3.7017216349229094,0.7140286716248591,19,0.6470588235294118
SPXW,"d50ret,d80",0.0,1,score_desc,d80,22,3,30,False,False,False,False,False,-18.560885254441168,19.65118946979447,-18.560885254441168,69,0.463768115942029,1.217828078857786,2.3706770994703827,0.03435763912275917,-1.6,0.17391304347826086,61,0.5081967213114754,-1.6,1.0545510396833497,0,0.3333333333333333,132,0.4772727272727273,1.3983419013612426,8.06469553694688,0.06109617831020364,-2.6831111484103736,0.14393939393939395,120,0.4666666666666667,-2.6831111484103736,0.5888000508599025,16,0.6666666666666666,371,0.41509433962264153,1.0887075428362427,4.9186229427718295,0.013257743781056144,-4.472362281198973,0.33962264150943394,321,0.4236760124610592,-4.472362281198973,0.955552001990088,16,0.7058823529411765
SPXW,"d50ret,d80",0.0,1,score_desc,d80,22,4,30,False,False,False,False,False,-18.560885254441168,19.65118946979447,-18.560885254441168,69,0.463768115942029,1.217828078857786,2.3706770994703827,0.03435763912275917,-1.6,0.17391304347826086,61,0.5081967213114754,-1.6,1.0545510396833497,0,0.3333333333333333,132,0.4772727272727273,1.3983419013612426,8.06469553694688,0.06109617831020364,-2.6831111484103736,0.14393939393939395,120,0.4666666666666667,-2.6831111484103736,0.5888000508599025,16,0.6666666666666666,372,0.41397849462365593,1.0828487777638063,4.618622942771829,0.012415653071967282,-4.472362281198973,0.34139784946236557,321,0.4236760124610592,-4.472362281198973,1.017619333345998,17,0.7058823529411765
SPXW,"d50ret,d80",-999999.0,1,score_desc,d80,22,3,30,False,False,False,False,False,-18.560885254441168,23.594540684193277,-18.560885254441168,69,0.463768115942029,1.217828078857786,2.3706770994703827,0.03435763912275917,-1.6,0.17391304347826086,61,0.5081967213114754,-1.6,1.0545510396833497,0,0.3333333333333333,137,0.46715328467153283,1.3460991807687248,7.283237406762426,0.053162316837681946,-2.6831111484103736,0.16058394160583941,127,0.4566929133858268,-2.6831111484103736,0.583324819039849,21,0.6666666666666666,382,0.4162303664921466,1.0795733697249543,4.495678540597118,0.011768791991091931,-4.472362281198974,0.35602094240837695,348,0.4281609195402299,-4.472362281198973,0.8410891213749021,19,0.5882352941176471
SPXW,"d50ret,d80",-999999.0,1,score_desc,d80,22,4,30,False,False,False,False,False,-18.560885254441168,23.594540684193277,-18.560885254441168,69,0.463768115942029,1.217828078857786,2.3706770994703827,0.03435763912275917,-1.6,0.17391304347826086,61,0.5081967213114754,-1.6,1.0545510396833497,0,0.3333333333333333,137,0.46715328467153283,1.3460991807687248,7.283237406762426,0.053162316837681946,-2.6831111484103736,0.16058394160583941,127,0.4566929133858268,-2.6831111484103736,0.583324819039849,21,0.6666666666666666,382,0.4162303664921466,1.0795733697249543,4.495678540597118,0.011768791991091931,-4.472362281198974,0.35602094240837695,348,0.4281609195402299,-4.472362281198973,0.8410891213749021,19,0.5882352941176471
SPXW,"d65ret,d80_front,d80_zero",0.0,1,score_desc,d80_zero,21,2,30,False,False,False,False,False,-18.62626392453219,-9.141445316134593,-18.62626392453219,84,0.4166666666666667,1.252131789836126,3.258214365309364,0.0387882662536829,-2.3999999999999986,0.21428571428571427,82,0.4268292682926829,-2.3999999999999986,0.7672914423979675,0,0.3333333333333333,133,0.40601503759398494,0.975755853510861,-0.5230323840003643,-0.003932574315792213,-2.3983460444368325,0.23308270676691728,128,0.421875,-2.3983460444368325,-4.779818757834809,20,0.5,357,0.43137254901960786,1.0566494960457677,2.794117927288629,0.007826660860752462,-5.5659219633919435,0.4005602240896359,335,0.4417910447761194,-5.565921963391945,1.5090441821429506,18,0.5882352941176471
SPXW,"d65ret,d80_front,d80_zero",0.0,1,score_desc,d80_zero,21,2,0,False,False,False,False,False,-18.62626392453219,-11.31439670241012,-18.62626392453219,84,0.4166666666666667,1.252131789836126,3.258214365309364,0.0387882662536829,-2.3999999999999986,0.21428571428571427,82,0.4268292682926829,-2.3999999999999986,0.7672914423979675,0,0.3333333333333333,133,0.39849624060150374,0.9395145191052378,-1.3230323840003644,-0.009947611909777176,-3.1983460444368337,0.22556390977443608,128,0.4140625,-3.1983460444368337,-1.889598493757891,20,0.5,358,0.4301675977653631,1.0499305162927435,2.4784783487876254,0.006923123879295043,-5.581561541892945,0.3994413407821229,335,0.4417910447761194,-5.581561541892947,1.7012242227004912,18,0.5882352941176471
SPXW,"d65ret,d80_front,d80_zero",0.0,1,score_desc,d80_zero,21,2,15,False,False,False,False,False,-18.62626392453219,-11.31439670241012,-18.62626392453219,84,0.4166666666666667,1.252131789836126,3.258214365309364,0.0387882662536829,-2.3999999999999986,0.21428571428571427,82,0.4268292682926829,-2.3999999999999986,0.7672914423979675,0,0.3333333333333333,133,0.39849624060150374,0.9395145191052378,-1.3230323840003644,-0.009947611909777176,-3.1983460444368337,0.22556390977443608,128,0.4140625,-3.1983460444368337,-1.889598493757891,20,0.5,358,0.4301675977653631,1.0499305162927435,2.4784783487876254,0.006923123879295043,-5.581561541892945,0.3994413407821229,335,0.4417910447761194,-5.581561541892947,1.7012242227004912,18,0.5882352941176471
SPXW,"d65ret,d80_front,d80_zero",0.0,1,score_desc,d80_zero,21,3,0,False,False,False,False,False,-18.62626392453219,-11.31439670241012,-18.62626392453219,84,0.4166666666666667,1.252131789836126,3.258214365309364,0.0387882662536829,-2.3999999999999986,0.21428571428571427,82,0.4268292682926829,-2.3999999999999986,0.7672914423979675,0,0.3333333333333333,133,0.39849624060150374,0.9395145191052378,-1.3230323840003644,-0.009947611909777176,-3.1983460444368337,0.22556390977443608,128,0.4140625,-3.1983460444368337,-1.889598493757891,20,0.5,358,0.4301675977653631,1.0499305162927435,2.4784783487876254,0.006923123879295043,-5.608689057179057,0.3994413407821229,335,0.4388059701492537,-5.581561541892947,1.7463965977195983,18,0.5882352941176471
SPXW,"d65ret,d80_front,d80_zero",0.0,1,score_desc,d80_zero,21,4,0,False,False,False,False,False,-18.62626392453219,-11.31439670241012,-18.62626392453219,84,0.4166666666666667,1.252131789836126,3.258214365309364,0.0387882662536829,-2.3999999999999986,0.21428571428571427,82,0.4268292682926829,-2.3999999999999986,0.7672914423979675,0,0.3333333333333333,133,0.39849624060150374,0.9395145191052378,-1.3230323840003644,-0.009947611909777176,-3.1983460444368337,0.22556390977443608,128,0.4140625,-3.1983460444368337,-1.889598493757891,20,0.5,358,0.4301675977653631,1.0499305162927435,2.4784783487876254,0.006923123879295043,-5.608689057179057,0.3994413407821229,335,0.4388059701492537,-5.581561541892947,1.7463965977195983,18,0.5882352941176471
SPXW,"d65ret,d80_front,d80_zero",-999999.0,1,score_desc,d80_zero,21,2,0,False,False,False,False,False,-18.62626392453219,-11.31439670241012,-18.62626392453219,84,0.4166666666666667,1.252131789836126,3.258214365309364,0.0387882662536829,-2.3999999999999986,0.21428571428571427,82,0.4268292682926829,-2.3999999999999986,0.7672914423979675,0,0.3333333333333333,133,0.39849624060150374,0.9395145191052378,-1.3230323840003644,-0.009947611909777176,-3.1983460444368337,0.22556390977443608,128,0.4140625,-3.1983460444368337,-1.889598493757891,20,0.5,368,0.4266304347826087,1.045475626173021,2.3280946790407597,0.006326344236523803,-5.7922792122015,0.39945652173913043,349,0.4355300859598854,-5.5922792122015,1.7805495746463207,19,0.6470588235294118
SPXW,"d65ret,d80_front,d80_zero",-999999.0,1,score_desc,d80_zero,21,2,15,False,False,False,False,False,-18.62626392453219,-11.31439670241012,-18.62626392453219,84,0.4166666666666667,1.252131789836126,3.258214365309364,0.0387882662536829,-2.3999999999999986,0.21428571428571427,82,0.4268292682926829,-2.3999999999999986,0.7672914423979675,0,0.3333333333333333,133,0.39849624060150374,0.9395145191052378,-1.3230323840003644,-0.009947611909777176,-3.1983460444368337,0.22556390977443608,128,0.4140625,-3.1983460444368337,-1.889598493757891,20,0.5,368,0.4266304347826087,1.045475626173021,2.3280946790407597,0.006326344236523803,-5.7922792122015,0.39945652173913043,349,0.4355300859598854,-5.5922792122015,1.7805495746463207,19,0.6470588235294118
SPXW,"d65ret,d80_front,d80_zero",-999999.0,1,score_desc,d80_zero,21,2,30,False,False,False,False,False,-18.62626392453219,-9.141445316134593,-18.62626392453219,84,0.4166666666666667,1.252131789836126,3.258214365309364,0.0387882662536829,-2.3999999999999986,0.21428571428571427,82,0.4268292682926829,-2.3999999999999986,0.7672914423979675,0,0.3333333333333333,133,0.40601503759398494,0.975755853510861,-0.5230323840003643,-0.003932574315792213,-2.3983460444368325,0.23308270676691728,128,0.421875,-2.3983460444368325,-4.779818757834809,20,0.5,368,0.4266304347826087,1.045475626173021,2.3280946790407597,0.006326344236523803,-5.7922792122015,0.39945652173913043,349,0.4355300859598854,-5.5922792122015,1.7805495746463207,19,0.6470588235294118
SPXW,"d65ret,d80_front,d80_zero",-999999.0,1,score_desc,d80_zero,21,3,0,False,False,False,False,False,-18.62626392453219,-11.31439670241012,-18.62626392453219,84,0.4166666666666667,1.252131789836126,3.258214365309364,0.0387882662536829,-2.3999999999999986,0.21428571428571427,82,0.4268292682926829,-2.3999999999999986,0.7672914423979675,0,0.3333333333333333,133,0.39849624060150374,0.9395145191052378,-1.3230323840003644,-0.009947611909777176,-3.1983460444368337,0.22556390977443608,128,0.4140625,-3.1983460444368337,-1.889598493757891,20,0.5,368,0.4266304347826087,1.045475626173021,2.328094679040759,0.006326344236523801,-6.192279212201498,0.39945652173913043,349,0.4326647564469914,-6.0922792122015,1.8592053814700626,19,0.6470588235294118
SPXW,"d65ret,d80_front,d80_zero",-999999.0,1,score_desc,d80_zero,21,4,0,False,False,False,False,False,-18.62626392453219,-11.31439670241012,-18.62626392453219,84,0.4166666666666667,1.252131789836126,3.258214365309364,0.0387882662536829,-2.3999999999999986,0.21428571428571427,82,0.4268292682926829,-2.3999999999999986,0.7672914423979675,0,0.3333333333333333,133,0.39849624060150374,0.9395145191052378,-1.3230323840003644,-0.009947611909777176,-3.1983460444368337,0.22556390977443608,128,0.4140625,-3.1983460444368337,-1.889598493757891,20,0.5,368,0.4266304347826087,1.045475626173021,2.328094679040759,0.006326344236523801,-6.192279212201498,0.39945652173913043,349,0.4326647564469914,-6.0922792122015,1.8592053814700626,19,0.6470588235294118
SPXW,"d65ret,d80_front,d80_zero",0.0,1,score_desc,d80_zero,21,3,30,False,False,False,False,False,-18.62626392453219,-9.141445316134593,-18.62626392453219,84,0.4166666666666667,1.252131789836126,3.258214365309364,0.0387882662536829,-2.3999999999999986,0.21428571428571427,82,0.4268292682926829,-2.3999999999999986,0.7672914423979675,0,0.3333333333333333,133,0.40601503759398494,0.975755853510861,-0.5230323840003643,-0.003932574315792213,-2.3983460444368325,0.23308270676691728,128,0.421875,-2.3983460444368325,-4.779818757834809,20,0.5,357,0.42857142857142855,1.0401854299824145,1.99411792728863,0.005585764502209048,-5.565921963391945,0.4005602240896359,335,0.43582089552238806,-5.565921963391945,2.114442353030375,18,0.5294117647058824
SPXW,"d65ret,d80_front,d80_zero",0.0,1,score_desc,d80_zero,21,4,30,False,False,False,False,False,-18.62626392453219,-9.141445316134593,-18.62626392453219,84,0.4166666666666667,1.252131789836126,3.258214365309364,0.0387882662536829,-2.3999999999999986,0.21428571428571427,82,0.4268292682926829,-2.3999999999999986,0.7672914423979675,0,0.3333333333333333,133,0.40601503759398494,0.975755853510861,-0.5230323840003643,-0.003932574315792213,-2.3983460444368325,0.23308270676691728,128,0.421875,-2.3983460444368325,-4.779818757834809,20,0.5,357,0.42857142857142855,1.0401854299824145,1.99411792728863,0.005585764502209048,-5.565921963391945,0.4005602240896359,335,0.43582089552238806,-5.565921963391945,2.114442353030375,18,0.5294117647058824
SPXW,"d65ret,d80_front,d80_zero",0.0,1,score_desc,d80_zero,21,3,15,False,False,False,False,False,-18.62626392453219,-11.31439670241012,-18.62626392453219,84,0.4166666666666667,1.252131789836126,3.258214365309364,0.0387882662536829,-2.3999999999999986,0.21428571428571427,82,0.4268292682926829,-2.3999999999999986,0.7672914423979675,0,0.3333333333333333,133,0.39849624060150374,0.9395145191052378,-1.3230323840003644,-0.009947611909777176,-3.1983460444368337,0.22556390977443608,128,0.4140625,-3.1983460444368337,-1.889598493757891,20,0.5,358,0.4273743016759777,1.0336108758290938,1.6784783487876247,0.004688487007786661,-5.60868905717906,0.3994413407821229,335,0.43582089552238806,-5.581561541892949,2.512065410579643,18,0.5294117647058824
SPXW,"d65ret,d80_front,d80_zero",0.0,1,score_desc,d80_zero,21,4,15,False,False,False,False,False,-18.62626392453219,-11.31439670241012,-18.62626392453219,84,0.4166666666666667,1.252131789836126,3.258214365309364,0.0387882662536829,-2.3999999999999986,0.21428571428571427,82,0.4268292682926829,-2.3999999999999986,0.7672914423979675,0,0.3333333333333333,133,0.39849624060150374,0.9395145191052378,-1.3230323840003644,-0.009947611909777176,-3.1983460444368337,0.22556390977443608,128,0.4140625,-3.1983460444368337,-1.889598493757891,20,0.5,358,0.4273743016759777,1.0336108758290938,1.6784783487876247,0.004688487007786661,-5.60868905717906,0.3994413407821229,335,0.43582089552238806,-5.581561541892949,2.512065410579643,18,0.5294117647058824
SPXW,"d65ret,d80_front,d80_zero",-999999.0,1,score_desc,d80_zero,21,3,15,False,False,False,False,False,-18.62626392453219,-11.31439670241012,-18.62626392453219,84,0.4166666666666667,1.252131789836126,3.258214365309364,0.0387882662536829,-2.3999999999999986,0.21428571428571427,82,0.4268292682926829,-2.3999999999999986,0.7672914423979675,0,0.3333333333333333,133,0.39849624060150374,0.9395145191052378,-1.3230323840003644,-0.009947611909777176,-3.1983460444368337,0.22556390977443608,128,0.4140625,-3.1983460444368337,-1.889598493757891,20,0.5,368,0.42391304347826086,1.0296750025701005,1.528094679040759,0.004152431193045541,-6.192279212201502,0.39945652173913043,349,0.4297994269340974,-6.092279212201504,2.7127167232232865,19,0.5882352941176471
SPXW,"d65ret,d80_front,d80_zero",-999999.0,1,score_desc,d80_zero,21,3,30,False,False,False,False,False,-18.62626392453219,-9.141445316134593,-18.62626392453219,84,0.4166666666666667,1.252131789836126,3.258214365309364,0.0387882662536829,-2.3999999999999986,0.21428571428571427,82,0.4268292682926829,-2.3999999999999986,0.7672914423979675,0,0.3333333333333333,133,0.40601503759398494,0.975755853510861,-0.5230323840003643,-0.003932574315792213,-2.3983460444368325,0.23308270676691728,128,0.421875,-2.3983460444368325,-4.779818757834809,20,0.5,368,0.42391304347826086,1.0296750025701005,1.528094679040759,0.004152431193045541,-6.192279212201502,0.39945652173913043,349,0.4297994269340974,-6.092279212201504,2.7127167232232865,19,0.5882352941176471
SPXW,"d65ret,d80_front,d80_zero",-999999.0,1,score_desc,d80_zero,21,4,15,False,False,False,False,False,-18.62626392453219,-11.31439670241012,-18.62626392453219,84,0.4166666666666667,1.252131789836126,3.258214365309364,0.0387882662536829,-2.3999999999999986,0.21428571428571427,82,0.4268292682926829,-2.3999999999999986,0.7672914423979675,0,0.3333333333333333,133,0.39849624060150374,0.9395145191052378,-1.3230323840003644,-0.009947611909777176,-3.1983460444368337,0.22556390977443608,128,0.4140625,-3.1983460444368337,-1.889598493757891,20,0.5,368,0.42391304347826086,1.0296750025701005,1.528094679040759,0.004152431193045541,-6.192279212201502,0.39945652173913043,349,0.4297994269340974,-6.092279212201504,2.7127167232232865,19,0.5882352941176471
SPXW,"d65ret,d80_front,d80_zero",-999999.0,1,score_desc,d80_zero,21,4,30,False,False,False,False,False,-18.62626392453219,-9.141445316134593,-18.62626392453219,84,0.4166666666666667,1.252131789836126,3.258214365309364,0.0387882662536829,-2.3999999999999986,0.21428571428571427,82,0.4268292682926829,-2.3999999999999986,0.7672914423979675,0,0.3333333333333333,133,0.40601503759398494,0.975755853510861,-0.5230323840003643,-0.003932574315792213,-2.3983460444368325,0.23308270676691728,128,0.421875,-2.3983460444368325,-4.779818757834809,20,0.5,368,0.42391304347826086,1.0296750025701005,1.528094679040759,0.004152431193045541,-6.192279212201502,0.39945652173913043,349,0.4297994269340974,-6.092279212201504,2.7127167232232865,19,0.5882352941176471
SPXW,"d50ret,d80,d80_front",0.0,1,score_desc,d65ret,21,1,0,False,False,False,False,False,-18.821713048143064,15.551347352940075,-18.821713048143064,101,0.46534653465346537,1.1707922056880307,2.2594051155502792,0.022370347678715635,-2.2385893081402903,0.19801980198019803,101,0.46534653465346537,-2.2385893081402903,1.106485943044846,0,0.6666666666666666,128,0.4296875,1.0858084544959963,1.7578876802208565,0.013733497501725441,-2.6043187612219048,0.203125,128,0.4296875,-2.6043187612219048,1.4221613975279161,20,0.5,348,0.42528735632183906,0.9963434568036263,-0.18360031031010138,-0.0005275870985922453,-5.373046696397864,0.40229885057471265,348,0.42528735632183906,-5.373046696397864,-13.61653472032533,19,0.47058823529411764
SPXW,"d50ret,d80,d80_front",0.0,1,score_desc,d65ret,21,1,15,False,False,False,False,False,-18.821713048143064,15.551347352940075,-18.821713048143064,101,0.46534653465346537,1.1707922056880307,2.2594051155502792,0.022370347678715635,-2.2385893081402903,0.19801980198019803,101,0.46534653465346537,-2.2385893081402903,1.106485943044846,0,0.6666666666666666,128,0.4296875,1.0858084544959963,1.7578876802208565,0.013733497501725441,-2.6043187612219048,0.203125,128,0.4296875,-2.6043187612219048,1.4221613975279161,20,0.5,348,0.42528735632183906,0.9963434568036263,-0.18360031031010138,-0.0005275870985922453,-5.373046696397864,0.40229885057471265,348,0.42528735632183906,-5.373046696397864,-13.61653472032533,19,0.47058823529411764
SPXW,"d50ret,d80,d80_front",0.0,1,score_desc,d65ret,21,1,30,False,False,False,False,False,-18.821713048143064,15.551347352940075,-18.821713048143064,101,0.46534653465346537,1.1707922056880307,2.2594051155502792,0.022370347678715635,-2.2385893081402903,0.19801980198019803,101,0.46534653465346537,-2.2385893081402903,1.106485943044846,0,0.6666666666666666,128,0.4296875,1.0858084544959963,1.7578876802208565,0.013733497501725441,-2.6043187612219048,0.203125,128,0.4296875,-2.6043187612219048,1.4221613975279161,20,0.5,348,0.42528735632183906,0.9963434568036263,-0.18360031031010138,-0.0005275870985922453,-5.373046696397864,0.40229885057471265,348,0.42528735632183906,-5.373046696397864,-13.61653472032533,19,0.47058823529411764
SPXW,"d50ret,d80",0.0,1,score_desc,d80,21,2,0,False,False,False,False,False,-18.8888561496946,19.599182498694116,-18.8888561496946,67,0.4626865671641791,1.2051049932094673,2.1706770994703826,0.03239816566373705,-2.1,0.1791044776119403,61,0.5081967213114754,-2.1,1.151714366273071,0,0.3333333333333333,130,0.47692307692307695,1.3943060649387333,7.864695536946881,0.06049765797651447,-2.6831111484103736,0.14615384615384616,120,0.475,-2.6831111484103736,0.5401980435689238,16,0.6666666666666666,362,0.425414364640884,1.1396611530857144,7.452363300067228,0.020586638950461957,-3.701721634922909,0.3370165745856354,321,0.42679127725856697,-3.7017216349229094,0.6709281067865941,15,0.7058823529411765
SPXW,"d50ret,d80",0.0,1,score_desc,d80,21,2,15,False,False,False,False,False,-18.8888561496946,19.599182498694116,-18.8888561496946,67,0.4626865671641791,1.2051049932094673,2.1706770994703826,0.03239816566373705,-2.1,0.1791044776119403,61,0.5081967213114754,-2.1,1.151714366273071,0,0.3333333333333333,130,0.47692307692307695,1.3943060649387333,7.864695536946881,0.06049765797651447,-2.6831111484103736,0.14615384615384616,120,0.475,-2.6831111484103736,0.5401980435689238,16,0.6666666666666666,362,0.425414364640884,1.1351337794384806,7.209994393424607,0.019917111584045875,-3.701721634922909,0.3370165745856354,321,0.42679127725856697,-3.7017216349229094,0.6934818152646437,15,0.7058823529411765
SPXW,"d50ret,d80",0.0,1,score_desc,d80,21,2,30,False,False,False,False,False,-18.8888561496946,19.599182498694116,-18.8888561496946,67,0.4626865671641791,1.2051049932094673,2.1706770994703826,0.03239816566373705,-2.1,0.1791044776119403,61,0.5081967213114754,-2.1,1.151714366273071,0,0.3333333333333333,130,0.47692307692307695,1.3943060649387333,7.864695536946881,0.06049765797651447,-2.6831111484103736,0.14615384615384616,120,0.475,-2.6831111484103736,0.5401980435689238,16,0.6666666666666666,362,0.42265193370165743,1.1194679875403255,6.409994393424606,0.017707166832664656,-4.472362281198973,0.3370165745856354,321,0.4236760124610592,-4.472362281198973,0.7800318835113206,15,0.7058823529411765
SPXW,"d50ret,d80",0.0,1,score_desc,d80,21,3,0,False,False,False,False,False,-18.8888561496946,19.599182498694116,-18.8888561496946,67,0.4626865671641791,1.2051049932094673,2.1706770994703826,0.03239816566373705,-2.1,0.1791044776119403,61,0.5081967213114754,-2.1,1.151714366273071,0,0.3333333333333333,130,0.47692307692307695,1.3943060649387333,7.864695536946881,0.06049765797651447,-2.6831111484103736,0.14615384615384616,120,0.475,-2.6831111484103736,0.5401980435689238,16,0.6666666666666666,365,0.4191780821917808,1.1153952813490318,6.2688894015715775,0.017175039456360487,-3.701721634922909,0.33972602739726027,321,0.4236760124610592,-3.7017216349229094,0.7584670201883621,16,0.7058823529411765
SPXW,"d50ret,d80",0.0,1,score_desc,d80,21,3,15,False,False,False,False,False,-18.8888561496946,19.599182498694116,-18.8888561496946,67,0.4626865671641791,1.2051049932094673,2.1706770994703826,0.03239816566373705,-2.1,0.1791044776119403,61,0.5081967213114754,-2.1,1.151714366273071,0,0.3333333333333333,130,0.47692307692307695,1.3943060649387333,7.864695536946881,0.06049765797651447,-2.6831111484103736,0.14615384615384616,120,0.475,-2.6831111484103736,0.5401980435689238,16,0.6666666666666666,365,0.4191780821917808,1.110945739633838,6.026520494928956,0.01651101505459988,-3.701721634922909,0.33972602739726027,321,0.4236760124610592,-3.7017216349229094,0.7798861721211829,16,0.7058823529411765
SPXW,"d50ret,d80",-999999.0,1,score_desc,d80,21,2,0,False,False,False,False,False,-18.8888561496946,23.537241025910394,-18.8888561496946,67,0.4626865671641791,1.2051049932094673,2.1706770994703826,0.03239816566373705,-2.1,0.1791044776119403,61,0.5081967213114754,-2.1,1.151714366273071,0,0.3333333333333333,135,0.4666666666666667,1.341463081958627,7.083237406762427,0.052468425235277234,-2.6831111484103736,0.16296296296296298,127,0.4645669291338583,-2.6831111484103736,0.5292061986719848,21,0.6666666666666666,376,0.42021276595744683,1.1100598362541858,6.0699133695176135,0.016143386621057482,-3.7017216349229094,0.35638297872340424,348,0.4281609195402299,-3.7017216349229094,0.6615928177690974,19,0.6470588235294118
SPXW,"d50ret,d80",0.0,1,score_desc,d80,21,4,0,False,False,False,False,False,-18.8888561496946,19.599182498694116,-18.8888561496946,67,0.4626865671641791,1.2051049932094673,2.1706770994703826,0.03239816566373705,-2.1,0.1791044776119403,61,0.5081967213114754,-2.1,1.151714366273071,0,0.3333333333333333,130,0.47692307692307695,1.3943060649387333,7.864695536946881,0.06049765797651447,-2.6831111484103736,0.14615384615384616,120,0.475,-2.6831111484103736,0.5401980435689238,16,0.6666666666666666,366,0.4180327868852459,1.1092695802667294,5.968889401571578,0.016308440987900484,-3.701721634922909,0.34153005464480873,321,0.4236760124610592,-3.7017216349229094,0.7965880324484651,17,0.7058823529411765
SPXW,"d50ret,d80",-999999.0,1,score_desc,d80,21,3,0,False,False,False,False,False,-18.8888561496946,23.537241025910394,-18.8888561496946,67,0.4626865671641791,1.2051049932094673,2.1706770994703826,0.03239816566373705,-2.1,0.1791044776119403,61,0.5081967213114754,-2.1,1.151714366273071,0,0.3333333333333333,135,0.4666666666666667,1.341463081958627,7.083237406762427,0.052468425235277234,-2.6831111484103736,0.16296296296296298,127,0.4645669291338583,-2.6831111484103736,0.5292061986719848,21,0.6666666666666666,376,0.42021276595744683,1.105686374676338,5.851767503079723,0.015563211444360967,-3.7017216349229103,0.35638297872340424,348,0.4281609195402299,-3.70172163492291,0.6862560905982672,19,0.6470588235294118
SPXW,"d50ret,d80",-999999.0,1,score_desc,d80,21,4,0,False,False,False,False,False,-18.8888561496946,23.537241025910394,-18.8888561496946,67,0.4626865671641791,1.2051049932094673,2.1706770994703826,0.03239816566373705,-2.1,0.1791044776119403,61,0.5081967213114754,-2.1,1.151714366273071,0,0.3333333333333333,135,0.4666666666666667,1.341463081958627,7.083237406762427,0.052468425235277234,-2.6831111484103736,0.16296296296296298,127,0.4645669291338583,-2.6831111484103736,0.5292061986719848,21,0.6666666666666666,376,0.42021276595744683,1.105686374676338,5.851767503079723,0.015563211444360967,-3.7017216349229103,0.35638297872340424,348,0.4281609195402299,-3.70172163492291,0.6862560905982672,19,0.6470588235294118
SPXW,"d50ret,d80",-999999.0,1,score_desc,d80,21,2,15,False,False,False,False,False,-18.8888561496946,23.537241025910394,-18.8888561496946,67,0.4626865671641791,1.2051049932094673,2.1706770994703826,0.03239816566373705,-2.1,0.1791044776119403,61,0.5081967213114754,-2.1,1.151714366273071,0,0.3333333333333333,135,0.4666666666666667,1.341463081958627,7.083237406762427,0.052468425235277234,-2.6831111484103736,0.16296296296296298,127,0.4645669291338583,-2.6831111484103736,0.5292061986719848,21,0.6666666666666666,376,0.42021276595744683,1.1055596227721787,5.821721959192134,0.015483303082957802,-3.7017216349229094,0.35638297872340424,348,0.4281609195402299,-3.7017216349229094,0.6460399950077639,19,0.6470588235294118
SPXW,"d50ret,d80",0.0,1,score_desc,d80,21,4,15,False,False,False,False,False,-18.8888561496946,19.599182498694116,-18.8888561496946,67,0.4626865671641791,1.2051049932094673,2.1706770994703826,0.03239816566373705,-2.1,0.1791044776119403,61,0.5081967213114754,-2.1,1.151714366273071,0,0.3333333333333333,130,0.47692307692307695,1.3943060649387333,7.864695536946881,0.06049765797651447,-2.6831111484103736,0.14615384615384616,120,0.475,-2.6831111484103736,0.5401980435689238,16,0.6666666666666666,366,0.4180327868852459,1.104843824834282,5.726520494928955,0.015646230860461626,-3.701721634922909,0.34153005464480873,321,0.4236760124610592,-3.7017216349229094,0.820742718752517,17,0.7058823529411765
SPXW,"d50ret,d80",-999999.0,1,score_desc,d80,21,3,15,False,False,False,False,False,-18.8888561496946,23.537241025910394,-18.8888561496946,67,0.4626865671641791,1.2051049932094673,2.1706770994703826,0.03239816566373705,-2.1,0.1791044776119403,61,0.5081967213114754,-2.1,1.151714366273071,0,0.3333333333333333,135,0.4666666666666667,1.341463081958627,7.083237406762427,0.052468425235277234,-2.6831111484103736,0.16296296296296298,127,0.4645669291338583,-2.6831111484103736,0.5292061986719848,21,0.6666666666666666,376,0.42021276595744683,1.1012038913293314,5.603576092754244,0.014903127906261287,-3.7017216349229103,0.35638297872340424,348,0.4281609195402299,-3.70172163492291,0.6711901762726762,19,0.6470588235294118
SPXW,"d50ret,d80",-999999.0,1,score_desc,d80,21,4,15,False,False,False,False,False,-18.8888561496946,23.537241025910394,-18.8888561496946,67,0.4626865671641791,1.2051049932094673,2.1706770994703826,0.03239816566373705,-2.1,0.1791044776119403,61,0.5081967213114754,-2.1,1.151714366273071,0,0.3333333333333333,135,0.4666666666666667,1.341463081958627,7.083237406762427,0.052468425235277234,-2.6831111484103736,0.16296296296296298,127,0.4645669291338583,-2.6831111484103736,0.5292061986719848,21,0.6666666666666666,376,0.42021276595744683,1.1012038913293314,5.603576092754244,0.014903127906261287,-3.7017216349229103,0.35638297872340424,348,0.4281609195402299,-3.70172163492291,0.6711901762726762,19,0.6470588235294118
SPXW,"d50ret,d80",0.0,1,score_desc,d80,21,3,30,False,False,False,False,False,-18.8888561496946,19.599182498694116,-18.8888561496946,67,0.4626865671641791,1.2051049932094673,2.1706770994703826,0.03239816566373705,-2.1,0.1791044776119403,61,0.5081967213114754,-2.1,1.151714366273071,0,0.3333333333333333,130,0.47692307692307695,1.3943060649387333,7.864695536946881,0.06049765797651447,-2.6831111484103736,0.14615384615384616,120,0.475,-2.6831111484103736,0.5401980435689238,16,0.6666666666666666,365,0.41643835616438357,1.095689590170569,5.226520494928955,0.01431923423268207,-4.472362281198973,0.33972602739726027,321,0.4205607476635514,-4.472362281198973,0.8992598430562335,16,0.7058823529411765
SPXW,"d50ret,d80",-999999.0,1,score_desc,d80,21,2,30,False,False,False,False,False,-18.8888561496946,23.537241025910394,-18.8888561496946,67,0.4626865671641791,1.2051049932094673,2.1706770994703826,0.03239816566373705,-2.1,0.1791044776119403,61,0.5081967213114754,-2.1,1.151714366273071,0,0.3333333333333333,135,0.4666666666666667,1.341463081958627,7.083237406762427,0.052468425235277234,-2.6831111484103736,0.16296296296296298,127,0.4645669291338583,-2.6831111484103736,0.5292061986719848,21,0.6666666666666666,376,0.4175531914893617,1.0905613823140756,5.021721959192135,0.013355643508489721,-4.472362281198974,0.35638297872340424,348,0.42528735632183906,-4.472362281198973,0.7489592725396794,19,0.5882352941176471
SPXW,"d50ret,d80",0.0,1,score_desc,d80,21,4,30,False,False,False,False,False,-18.8888561496946,19.599182498694116,-18.8888561496946,67,0.4626865671641791,1.2051049932094673,2.1706770994703826,0.03239816566373705,-2.1,0.1791044776119403,61,0.5081967213114754,-2.1,1.151714366273071,0,0.3333333333333333,130,0.47692307692307695,1.3943060649387333,7.864695536946881,0.06049765797651447,-2.6831111484103736,0.14615384615384616,120,0.475,-2.6831111484103736,0.5401980435689238,16,0.6666666666666666,366,0.41530054644808745,1.0897043445998482,4.926520494928956,0.013460438510734852,-4.472362281198973,0.34153005464480873,321,0.4205607476635514,-4.472362281198973,0.9540201862222798,17,0.7058823529411765
SPXW,"d50ret,d80",-999999.0,1,score_desc,d80,21,3,30,False,False,False,False,False,-18.8888561496946,23.537241025910394,-18.8888561496946,67,0.4626865671641791,1.2051049932094673,2.1706770994703826,0.03239816566373705,-2.1,0.1791044776119403,61,0.5081967213114754,-2.1,1.151714366273071,0,0.3333333333333333,135,0.4666666666666667,1.341463081958627,7.083237406762427,0.052468425235277234,-2.6831111484103736,0.16296296296296298,127,0.4645669291338583,-2.6831111484103736,0.5292061986719848,21,0.6666666666666666,376,0.4175531914893617,1.086287896090286,4.803576092754243,0.012775468331793199,-4.472362281198974,0.35638297872340424,348,0.42528735632183906,-4.472362281198974,0.7829719260877952,19,0.5882352941176471
SPXW,"d50ret,d80",-999999.0,1,score_desc,d80,21,4,30,False,False,False,False,False,-18.8888561496946,23.537241025910394,-18.8888561496946,67,0.4626865671641791,1.2051049932094673,2.1706770994703826,0.03239816566373705,-2.1,0.1791044776119403,61,0.5081967213114754,-2.1,1.151714366273071,0,0.3333333333333333,135,0.4666666666666667,1.341463081958627,7.083237406762427,0.052468425235277234,-2.6831111484103736,0.16296296296296298,127,0.4645669291338583,-2.6831111484103736,0.5292061986719848,21,0.6666666666666666,376,0.4175531914893617,1.086287896090286,4.803576092754243,0.012775468331793199,-4.472362281198974,0.35638297872340424,348,0.42528735632183906,-4.472362281198974,0.7829719260877952,19,0.5882352941176471
SPXW,"d50ret,d80,d80_front",0.0,1,score_desc,d80_zero,21,3,30,False,False,True,False,False,-19.220152436069707,21.769346917293742,-19.220152436069707,91,0.46153846153846156,1.1777476806051763,2.0447865937257785,0.022470182348634928,-2.1,0.18681318681318682,89,0.47191011235955055,-2.1,1.2226214743734127,0,0.5,130,0.47692307692307695,1.4043557379144505,7.813530710916347,0.06010408239166421,-2.3777454259441884,0.14615384615384616,124,0.47580645161290325,-2.3777454259441884,0.4157522716056462,17,0.6666666666666666,361,0.4709141274238227,1.3311056640290124,16.10320749039974,0.044607222965096234,-2.861942955612074,0.32409972299168976,342,0.47076023391812866,-2.861942955612074,0.27309381154484724,18,0.8823529411764706
SPXW,"d50ret,d80,d80_front",0.0,1,score_desc,d80_zero,21,4,30,False,False,True,False,False,-19.220152436069707,21.769346917293742,-19.220152436069707,91,0.46153846153846156,1.1777476806051763,2.0447865937257785,0.022470182348634928,-2.1,0.18681318681318682,89,0.47191011235955055,-2.1,1.2226214743734127,0,0.5,130,0.47692307692307695,1.4043557379144505,7.813530710916347,0.06010408239166421,-2.3777454259441884,0.14615384615384616,124,0.47580645161290325,-2.3777454259441884,0.4157522716056462,17,0.6666666666666666,361,0.4709141274238227,1.3311056640290124,16.10320749039974,0.044607222965096234,-2.861942955612074,0.32409972299168976,342,0.47076023391812866,-2.861942955612074,0.27309381154484724,18,0.8823529411764706
SPXW,"d50ret,d80,d80_front",0.0,1,score_desc,d80_zero,21,3,0,False,False,True,False,False,-19.220152436069707,21.09529037782983,-19.220152436069707,91,0.46153846153846156,1.1777476806051763,2.0447865937257785,0.022470182348634928,-2.1,0.18681318681318682,89,0.47191011235955055,-2.1,1.2226214743734127,0,0.5,130,0.46923076923076923,1.3574063627891535,7.013530710916347,0.053950236237818056,-2.3777454259441866,0.14615384615384616,124,0.47580645161290325,-2.3777454259441866,0.39188438114999696,17,0.6666666666666666,361,0.46814404432132967,1.3249069224603485,15.804138811263922,0.04377877787053718,-2.561942955612073,0.32132963988919666,342,0.47368421052631576,-2.561942955612073,0.24662440378420625,18,0.8823529411764706
SPXW,"d50ret,d80,d80_front",0.0,1,score_desc,d80_zero,21,3,15,False,False,True,False,False,-19.220152436069707,21.09529037782983,-19.220152436069707,91,0.46153846153846156,1.1777476806051763,2.0447865937257785,0.022470182348634928,-2.1,0.18681318681318682,89,0.47191011235955055,-2.1,1.2226214743734127,0,0.5,130,0.46923076923076923,1.3574063627891535,7.013530710916347,0.053950236237818056,-2.3777454259441866,0.14615384615384616,124,0.47580645161290325,-2.3777454259441866,0.39188438114999696,17,0.6666666666666666,361,0.46814404432132967,1.3249069224603485,15.804138811263924,0.04377877787053718,-2.861942955612074,0.32132963988919666,342,0.47076023391812866,-2.861942955612074,0.278261686015848,18,0.8823529411764706
SPXW,"d50ret,d80,d80_front",0.0,1,score_desc,d80_zero,21,4,0,False,False,True,False,False,-19.220152436069707,21.09529037782983,-19.220152436069707,91,0.46153846153846156,1.1777476806051763,2.0447865937257785,0.022470182348634928,-2.1,0.18681318681318682,89,0.47191011235955055,-2.1,1.2226214743734127,0,0.5,130,0.46923076923076923,1.3574063627891535,7.013530710916347,0.053950236237818056,-2.3777454259441866,0.14615384615384616,124,0.47580645161290325,-2.3777454259441866,0.39188438114999696,17,0.6666666666666666,361,0.46814404432132967,1.3249069224603485,15.804138811263922,0.04377877787053718,-2.561942955612073,0.32132963988919666,342,0.47368421052631576,-2.561942955612073,0.24662440378420625,18,0.8823529411764706
SPXW,"d50ret,d80,d80_front",0.0,1,score_desc,d80_zero,21,4,15,False,False,True,False,False,-19.220152436069707,21.09529037782983,-19.220152436069707,91,0.46153846153846156,1.1777476806051763,2.0447865937257785,0.022470182348634928,-2.1,0.18681318681318682,89,0.47191011235955055,-2.1,1.2226214743734127,0,0.5,130,0.46923076923076923,1.3574063627891535,7.013530710916347,0.053950236237818056,-2.3777454259441866,0.14615384615384616,124,0.47580645161290325,-2.3777454259441866,0.39188438114999696,17,0.6666666666666666,361,0.46814404432132967,1.3249069224603485,15.804138811263924,0.04377877787053718,-2.861942955612074,0.32132963988919666,342,0.47076023391812866,-2.861942955612074,0.278261686015848,18,0.8823529411764706
SPXW,"d50ret,d80,d80_front",0.0,1,score_desc,d80_zero,21,2,30,False,False,True,False,False,-19.220152436069707,21.769346917293742,-19.220152436069707,91,0.46153846153846156,1.1777476806051763,2.0447865937257785,0.022470182348634928,-2.1,0.18681318681318682,89,0.47191011235955055,-2.1,1.2226214743734127,0,0.5,130,0.47692307692307695,1.4043557379144505,7.813530710916347,0.06010408239166421,-2.3777454259441884,0.14615384615384616,124,0.47580645161290325,-2.3777454259441884,0.4157522716056462,17,0.6666666666666666,361,0.46814404432132967,1.3222460033957213,15.768994813258075,0.04368142607550713,-2.861942955612074,0.32132963988919666,342,0.47076023391812866,-2.861942955612074,0.2767122246016888,18,0.8823529411764706
SPXW,"d50ret,d80,d80_front",0.0,1,score_desc,d80_zero,21,2,0,False,False,True,False,False,-19.220152436069707,21.09529037782983,-19.220152436069707,91,0.46153846153846156,1.1777476806051763,2.0447865937257785,0.022470182348634928,-2.1,0.18681318681318682,89,0.47191011235955055,-2.1,1.2226214743734127,0,0.5,130,0.46923076923076923,1.3574063627891535,7.013530710916347,0.053950236237818056,-2.3777454259441866,0.14615384615384616,124,0.47580645161290325,-2.3777454259441866,0.39188438114999696,17,0.6666666666666666,361,0.46537396121883656,1.3160865981646537,15.46992613412226,0.042852980980948085,-2.561942955612073,0.3185595567867036,342,0.47368421052631576,-2.561942955612073,0.24974092319596863,18,0.8823529411764706
SPXW,"d50ret,d80,d80_front",0.0,1,score_desc,d80_zero,21,2,15,False,False,True,False,False,-19.220152436069707,21.09529037782983,-19.220152436069707,91,0.46153846153846156,1.1777476806051763,2.0447865937257785,0.022470182348634928,-2.1,0.18681318681318682,89,0.47191011235955055,-2.1,1.2226214743734127,0,0.5,130,0.46923076923076923,1.3574063627891535,7.013530710916347,0.053950236237818056,-2.3777454259441866,0.14615384615384616,124,0.47580645161290325,-2.3777454259441866,0.39188438114999696,17,0.6666666666666666,361,0.46537396121883656,1.3160865981646537,15.46992613412226,0.042852980980948085,-2.861942955612074,0.3185595567867036,342,0.47076023391812866,-2.861942955612074,0.28206169807653786,18,0.8823529411764706
SPXW,"d50ret,d65ret,d80_zero",-999999.0,1,score_desc,d50ret,21,1,0,False,False,False,False,False,-19.32432689549925,14.278258545906048,-19.32432689549925,82,0.4146341463414634,1.2303867458344784,2.960608889224795,0.03610498645396091,-2.3999999999999986,0.23170731707317074,82,0.4146341463414634,-2.3999999999999986,0.8444208923032044,0,0.3333333333333333,128,0.4140625,1.0510355963305482,1.0587485398923198,0.008271472967908748,-2.3820592432616436,0.203125,128,0.4140625,-2.3820592432616436,2.361278344954566,20,0.6666666666666666,349,0.4355300859598854,1.2119470033158621,9.778712816089403,0.028019234430055596,-3.7802615899016336,0.4699140401146132,349,0.4355300859598854,-3.7802615899016336,0.2556573699440918,19,0.5882352941176471
SPXW,"d50ret,d65ret,d80_zero",-999999.0,1,score_desc,d50ret,21,1,15,False,False,False,False,False,-19.32432689549925,14.278258545906048,-19.32432689549925,82,0.4146341463414634,1.2303867458344784,2.960608889224795,0.03610498645396091,-2.3999999999999986,0.23170731707317074,82,0.4146341463414634,-2.3999999999999986,0.8444208923032044,0,0.3333333333333333,128,0.4140625,1.0510355963305482,1.0587485398923198,0.008271472967908748,-2.3820592432616436,0.203125,128,0.4140625,-2.3820592432616436,2.361278344954566,20,0.6666666666666666,349,0.4355300859598854,1.2119470033158621,9.778712816089403,0.028019234430055596,-3.7802615899016336,0.4699140401146132,349,0.4355300859598854,-3.7802615899016336,0.2556573699440918,19,0.5882352941176471
SPXW,"d50ret,d65ret,d80_zero",-999999.0,1,score_desc,d50ret,21,1,30,False,False,False,False,False,-19.32432689549925,14.278258545906048,-19.32432689549925,82,0.4146341463414634,1.2303867458344784,2.960608889224795,0.03610498645396091,-2.3999999999999986,0.23170731707317074,82,0.4146341463414634,-2.3999999999999986,0.8444208923032044,0,0.3333333333333333,128,0.4140625,1.0510355963305482,1.0587485398923198,0.008271472967908748,-2.3820592432616436,0.203125,128,0.4140625,-2.3820592432616436,2.361278344954566,20,0.6666666666666666,349,0.4355300859598854,1.2119470033158621,9.778712816089403,0.028019234430055596,-3.7802615899016336,0.4699140401146132,349,0.4355300859598854,-3.7802615899016336,0.2556573699440918,19,0.5882352941176471
SPXW,"d50ret,d65ret,d80_zero",-999999.0,1,score_desc,d50ret,22,1,0,False,False,False,False,False,-19.32432689549925,16.586295303606832,-19.32432689549925,82,0.4146341463414634,1.2303867458344784,2.960608889224795,0.03610498645396091,-2.3999999999999986,0.23170731707317074,82,0.4146341463414634,-2.3999999999999986,0.8444208923032044,0,0.3333333333333333,128,0.4296875,1.1205158345067838,2.420668032152273,0.018911469001189632,-2.382059243261642,0.21875,128,0.4296875,-2.382059243261642,1.0327727580957027,20,0.5,349,0.4326647564469914,1.1987550655552552,9.163994650707806,0.026257864328675662,-3.7802615899016336,0.4670487106017192,349,0.4326647564469914,-3.7802615899016336,0.27280679390258106,19,0.5294117647058824
SPXW,"d50ret,d65ret,d80_zero",-999999.0,1,score_desc,d50ret,22,1,15,False,False,False,False,False,-19.32432689549925,16.586295303606832,-19.32432689549925,82,0.4146341463414634,1.2303867458344784,2.960608889224795,0.03610498645396091,-2.3999999999999986,0.23170731707317074,82,0.4146341463414634,-2.3999999999999986,0.8444208923032044,0,0.3333333333333333,128,0.4296875,1.1205158345067838,2.420668032152273,0.018911469001189632,-2.382059243261642,0.21875,128,0.4296875,-2.382059243261642,1.0327727580957027,20,0.5,349,0.4326647564469914,1.1987550655552552,9.163994650707806,0.026257864328675662,-3.7802615899016336,0.4670487106017192,349,0.4326647564469914,-3.7802615899016336,0.27280679390258106,19,0.5294117647058824
SPXW,"d50ret,d65ret,d80_zero",-999999.0,1,score_desc,d50ret,22,1,30,False,False,False,False,False,-19.32432689549925,16.586295303606832,-19.32432689549925,82,0.4146341463414634,1.2303867458344784,2.960608889224795,0.03610498645396091,-2.3999999999999986,0.23170731707317074,82,0.4146341463414634,-2.3999999999999986,0.8444208923032044,0,0.3333333333333333,128,0.4296875,1.1205158345067838,2.420668032152273,0.018911469001189632,-2.382059243261642,0.21875,128,0.4296875,-2.382059243261642,1.0327727580957027,20,0.5,349,0.4326647564469914,1.1987550655552552,9.163994650707806,0.026257864328675662,-3.7802615899016336,0.4670487106017192,349,0.4326647564469914,-3.7802615899016336,0.27280679390258106,19,0.5294117647058824
SPXW,"d50ret,d65ret,d80_zero",0.0,1,score_desc,d50ret,21,1,0,False,False,False,False,False,-19.32432689549925,14.278258545906048,-19.32432689549925,82,0.4146341463414634,1.2303867458344784,2.960608889224795,0.03610498645396091,-2.3999999999999986,0.23170731707317074,82,0.4146341463414634,-2.3999999999999986,0.8444208923032044,0,0.3333333333333333,128,0.4140625,1.0510355963305482,1.0587485398923198,0.008271472967908748,-2.3820592432616436,0.203125,128,0.4140625,-2.3820592432616436,2.361278344954566,20,0.6666666666666666,324,0.43209876543209874,1.1882639253317477,8.055435399630346,0.0248624549371307,-3.793181390427536,0.4567901234567901,324,0.43209876543209874,-3.793181390427536,0.31034945673013803,3,0.5294117647058824
SPXW,"d50ret,d65ret,d80_zero",0.0,1,score_desc,d50ret,21,1,15,False,False,False,False,False,-19.32432689549925,14.278258545906048,-19.32432689549925,82,0.4146341463414634,1.2303867458344784,2.960608889224795,0.03610498645396091,-2.3999999999999986,0.23170731707317074,82,0.4146341463414634,-2.3999999999999986,0.8444208923032044,0,0.3333333333333333,128,0.4140625,1.0510355963305482,1.0587485398923198,0.008271472967908748,-2.3820592432616436,0.203125,128,0.4140625,-2.3820592432616436,2.361278344954566,20,0.6666666666666666,324,0.43209876543209874,1.1882639253317477,8.055435399630346,0.0248624549371307,-3.793181390427536,0.4567901234567901,324,0.43209876543209874,-3.793181390427536,0.31034945673013803,3,0.5294117647058824
SPXW,"d50ret,d65ret,d80_zero",0.0,1,score_desc,d50ret,21,1,30,False,False,False,False,False,-19.32432689549925,14.278258545906048,-19.32432689549925,82,0.4146341463414634,1.2303867458344784,2.960608889224795,0.03610498645396091,-2.3999999999999986,0.23170731707317074,82,0.4146341463414634,-2.3999999999999986,0.8444208923032044,0,0.3333333333333333,128,0.4140625,1.0510355963305482,1.0587485398923198,0.008271472967908748,-2.3820592432616436,0.203125,128,0.4140625,-2.3820592432616436,2.361278344954566,20,0.6666666666666666,324,0.43209876543209874,1.1882639253317477,8.055435399630346,0.0248624549371307,-3.793181390427536,0.4567901234567901,324,0.43209876543209874,-3.793181390427536,0.31034945673013803,3,0.5294117647058824
SPXW,"d50ret,d65ret,d80_zero",0.0,1,score_desc,d50ret,22,1,0,False,False,False,False,False,-19.32432689549925,16.586295303606832,-19.32432689549925,82,0.4146341463414634,1.2303867458344784,2.960608889224795,0.03610498645396091,-2.3999999999999986,0.23170731707317074,82,0.4146341463414634,-2.3999999999999986,0.8444208923032044,0,0.3333333333333333,128,0.4296875,1.1205158345067838,2.420668032152273,0.018911469001189632,-2.382059243261642,0.21875,128,0.4296875,-2.382059243261642,1.0327727580957027,20,0.5,324,0.43209876543209874,1.1882639253317477,8.055435399630346,0.0248624549371307,-3.793181390427536,0.4567901234567901,324,0.43209876543209874,-3.793181390427536,0.31034945673013803,3,0.5294117647058824
SPXW,"d50ret,d65ret,d80_zero",0.0,1,score_desc,d50ret,22,1,15,False,False,False,False,False,-19.32432689549925,16.586295303606832,-19.32432689549925,82,0.4146341463414634,1.2303867458344784,2.960608889224795,0.03610498645396091,-2.3999999999999986,0.23170731707317074,82,0.4146341463414634,-2.3999999999999986,0.8444208923032044,0,0.3333333333333333,128,0.4296875,1.1205158345067838,2.420668032152273,0.018911469001189632,-2.382059243261642,0.21875,128,0.4296875,-2.382059243261642,1.0327727580957027,20,0.5,324,0.43209876543209874,1.1882639253317477,8.055435399630346,0.0248624549371307,-3.793181390427536,0.4567901234567901,324,0.43209876543209874,-3.793181390427536,0.31034945673013803,3,0.5294117647058824
SPXW,"d50ret,d65ret,d80_zero",0.0,1,score_desc,d50ret,22,1,30,False,False,False,False,False,-19.32432689549925,16.586295303606832,-19.32432689549925,82,0.4146341463414634,1.2303867458344784,2.960608889224795,0.03610498645396091,-2.3999999999999986,0.23170731707317074,82,0.4146341463414634,-2.3999999999999986,0.8444208923032044,0,0.3333333333333333,128,0.4296875,1.1205158345067838,2.420668032152273,0.018911469001189632,-2.382059243261642,0.21875,128,0.4296875,-2.382059243261642,1.0327727580957027,20,0.5,324,0.43209876543209874,1.1882639253317477,8.055435399630346,0.0248624549371307,-3.793181390427536,0.4567901234567901,324,0.43209876543209874,-3.793181390427536,0.31034945673013803,3,0.5294117647058824
SPXW,"d80,d80_front",0.0,1,score_desc,d65win,21,2,15,False,False,False,False,False,-19.382255689134762,21.951531302616136,-19.382255689134762,105,0.45714285714285713,1.1677498287891321,2.13838666888188,0.02036558732268457,-1.9559993005614766,0.21904761904761905,92,0.4782608695652174,-1.9559993005614769,1.3018702272078626,0,0.5,137,0.48905109489051096,1.2703594067369701,4.984412956009367,0.03638257632123625,-2.0614456860695425,0.12408759124087591,124,0.47580645161290325,-2.0614456860695434,0.5644548678222101,21,0.6666666666666666,371,0.4716981132075472,1.2426459459585695,10.648694673819652,0.028702681061508493,-3.411406671814456,0.40970350404312667,333,0.46846846846846846,-3.411406671814456,0.38252600261438235,11,0.6470588235294118
SPXW,"d80,d80_front",0.0,1,score_desc,d65win,21,2,30,False,False,False,False,False,-19.382255689134762,21.863940061740223,-19.382255689134762,105,0.45714285714285713,1.1677498287891321,2.13838666888188,0.02036558732268457,-1.9559993005614766,0.21904761904761905,92,0.4782608695652174,-1.9559993005614769,1.3018702272078626,0,0.5,137,0.48905109489051096,1.2703594067369701,4.984412956009367,0.03638257632123625,-2.0614456860695425,0.11678832116788321,124,0.47580645161290325,-2.0614456860695434,0.6626944051975675,21,0.6666666666666666,370,0.46756756756756757,1.237545468543961,10.329369114611005,0.027917213823272988,-4.298905852480045,0.4135135135135135,334,0.46107784431137727,-4.298905852480045,0.360720162955098,11,0.6470588235294118
SPXW,d80,-999999.0,1,score_desc,d80,21,1,0,False,False,False,False,False,-8.214906859538331,-19.40148940426745,-19.40148940426745,61,0.5901639344262295,1.8803003616361051,5.795418449978902,0.0950068598357197,-1.4583223871185822,0.19672131147540983,61,0.5901639344262295,-1.4583223871185822,0.4313752357276464,0,0.5,103,0.4563106796116505,1.198863350372056,3.162971151978314,0.030708457786197223,-2.455556965406259,0.08737864077669903,103,0.4563106796116505,-2.455556965406259,0.7903960801022002,0,0.6666666666666666,275,0.4618181818181818,1.28176766162473,9.406765133603571,0.03420641866764935,-2.8904611199544004,0.4509090909090909,275,0.4618181818181818,-2.8904611199544004,0.26576617620326326,0,0.5882352941176471
SPXW,d80,-999999.0,1,score_desc,d80,21,1,15,False,False,False,False,False,-8.214906859538331,-19.40148940426745,-19.40148940426745,61,0.5901639344262295,1.8803003616361051,5.795418449978902,0.0950068598357197,-1.4583223871185822,0.19672131147540983,61,0.5901639344262295,-1.4583223871185822,0.4313752357276464,0,0.5,103,0.4563106796116505,1.198863350372056,3.162971151978314,0.030708457786197223,-2.455556965406259,0.08737864077669903,103,0.4563106796116505,-2.455556965406259,0.7903960801022002,0,0.6666666666666666,275,0.4618181818181818,1.28176766162473,9.406765133603571,0.03420641866764935,-2.8904611199544004,0.4509090909090909,275,0.4618181818181818,-2.8904611199544004,0.26576617620326326,0,0.5882352941176471
SPXW,d80,-999999.0,1,score_desc,d80,21,1,30,False,False,False,False,False,-8.214906859538331,-19.40148940426745,-19.40148940426745,61,0.5901639344262295,1.8803003616361051,5.795418449978902,0.0950068598357197,-1.4583223871185822,0.19672131147540983,61,0.5901639344262295,-1.4583223871185822,0.4313752357276464,0,0.5,103,0.4563106796116505,1.198863350372056,3.162971151978314,0.030708457786197223,-2.455556965406259,0.08737864077669903,103,0.4563106796116505,-2.455556965406259,0.7903960801022002,0,0.6666666666666666,275,0.4618181818181818,1.28176766162473,9.406765133603571,0.03420641866764935,-2.8904611199544004,0.4509090909090909,275,0.4618181818181818,-2.8904611199544004,0.26576617620326326,0,0.5882352941176471
SPXW,d80,0.0,1,score_desc,d80,21,1,0,False,False,False,False,False,-8.214906859538331,-19.40148940426745,-19.40148940426745,61,0.5901639344262295,1.8803003616361051,5.795418449978902,0.0950068598357197,-1.4583223871185822,0.19672131147540983,61,0.5901639344262295,-1.4583223871185822,0.4313752357276464,0,0.5,103,0.4563106796116505,1.198863350372056,3.162971151978314,0.030708457786197223,-2.455556965406259,0.08737864077669903,103,0.4563106796116505,-2.455556965406259,0.7903960801022002,0,0.6666666666666666,274,0.45985401459854014,1.2667907988231821,8.90676513360357,0.03250644209344368,-2.8904611199544004,0.45255474452554745,274,0.45985401459854014,-2.8904611199544004,0.2806855196583061,0,0.5882352941176471
SPXW,d80,0.0,1,score_desc,d80,21,1,15,False,False,False,False,False,-8.214906859538331,-19.40148940426745,-19.40148940426745,61,0.5901639344262295,1.8803003616361051,5.795418449978902,0.0950068598357197,-1.4583223871185822,0.19672131147540983,61,0.5901639344262295,-1.4583223871185822,0.4313752357276464,0,0.5,103,0.4563106796116505,1.198863350372056,3.162971151978314,0.030708457786197223,-2.455556965406259,0.08737864077669903,103,0.4563106796116505,-2.455556965406259,0.7903960801022002,0,0.6666666666666666,274,0.45985401459854014,1.2667907988231821,8.90676513360357,0.03250644209344368,-2.8904611199544004,0.45255474452554745,274,0.45985401459854014,-2.8904611199544004,0.2806855196583061,0,0.5882352941176471
SPXW,d80,0.0,1,score_desc,d80,21,1,30,False,False,False,False,False,-8.214906859538331,-19.40148940426745,-19.40148940426745,61,0.5901639344262295,1.8803003616361051,5.795418449978902,0.0950068598357197,-1.4583223871185822,0.19672131147540983,61,0.5901639344262295,-1.4583223871185822,0.4313752357276464,0,0.5,103,0.4563106796116505,1.198863350372056,3.162971151978314,0.030708457786197223,-2.455556965406259,0.08737864077669903,103,0.4563106796116505,-2.455556965406259,0.7903960801022002,0,0.6666666666666666,274,0.45985401459854014,1.2667907988231821,8.90676513360357,0.03250644209344368,-2.8904611199544004,0.45255474452554745,274,0.45985401459854014,-2.8904611199544004,0.2806855196583061,0,0.5882352941176471
SPXW,"d80,d80_front",0.0,1,score_desc,d65win,21,2,0,False,False,False,False,False,-19.419840272042283,21.748233756446037,-19.419840272042283,105,0.45714285714285713,1.1664854914689067,2.1148276059735798,0.020141215294986473,-1.9559993005614766,0.21904761904761905,92,0.4782608695652174,-1.9559993005614769,1.316372989747277,0,0.5,137,0.48905109489051096,1.2635114316131193,4.858161991259474,0.0354610364325509,-2.1876966508194355,0.12408759124087591,124,0.46774193548387094,-2.1876966508194355,0.5791235782827793,21,0.6666666666666666,371,0.4716981132075472,1.2488618540921308,10.93674137343255,0.029479087259926012,-3.5175771392951525,0.40431266846361186,332,0.4759036144578313,-3.5175771392951525,0.3433266338133077,11,0.6470588235294118
SPXW,d80,-999999.0,1,score_desc,d80_front,22,3,0,False,False,False,False,False,-19.455695250909194,21.471463656631087,-19.455695250909194,108,0.4537037037037037,1.167188182588819,2.153726675574219,0.01994191366272425,-1.902462099863407,0.25925925925925924,102,0.46078431372549017,-1.902462099863407,1.254055512274431,0,0.5,137,0.46715328467153283,1.2624092605006167,4.859686194230951,0.03547216200168578,-2.2774802861251224,0.11678832116788321,123,0.45528455284552843,-2.2774802861251224,0.6894672695181893,20,0.8333333333333334,384,0.4713541666666667,1.2510867059722668,11.249555457958753,0.029295717338434252,-2.842053138820037,0.4296875,331,0.47129909365558914,-2.842053138820037,0.32847355568364234,20,0.7058823529411765
SPXW,d80,-999999.0,1,score_desc,d80_front,22,4,0,False,False,False,False,False,-19.455695250909194,21.471463656631087,-19.455695250909194,108,0.4537037037037037,1.167188182588819,2.153726675574219,0.01994191366272425,-1.902462099863407,0.25925925925925924,102,0.46078431372549017,-1.902462099863407,1.254055512274431,0,0.5,137,0.46715328467153283,1.2624092605006167,4.859686194230951,0.03547216200168578,-2.2774802861251224,0.11678832116788321,123,0.45528455284552843,-2.2774802861251224,0.6894672695181893,20,0.8333333333333334,384,0.4713541666666667,1.2510867059722668,11.249555457958753,0.029295717338434252,-2.842053138820037,0.4296875,331,0.47129909365558914,-2.842053138820037,0.32847355568364234,20,0.7058823529411765
SPXW,d80,-999999.0,1,score_desc,d80_front,22,2,0,False,False,False,False,False,-19.455695250909194,21.069892982438965,-19.455695250909194,108,0.4537037037037037,1.167188182588819,2.153726675574219,0.01994191366272425,-1.902462099863407,0.25925925925925924,102,0.46078431372549017,-1.902462099863407,1.254055512274431,0,0.5,136,0.47058823529411764,1.260770475174294,4.812048237575814,0.03538270762923393,-2.336288518455879,0.11029411764705882,123,0.45528455284552843,-2.336288518455879,0.6490527412222444,20,0.6666666666666666,384,0.4661458333333333,1.2366929116180638,10.537118295162637,0.027440412226986035,-2.842053138820037,0.4296875,333,0.4744744744744745,-2.842053138820037,0.31996901568869257,20,0.5882352941176471
SPXW,d80,0.0,1,score_desc,d80_front,22,3,0,False,False,False,False,False,-19.455695250909194,21.471463656631087,-19.455695250909194,108,0.4537037037037037,1.167188182588819,2.153726675574219,0.01994191366272425,-1.902462099863407,0.25925925925925924,102,0.46078431372549017,-1.902462099863407,1.254055512274431,0,0.5,137,0.46715328467153283,1.2624092605006167,4.859686194230951,0.03547216200168578,-2.2774802861251224,0.11678832116788321,123,0.45528455284552843,-2.2774802861251224,0.6894672695181893,20,0.8333333333333334,373,0.46380697050938335,1.200365212409309,8.81502070081704,0.023632763272967938,-4.551294388079286,0.4262734584450402,316,0.4620253164556962,-4.551294388079286,0.4260889387143433,12,0.6470588235294118
SPXW,d80,0.0,1,score_desc,d80_front,22,4,0,False,False,False,False,False,-19.455695250909194,21.471463656631087,-19.455695250909194,108,0.4537037037037037,1.167188182588819,2.153726675574219,0.01994191366272425,-1.902462099863407,0.25925925925925924,102,0.46078431372549017,-1.902462099863407,1.254055512274431,0,0.5,137,0.46715328467153283,1.2624092605006167,4.859686194230951,0.03547216200168578,-2.2774802861251224,0.11678832116788321,123,0.45528455284552843,-2.2774802861251224,0.6894672695181893,20,0.8333333333333334,373,0.46380697050938335,1.200365212409309,8.81502070081704,0.023632763272967938,-4.551294388079286,0.4262734584450402,316,0.4620253164556962,-4.551294388079286,0.4260889387143433,12,0.6470588235294118
SPXW,d80,0.0,1,score_desc,d80_front,22,2,0,False,False,False,False,False,-19.455695250909194,21.069892982438965,-19.455695250909194,108,0.4537037037037037,1.167188182588819,2.153726675574219,0.01994191366272425,-1.902462099863407,0.25925925925925924,102,0.46078431372549017,-1.902462099863407,1.254055512274431,0,0.5,136,0.47058823529411764,1.260770475174294,4.812048237575814,0.03538270762923393,-2.336288518455879,0.11029411764705882,123,0.45528455284552843,-2.336288518455879,0.6490527412222444,20,0.6666666666666666,373,0.4584450402144772,1.1853739553618763,8.102583538020927,0.021722744069761196,-4.551294388079286,0.4262734584450402,318,0.46540880503144655,-4.551294388079287,0.43011455012065763,12,0.5294117647058824
SPXW,"d65ret,d80_front,d80_zero",0.0,1,score_desc,d80_zero,21,1,0,False,False,False,False,False,-19.486822745956047,-10.107462641579867,-19.486822745956047,82,0.4268292682926829,1.2094723968272736,2.671873056657925,0.03258381776412104,-2.399999999999999,0.21951219512195122,82,0.4268292682926829,-2.399999999999999,0.9356731951656003,0,0.3333333333333333,128,0.40625,0.9563618393711425,-0.9148920543579786,-0.007147594174671708,-3.3902057147944484,0.25,128,0.40625,-3.3902057147944484,-2.732562806826827,20,0.5,339,0.4631268436578171,1.2333122594941508,10.437803447561599,0.030789980671273153,-3.2667898570046052,0.4749262536873156,339,0.4631268436578171,-3.2667898570046052,0.2395139947365105,18,0.8235294117647058
SPXW,"d65ret,d80_front,d80_zero",0.0,1,score_desc,d80_zero,21,1,15,False,False,False,False,False,-19.486822745956047,-10.107462641579867,-19.486822745956047,82,0.4268292682926829,1.2094723968272736,2.671873056657925,0.03258381776412104,-2.399999999999999,0.21951219512195122,82,0.4268292682926829,-2.399999999999999,0.9356731951656003,0,0.3333333333333333,128,0.40625,0.9563618393711425,-0.9148920543579786,-0.007147594174671708,-3.3902057147944484,0.25,128,0.40625,-3.3902057147944484,-2.732562806826827,20,0.5,339,0.4631268436578171,1.2333122594941508,10.437803447561599,0.030789980671273153,-3.2667898570046052,0.4749262536873156,339,0.4631268436578171,-3.2667898570046052,0.2395139947365105,18,0.8235294117647058
SPXW,"d65ret,d80_front,d80_zero",0.0,1,score_desc,d80_zero,21,1,30,False,False,False,False,False,-19.486822745956047,-10.107462641579867,-19.486822745956047,82,0.4268292682926829,1.2094723968272736,2.671873056657925,0.03258381776412104,-2.399999999999999,0.21951219512195122,82,0.4268292682926829,-2.399999999999999,0.9356731951656003,0,0.3333333333333333,128,0.40625,0.9563618393711425,-0.9148920543579786,-0.007147594174671708,-3.3902057147944484,0.25,128,0.40625,-3.3902057147944484,-2.732562806826827,20,0.5,339,0.4631268436578171,1.2333122594941508,10.437803447561599,0.030789980671273153,-3.2667898570046052,0.4749262536873156,339,0.4631268436578171,-3.2667898570046052,0.2395139947365105,18,0.8235294117647058
SPXW,"d65ret,d80_front,d80_zero",0.0,1,score_desc,d80_zero,22,1,0,False,False,False,False,False,-19.486822745956047,13.69918132240615,-19.486822745956047,82,0.4268292682926829,1.2094723968272736,2.671873056657925,0.03258381776412104,-2.399999999999999,0.21951219512195122,82,0.4268292682926829,-2.399999999999999,0.9356731951656003,0,0.3333333333333333,128,0.421875,1.033640758972221,0.6851079456420215,0.005352405825328293,-2.140269066190794,0.25,128,0.421875,-2.140269066190794,3.6490599998183133,20,0.5,340,0.46176470588235297,1.2250970208530683,10.137803447561598,0.029817068963416467,-3.2667898570046052,0.4764705882352941,340,0.46176470588235297,-3.2667898570046052,0.24660174296447956,18,0.8235294117647058
SPXW,"d65ret,d80_front,d80_zero",0.0,1,score_desc,d80_zero,22,1,15,False,False,False,False,False,-19.486822745956047,13.69918132240615,-19.486822745956047,82,0.4268292682926829,1.2094723968272736,2.671873056657925,0.03258381776412104,-2.399999999999999,0.21951219512195122,82,0.4268292682926829,-2.399999999999999,0.9356731951656003,0,0.3333333333333333,128,0.421875,1.033640758972221,0.6851079456420215,0.005352405825328293,-2.140269066190794,0.25,128,0.421875,-2.140269066190794,3.6490599998183133,20,0.5,340,0.46176470588235297,1.2250970208530683,10.137803447561598,0.029817068963416467,-3.2667898570046052,0.4764705882352941,340,0.46176470588235297,-3.2667898570046052,0.24660174296447956,18,0.8235294117647058
SPXW,"d65ret,d80_front,d80_zero",0.0,1,score_desc,d80_zero,22,1,30,False,False,False,False,False,-19.486822745956047,13.69918132240615,-19.486822745956047,82,0.4268292682926829,1.2094723968272736,2.671873056657925,0.03258381776412104,-2.399999999999999,0.21951219512195122,82,0.4268292682926829,-2.399999999999999,0.9356731951656003,0,0.3333333333333333,128,0.421875,1.033640758972221,0.6851079456420215,0.005352405825328293,-2.140269066190794,0.25,128,0.421875,-2.140269066190794,3.6490599998183133,20,0.5,340,0.46176470588235297,1.2250970208530683,10.137803447561598,0.029817068963416467,-3.2667898570046052,0.4764705882352941,340,0.46176470588235297,-3.2667898570046052,0.24660174296447956,18,0.8235294117647058
SPXW,"d65ret,d80_front,d80_zero",-999999.0,1,score_desc,d80_zero,22,1,0,False,False,False,False,False,-19.486822745956047,13.69918132240615,-19.486822745956047,82,0.4268292682926829,1.2094723968272736,2.671873056657925,0.03258381776412104,-2.399999999999999,0.21951219512195122,82,0.4268292682926829,-2.399999999999999,0.9356731951656003,0,0.3333333333333333,128,0.421875,1.033640758972221,0.6851079456420215,0.005352405825328293,-2.140269066190794,0.25,128,0.421875,-2.140269066190794,3.6490599998183133,20,0.5,349,0.45558739255014324,1.2059729956486216,9.552010048523233,0.027369656299493502,-3.493696047243729,0.47564469914040114,349,0.45558739255014324,-3.493696047243729,0.26172501780256263,19,0.8823529411764706
SPXW,"d65ret,d80_front,d80_zero",-999999.0,1,score_desc,d80_zero,22,1,15,False,False,False,False,False,-19.486822745956047,13.69918132240615,-19.486822745956047,82,0.4268292682926829,1.2094723968272736,2.671873056657925,0.03258381776412104,-2.399999999999999,0.21951219512195122,82,0.4268292682926829,-2.399999999999999,0.9356731951656003,0,0.3333333333333333,128,0.421875,1.033640758972221,0.6851079456420215,0.005352405825328293,-2.140269066190794,0.25,128,0.421875,-2.140269066190794,3.6490599998183133,20,0.5,349,0.45558739255014324,1.2059729956486216,9.552010048523233,0.027369656299493502,-3.493696047243729,0.47564469914040114,349,0.45558739255014324,-3.493696047243729,0.26172501780256263,19,0.8823529411764706
SPXW,"d65ret,d80_front,d80_zero",-999999.0,1,score_desc,d80_zero,22,1,30,False,False,False,False,False,-19.486822745956047,13.69918132240615,-19.486822745956047,82,0.4268292682926829,1.2094723968272736,2.671873056657925,0.03258381776412104,-2.399999999999999,0.21951219512195122,82,0.4268292682926829,-2.399999999999999,0.9356731951656003,0,0.3333333333333333,128,0.421875,1.033640758972221,0.6851079456420215,0.005352405825328293,-2.140269066190794,0.25,128,0.421875,-2.140269066190794,3.6490599998183133,20,0.5,349,0.45558739255014324,1.2059729956486216,9.552010048523233,0.027369656299493502,-3.493696047243729,0.47564469914040114,349,0.45558739255014324,-3.493696047243729,0.26172501780256263,19,0.8823529411764706
SPXW,"d65ret,d80_front",0.0,1,score_desc,d80_zero,21,1,0,False,False,False,False,False,-19.486822745956047,-10.69632436472734,-19.486822745956047,82,0.4268292682926829,1.2094723968272736,2.671873056657925,0.03258381776412104,-2.399999999999999,0.21951219512195122,82,0.4268292682926829,-2.399999999999999,0.9356731951656003,0,0.3333333333333333,128,0.4140625,0.9378611544468509,-1.2391369836212225,-0.0096807576845408,-2.9687348235080018,0.25,128,0.4140625,-2.9687348235080018,-2.0175331969303856,20,0.5,339,0.45722713864306785,1.1944397065998495,8.758753578688935,0.02583703120557208,-3.461099896826681,0.4778761061946903,339,0.45722713864306785,-3.461099896826681,0.2854287402356872,18,0.7647058823529411
SPXW,"d65ret,d80_front",0.0,1,score_desc,d80_zero,21,1,15,False,False,False,False,False,-19.486822745956047,-10.69632436472734,-19.486822745956047,82,0.4268292682926829,1.2094723968272736,2.671873056657925,0.03258381776412104,-2.399999999999999,0.21951219512195122,82,0.4268292682926829,-2.399999999999999,0.9356731951656003,0,0.3333333333333333,128,0.4140625,0.9378611544468509,-1.2391369836212225,-0.0096807576845408,-2.9687348235080018,0.25,128,0.4140625,-2.9687348235080018,-2.0175331969303856,20,0.5,339,0.45722713864306785,1.1944397065998495,8.758753578688935,0.02583703120557208,-3.461099896826681,0.4778761061946903,339,0.45722713864306785,-3.461099896826681,0.2854287402356872,18,0.7647058823529411
SPXW,"d65ret,d80_front",0.0,1,score_desc,d80_zero,21,1,30,False,False,False,False,False,-19.486822745956047,-10.69632436472734,-19.486822745956047,82,0.4268292682926829,1.2094723968272736,2.671873056657925,0.03258381776412104,-2.399999999999999,0.21951219512195122,82,0.4268292682926829,-2.399999999999999,0.9356731951656003,0,0.3333333333333333,128,0.4140625,0.9378611544468509,-1.2391369836212225,-0.0096807576845408,-2.9687348235080018,0.25,128,0.4140625,-2.9687348235080018,-2.0175331969303856,20,0.5,339,0.45722713864306785,1.1944397065998495,8.758753578688935,0.02583703120557208,-3.461099896826681,0.4778761061946903,339,0.45722713864306785,-3.461099896826681,0.2854287402356872,18,0.7647058823529411
SPXW,"d65ret,d80_front,d80_zero",-999999.0,1,score_desc,d80_zero,21,1,0,False,False,False,False,False,-19.486822745956047,-10.107462641579867,-19.486822745956047,82,0.4268292682926829,1.2094723968272736,2.671873056657925,0.03258381776412104,-2.399999999999999,0.21951219512195122,82,0.4268292682926829,-2.399999999999999,0.9356731951656003,0,0.3333333333333333,128,0.40625,0.9563618393711425,-0.9148920543579786,-0.007147594174671708,-3.3902057147944484,0.25,128,0.40625,-3.3902057147944484,-2.732562806826827,20,0.5,349,0.45272206303724927,1.1905708706158558,8.894906835919343,0.02548683907140213,-3.493696047243729,0.47564469914040114,349,0.45272206303724927,-3.493696047243729,0.2810597172198049,19,0.8235294117647058
SPXW,"d65ret,d80_front,d80_zero",-999999.0,1,score_desc,d80_zero,21,1,15,False,False,False,False,False,-19.486822745956047,-10.107462641579867,-19.486822745956047,82,0.4268292682926829,1.2094723968272736,2.671873056657925,0.03258381776412104,-2.399999999999999,0.21951219512195122,82,0.4268292682926829,-2.399999999999999,0.9356731951656003,0,0.3333333333333333,128,0.40625,0.9563618393711425,-0.9148920543579786,-0.007147594174671708,-3.3902057147944484,0.25,128,0.40625,-3.3902057147944484,-2.732562806826827,20,0.5,349,0.45272206303724927,1.1905708706158558,8.894906835919343,0.02548683907140213,-3.493696047243729,0.47564469914040114,349,0.45272206303724927,-3.493696047243729,0.2810597172198049,19,0.8235294117647058
SPXW,"d65ret,d80_front,d80_zero",-999999.0,1,score_desc,d80_zero,21,1,30,False,False,False,False,False,-19.486822745956047,-10.107462641579867,-19.486822745956047,82,0.4268292682926829,1.2094723968272736,2.671873056657925,0.03258381776412104,-2.399999999999999,0.21951219512195122,82,0.4268292682926829,-2.399999999999999,0.9356731951656003,0,0.3333333333333333,128,0.40625,0.9563618393711425,-0.9148920543579786,-0.007147594174671708,-3.3902057147944484,0.25,128,0.40625,-3.3902057147944484,-2.732562806826827,20,0.5,349,0.45272206303724927,1.1905708706158558,8.894906835919343,0.02548683907140213,-3.493696047243729,0.47564469914040114,349,0.45272206303724927,-3.493696047243729,0.2810597172198049,19,0.8235294117647058
SPXW,"d65ret,d80_front",0.0,1,score_desc,d80_zero,22,1,0,False,False,False,False,False,-19.486822745956047,-7.7132900659353485,-19.486822745956047,82,0.4268292682926829,1.2094723968272736,2.671873056657925,0.03258381776412104,-2.399999999999999,0.21951219512195122,82,0.4268292682926829,-2.399999999999999,0.9356731951656003,0,0.3333333333333333,128,0.421875,0.9919359365485424,-0.15927034683121088,-0.001244299584618835,-2.140269066190794,0.25,128,0.421875,-2.140269066190794,-15.69658162827643,20,0.5,340,0.45588235294117646,1.1865375543632084,8.458753578688935,0.024878686996143925,-3.461099896826681,0.47941176470588237,340,0.45588235294117646,-3.461099896826681,0.2955518182133269,18,0.7647058823529411
SPXW,"d65ret,d80_front",0.0,1,score_desc,d80_zero,22,1,15,False,False,False,False,False,-19.486822745956047,-7.7132900659353485,-19.486822745956047,82,0.4268292682926829,1.2094723968272736,2.671873056657925,0.03258381776412104,-2.399999999999999,0.21951219512195122,82,0.4268292682926829,-2.399999999999999,0.9356731951656003,0,0.3333333333333333,128,0.421875,0.9919359365485424,-0.15927034683121088,-0.001244299584618835,-2.140269066190794,0.25,128,0.421875,-2.140269066190794,-15.69658162827643,20,0.5,340,0.45588235294117646,1.1865375543632084,8.458753578688935,0.024878686996143925,-3.461099896826681,0.47941176470588237,340,0.45588235294117646,-3.461099896826681,0.2955518182133269,18,0.7647058823529411
SPXW,"d65ret,d80_front",0.0,1,score_desc,d80_zero,22,1,30,False,False,False,False,False,-19.486822745956047,-7.7132900659353485,-19.486822745956047,82,0.4268292682926829,1.2094723968272736,2.671873056657925,0.03258381776412104,-2.399999999999999,0.21951219512195122,82,0.4268292682926829,-2.399999999999999,0.9356731951656003,0,0.3333333333333333,128,0.421875,0.9919359365485424,-0.15927034683121088,-0.001244299584618835,-2.140269066190794,0.25,128,0.421875,-2.140269066190794,-15.69658162827643,20,0.5,340,0.45588235294117646,1.1865375543632084,8.458753578688935,0.024878686996143925,-3.461099896826681,0.47941176470588237,340,0.45588235294117646,-3.461099896826681,0.2955518182133269,18,0.7647058823529411
SPXW,"d65ret,d80_front",-999999.0,1,score_desc,d80_zero,21,1,0,False,False,False,False,False,-19.486822745956047,-10.69632436472734,-19.486822745956047,82,0.4268292682926829,1.2094723968272736,2.671873056657925,0.03258381776412104,-2.399999999999999,0.21951219512195122,82,0.4268292682926829,-2.399999999999999,0.9356731951656003,0,0.3333333333333333,128,0.4140625,0.9378611544468509,-1.2391369836212225,-0.0096807576845408,-2.9687348235080018,0.25,128,0.4140625,-2.9687348235080018,-2.0175331969303856,20,0.5,348,0.4511494252873563,1.1830034178528364,8.439581578921882,0.024251671203798512,-3.688006087065805,0.47413793103448276,348,0.4511494252873563,-3.688006087065805,0.2962232163551601,19,0.8235294117647058
SPXW,"d65ret,d80_front",-999999.0,1,score_desc,d80_zero,21,1,15,False,False,False,False,False,-19.486822745956047,-10.69632436472734,-19.486822745956047,82,0.4268292682926829,1.2094723968272736,2.671873056657925,0.03258381776412104,-2.399999999999999,0.21951219512195122,82,0.4268292682926829,-2.399999999999999,0.9356731951656003,0,0.3333333333333333,128,0.4140625,0.9378611544468509,-1.2391369836212225,-0.0096807576845408,-2.9687348235080018,0.25,128,0.4140625,-2.9687348235080018,-2.0175331969303856,20,0.5,348,0.4511494252873563,1.1830034178528364,8.439581578921882,0.024251671203798512,-3.688006087065805,0.47413793103448276,348,0.4511494252873563,-3.688006087065805,0.2962232163551601,19,0.8235294117647058
SPXW,"d65ret,d80_front",-999999.0,1,score_desc,d80_zero,21,1,30,False,False,False,False,False,-19.486822745956047,-10.69632436472734,-19.486822745956047,82,0.4268292682926829,1.2094723968272736,2.671873056657925,0.03258381776412104,-2.399999999999999,0.21951219512195122,82,0.4268292682926829,-2.399999999999999,0.9356731951656003,0,0.3333333333333333,128,0.4140625,0.9378611544468509,-1.2391369836212225,-0.0096807576845408,-2.9687348235080018,0.25,128,0.4140625,-2.9687348235080018,-2.0175331969303856,20,0.5,348,0.4511494252873563,1.1830034178528364,8.439581578921882,0.024251671203798512,-3.688006087065805,0.47413793103448276,348,0.4511494252873563,-3.688006087065805,0.2962232163551601,19,0.8235294117647058
SPXW,"d65ret,d80_front",-999999.0,1,score_desc,d80_zero,22,1,0,False,False,False,False,False,-19.486822745956047,-7.7132900659353485,-19.486822745956047,82,0.4268292682926829,1.2094723968272736,2.671873056657925,0.03258381776412104,-2.399999999999999,0.21951219512195122,82,0.4268292682926829,-2.399999999999999,0.9356731951656003,0,0.3333333333333333,128,0.421875,0.9919359365485424,-0.15927034683121088,-0.001244299584618835,-2.140269066190794,0.25,128,0.421875,-2.140269066190794,-15.69658162827643,20,0.5,349,0.4498567335243553,1.1753575018311953,8.13958157892188,0.023322583320693067,-3.688006087065805,0.47564469914040114,349,0.4498567335243553,-3.688006087065805,0.3071410951238521,19,0.8235294117647058
SPXW,"d65ret,d80_front",-999999.0,1,score_desc,d80_zero,22,1,15,False,False,False,False,False,-19.486822745956047,-7.7132900659353485,-19.486822745956047,82,0.4268292682926829,1.2094723968272736,2.671873056657925,0.03258381776412104,-2.399999999999999,0.21951219512195122,82,0.4268292682926829,-2.399999999999999,0.9356731951656003,0,0.3333333333333333,128,0.421875,0.9919359365485424,-0.15927034683121088,-0.001244299584618835,-2.140269066190794,0.25,128,0.421875,-2.140269066190794,-15.69658162827643,20,0.5,349,0.4498567335243553,1.1753575018311953,8.13958157892188,0.023322583320693067,-3.688006087065805,0.47564469914040114,349,0.4498567335243553,-3.688006087065805,0.3071410951238521,19,0.8235294117647058
SPXW,"d65ret,d80_front",-999999.0,1,score_desc,d80_zero,22,1,30,False,False,False,False,False,-19.486822745956047,-7.7132900659353485,-19.486822745956047,82,0.4268292682926829,1.2094723968272736,2.671873056657925,0.03258381776412104,-2.399999999999999,0.21951219512195122,82,0.4268292682926829,-2.399999999999999,0.9356731951656003,0,0.3333333333333333,128,0.421875,0.9919359365485424,-0.15927034683121088,-0.001244299584618835,-2.140269066190794,0.25,128,0.421875,-2.140269066190794,-15.69658162827643,20,0.5,349,0.4498567335243553,1.1753575018311953,8.13958157892188,0.023322583320693067,-3.688006087065805,0.47564469914040114,349,0.4498567335243553,-3.688006087065805,0.3071410951238521,19,0.8235294117647058
SPXW,"d50ret,d65ret,d80_front",-999999.0,1,score_desc,d80_zero,22,1,0,False,False,False,False,False,-19.486822745956047,-10.773487655086447,-19.486822745956047,82,0.4268292682926829,1.2094723968272736,2.671873056657925,0.03258381776412104,-2.399999999999999,0.21951219512195122,82,0.4268292682926829,-2.399999999999999,0.9356731951656003,0,0.3333333333333333,128,0.390625,0.9549706847711016,-0.9710212159459051,-0.007586103249577383,-4.023999824472095,0.265625,128,0.390625,-4.023999824472095,-2.5746090393757917,20,0.5,350,0.42857142857142855,1.1311049258492214,6.448134186829236,0.01842324053379782,-4.112936731838371,0.4228571428571429,350,0.42857142857142855,-4.112936731838371,0.38770905312523185,19,0.6470588235294118
SPXW,"d50ret,d65ret,d80_front",-999999.0,1,score_desc,d80_zero,22,1,15,False,False,False,False,False,-19.486822745956047,-10.773487655086447,-19.486822745956047,82,0.4268292682926829,1.2094723968272736,2.671873056657925,0.03258381776412104,-2.399999999999999,0.21951219512195122,82,0.4268292682926829,-2.399999999999999,0.9356731951656003,0,0.3333333333333333,128,0.390625,0.9549706847711016,-0.9710212159459051,-0.007586103249577383,-4.023999824472095,0.265625,128,0.390625,-4.023999824472095,-2.5746090393757917,20,0.5,350,0.42857142857142855,1.1311049258492214,6.448134186829236,0.01842324053379782,-4.112936731838371,0.4228571428571429,350,0.42857142857142855,-4.112936731838371,0.38770905312523185,19,0.6470588235294118
SPXW,"d50ret,d65ret,d80_front",-999999.0,1,score_desc,d80_zero,22,1,30,False,False,False,False,False,-19.486822745956047,-10.773487655086447,-19.486822745956047,82,0.4268292682926829,1.2094723968272736,2.671873056657925,0.03258381776412104,-2.399999999999999,0.21951219512195122,82,0.4268292682926829,-2.399999999999999,0.9356731951656003,0,0.3333333333333333,128,0.390625,0.9549706847711016,-0.9710212159459051,-0.007586103249577383,-4.023999824472095,0.265625,128,0.390625,-4.023999824472095,-2.5746090393757917,20,0.5,350,0.42857142857142855,1.1311049258492214,6.448134186829236,0.01842324053379782,-4.112936731838371,0.4228571428571429,350,0.42857142857142855,-4.112936731838371,0.38770905312523185,19,0.6470588235294118
SPXW,"d50ret,d65ret,d80_front",-999999.0,1,score_desc,d80_zero,21,1,0,False,False,False,False,False,-19.486822745956047,-12.950000329594404,-19.486822745956047,82,0.4268292682926829,1.2094723968272736,2.671873056657925,0.03258381776412104,-2.399999999999999,0.21951219512195122,82,0.4268292682926829,-2.399999999999999,0.9356731951656003,0,0.3333333333333333,128,0.3828125,0.9189990434438723,-1.7710212159459044,-0.013836103249577378,-4.823999824472095,0.2734375,128,0.3828125,-4.823999824472095,-1.4116149357729446,20,0.5,350,0.4257142857142857,1.1170307059366984,5.791030974225346,0.016545802783500988,-4.112936731838371,0.42,350,0.4257142857142857,-4.112936731838371,0.43170205981058835,19,0.6470588235294118
SPXW,"d50ret,d65ret,d80_front",-999999.0,1,score_desc,d80_zero,21,1,15,False,False,False,False,False,-19.486822745956047,-12.950000329594404,-19.486822745956047,82,0.4268292682926829,1.2094723968272736,2.671873056657925,0.03258381776412104,-2.399999999999999,0.21951219512195122,82,0.4268292682926829,-2.399999999999999,0.9356731951656003,0,0.3333333333333333,128,0.3828125,0.9189990434438723,-1.7710212159459044,-0.013836103249577378,-4.823999824472095,0.2734375,128,0.3828125,-4.823999824472095,-1.4116149357729446,20,0.5,350,0.4257142857142857,1.1170307059366984,5.791030974225346,0.016545802783500988,-4.112936731838371,0.42,350,0.4257142857142857,-4.112936731838371,0.43170205981058835,19,0.6470588235294118
SPXW,"d50ret,d65ret,d80_front",-999999.0,1,score_desc,d80_zero,21,1,30,False,False,False,False,False,-19.486822745956047,-12.950000329594404,-19.486822745956047,82,0.4268292682926829,1.2094723968272736,2.671873056657925,0.03258381776412104,-2.399999999999999,0.21951219512195122,82,0.4268292682926829,-2.399999999999999,0.9356731951656003,0,0.3333333333333333,128,0.3828125,0.9189990434438723,-1.7710212159459044,-0.013836103249577378,-4.823999824472095,0.2734375,128,0.3828125,-4.823999824472095,-1.4116149357729446,20,0.5,350,0.4257142857142857,1.1170307059366984,5.791030974225346,0.016545802783500988,-4.112936731838371,0.42,350,0.4257142857142857,-4.112936731838371,0.43170205981058835,19,0.6470588235294118
SPXW,"d50ret,d65ret,d80_front",0.0,1,score_desc,d80_zero,22,1,0,False,False,False,False,False,-19.486822745956047,-10.773487655086447,-19.486822745956047,82,0.4268292682926829,1.2094723968272736,2.671873056657925,0.03258381776412104,-2.399999999999999,0.21951219512195122,82,0.4268292682926829,-2.399999999999999,0.9356731951656003,0,0.3333333333333333,128,0.390625,0.9549706847711016,-0.9710212159459051,-0.007586103249577383,-4.023999824472095,0.265625,128,0.390625,-4.023999824472095,-2.5746090393757917,20,0.5,342,0.4269005847953216,1.1152160646942701,5.636164583167837,0.016480013401075546,-3.6706637550617423,0.4298245614035088,342,0.4269005847953216,-3.6706637550617423,0.4435640519558536,18,0.6470588235294118
SPXW,"d50ret,d65ret,d80_front",0.0,1,score_desc,d80_zero,22,1,15,False,False,False,False,False,-19.486822745956047,-10.773487655086447,-19.486822745956047,82,0.4268292682926829,1.2094723968272736,2.671873056657925,0.03258381776412104,-2.399999999999999,0.21951219512195122,82,0.4268292682926829,-2.399999999999999,0.9356731951656003,0,0.3333333333333333,128,0.390625,0.9549706847711016,-0.9710212159459051,-0.007586103249577383,-4.023999824472095,0.265625,128,0.390625,-4.023999824472095,-2.5746090393757917,20,0.5,342,0.4269005847953216,1.1152160646942701,5.636164583167837,0.016480013401075546,-3.6706637550617423,0.4298245614035088,342,0.4269005847953216,-3.6706637550617423,0.4435640519558536,18,0.6470588235294118
SPXW,"d50ret,d65ret,d80_front",0.0,1,score_desc,d80_zero,22,1,30,False,False,False,False,False,-19.486822745956047,-10.773487655086447,-19.486822745956047,82,0.4268292682926829,1.2094723968272736,2.671873056657925,0.03258381776412104,-2.399999999999999,0.21951219512195122,82,0.4268292682926829,-2.399999999999999,0.9356731951656003,0,0.3333333333333333,128,0.390625,0.9549706847711016,-0.9710212159459051,-0.007586103249577383,-4.023999824472095,0.265625,128,0.390625,-4.023999824472095,-2.5746090393757917,20,0.5,342,0.4269005847953216,1.1152160646942701,5.636164583167837,0.016480013401075546,-3.6706637550617423,0.4298245614035088,342,0.4269005847953216,-3.6706637550617423,0.4435640519558536,18,0.6470588235294118
SPXW,"d50ret,d65ret,d80_front",0.0,1,score_desc,d80_zero,21,1,0,False,False,False,False,False,-19.486822745956047,-12.950000329594404,-19.486822745956047,82,0.4268292682926829,1.2094723968272736,2.671873056657925,0.03258381776412104,-2.399999999999999,0.21951219512195122,82,0.4268292682926829,-2.399999999999999,0.9356731951656003,0,0.3333333333333333,128,0.3828125,0.9189990434438723,-1.7710212159459044,-0.013836103249577378,-4.823999824472095,0.2734375,128,0.3828125,-4.823999824472095,-1.4116149357729446,20,0.5,342,0.4239766081871345,1.1011629750358092,4.979061370563947,0.014558658978257156,-3.6706637550617423,0.4269005847953216,342,0.4239766081871345,-3.6706637550617423,0.5021026683422544,18,0.5882352941176471
SPXW,"d50ret,d65ret,d80_front",0.0,1,score_desc,d80_zero,21,1,15,False,False,False,False,False,-19.486822745956047,-12.950000329594404,-19.486822745956047,82,0.4268292682926829,1.2094723968272736,2.671873056657925,0.03258381776412104,-2.399999999999999,0.21951219512195122,82,0.4268292682926829,-2.399999999999999,0.9356731951656003,0,0.3333333333333333,128,0.3828125,0.9189990434438723,-1.7710212159459044,-0.013836103249577378,-4.823999824472095,0.2734375,128,0.3828125,-4.823999824472095,-1.4116149357729446,20,0.5,342,0.4239766081871345,1.1011629750358092,4.979061370563947,0.014558658978257156,-3.6706637550617423,0.4269005847953216,342,0.4239766081871345,-3.6706637550617423,0.5021026683422544,18,0.5882352941176471
SPXW,"d50ret,d65ret,d80_front",0.0,1,score_desc,d80_zero,21,1,30,False,False,False,False,False,-19.486822745956047,-12.950000329594404,-19.486822745956047,82,0.4268292682926829,1.2094723968272736,2.671873056657925,0.03258381776412104,-2.399999999999999,0.21951219512195122,82,0.4268292682926829,-2.399999999999999,0.9356731951656003,0,0.3333333333333333,128,0.3828125,0.9189990434438723,-1.7710212159459044,-0.013836103249577378,-4.823999824472095,0.2734375,128,0.3828125,-4.823999824472095,-1.4116149357729446,20,0.5,342,0.4239766081871345,1.1011629750358092,4.979061370563947,0.014558658978257156,-3.6706637550617423,0.4269005847953216,342,0.4239766081871345,-3.6706637550617423,0.5021026683422544,18,0.5882352941176471
SPXW,"d65ret,d80_zero",-999999.0,1,score_desc,d80_zero,21,2,0,False,False,False,False,False,-19.517912367748863,-15.124367482298435,-19.517912367748863,84,0.40476190476190477,1.2349841556190604,3.1720217403016333,0.03776216357501944,-2.3999999999999986,0.21428571428571427,82,0.4146341463414634,-2.3999999999999986,0.7881408781776731,0,0.3333333333333333,126,0.373015873015873,0.8943910311813744,-2.3114769902102217,-0.0183450554778589,-3.9167422653952424,0.23015873015873015,117,0.39316239316239315,-3.702807292442383,-1.1652567011381318,18,0.3333333333333333,351,0.42165242165242167,1.0471056445726523,2.5396341680591803,0.007235424980225585,-3.4722141524728904,0.452991452991453,334,0.4281437125748503,-3.4722141524728904,1.632238234402976,7,0.5882352941176471
SPXW,"d65ret,d80_zero",-999999.0,1,score_desc,d80_zero,21,2,15,False,False,False,False,False,-19.517912367748863,-15.124367482298435,-19.517912367748863,84,0.40476190476190477,1.2349841556190604,3.1720217403016333,0.03776216357501944,-2.3999999999999986,0.21428571428571427,82,0.4146341463414634,-2.3999999999999986,0.7881408781776731,0,0.3333333333333333,126,0.373015873015873,0.8943910311813744,-2.3114769902102217,-0.0183450554778589,-3.9167422653952424,0.23015873015873015,117,0.39316239316239315,-3.702807292442383,-1.1652567011381318,18,0.3333333333333333,351,0.42165242165242167,1.0471056445726523,2.5396341680591803,0.007235424980225585,-3.4722141524728904,0.452991452991453,334,0.4281437125748503,-3.4722141524728904,1.632238234402976,7,0.5882352941176471
SPXW,"d65ret,d80_zero",-999999.0,1,score_desc,d80_zero,21,2,30,False,False,False,False,False,-19.517912367748863,-12.953275337568627,-19.517912367748863,84,0.40476190476190477,1.2349841556190604,3.1720217403016333,0.03776216357501944,-2.3999999999999986,0.21428571428571427,82,0.4146341463414634,-2.3999999999999986,0.7881408781776731,0,0.3333333333333333,126,0.38095238095238093,0.9299824872973563,-1.5114769902102219,-0.011995849128652555,-3.1167422653952466,0.23809523809523808,117,0.4017094017094017,-2.9028072924423873,-1.7820079761812608,18,0.3333333333333333,351,0.42165242165242167,1.0471056445726523,2.5396341680591803,0.007235424980225585,-3.4722141524728904,0.452991452991453,334,0.4281437125748503,-3.4722141524728904,1.632238234402976,7,0.5882352941176471
SPXW,"d65ret,d80_zero",-999999.0,1,score_desc,d80_zero,21,3,0,False,False,False,False,False,-19.517912367748863,-11.809635434055512,-19.517912367748863,84,0.40476190476190477,1.2349841556190604,3.1720217403016333,0.03776216357501944,-2.3999999999999986,0.21428571428571427,82,0.4146341463414634,-2.3999999999999986,0.7881408781776731,0,0.3333333333333333,127,0.3858267716535433,0.9406788925817603,-1.297542017257364,-0.010216866277617039,-3.696271344811449,0.2283464566929134,117,0.38461538461538464,-3.696271344811448,-2.8465082465506564,19,0.5,351,0.42165242165242167,1.0471056445726523,2.539634168059181,0.007235424980225587,-3.4722141524728904,0.452991452991453,334,0.4251497005988024,-3.4722141524728904,1.7043423853256066,7,0.5882352941176471
SPXW,"d65ret,d80_zero",-999999.0,1,score_desc,d80_zero,21,4,0,False,False,False,False,False,-19.517912367748863,-9.623459438688329,-19.517912367748863,84,0.40476190476190477,1.2349841556190604,3.1720217403016333,0.03776216357501944,-2.3999999999999986,0.21428571428571427,82,0.4146341463414634,-2.3999999999999986,0.7881408781776731,0,0.3333333333333333,127,0.3937007874015748,0.976937024444762,-0.4975420172573637,-0.00391765367919184,-3.3962713448114483,0.2283464566929134,117,0.38461538461538464,-3.3962713448114483,-8.428361639656066,19,0.5,351,0.42165242165242167,1.0471056445726523,2.539634168059181,0.007235424980225587,-3.4722141524728904,0.452991452991453,334,0.4251497005988024,-3.4722141524728904,1.7043423853256066,7,0.5882352941176471
SPXW,"d65ret,d80_zero",0.0,1,score_desc,d80_zero,21,4,30,False,False,False,False,False,-19.517912367748863,12.286847288825477,-19.517912367748863,84,0.40476190476190477,1.2349841556190604,3.1720217403016333,0.03776216357501944,-2.3999999999999986,0.21428571428571427,82,0.4146341463414634,-2.3999999999999986,0.7881408781776731,0,0.3333333333333333,127,0.4015748031496063,1.0142177991881203,0.30245798274263686,0.002381558919233361,-2.5962713448114485,0.23622047244094488,117,0.39316239316239315,-2.5962713448114485,13.86461687783358,19,0.5,325,0.4123076923076923,1.0343138958349773,1.7591240778973283,0.005412689470453318,-3.8565425154721535,0.4553846153846154,298,0.4161073825503356,-3.749006408517294,2.956016613799939,7,0.5882352941176471
SPXW,"d65ret,d80_zero",-999999.0,1,score_desc,d80_zero,21,3,15,False,False,False,False,False,-19.517912367748863,-11.809635434055512,-19.517912367748863,84,0.40476190476190477,1.2349841556190604,3.1720217403016333,0.03776216357501944,-2.3999999999999986,0.21428571428571427,82,0.4146341463414634,-2.3999999999999986,0.7881408781776731,0,0.3333333333333333,127,0.3858267716535433,0.9406788925817603,-1.297542017257364,-0.010216866277617039,-3.696271344811449,0.2283464566929134,117,0.38461538461538464,-3.696271344811448,-2.8465082465506564,19,0.5,351,0.4188034188034188,1.0320885285705557,1.739634168059181,0.004956222701023308,-3.4722141524728904,0.452991452991453,334,0.4221556886227545,-3.4722141524728904,2.3828504099382393,7,0.5882352941176471
SPXW,"d65ret,d80_zero",-999999.0,1,score_desc,d80_zero,21,3,30,False,False,False,False,False,-19.517912367748863,-9.623459438688329,-19.517912367748863,84,0.40476190476190477,1.2349841556190604,3.1720217403016333,0.03776216357501944,-2.3999999999999986,0.21428571428571427,82,0.4146341463414634,-2.3999999999999986,0.7881408781776731,0,0.3333333333333333,127,0.3937007874015748,0.976937024444762,-0.49754201725736324,-0.0039176536791918366,-2.8962713448114483,0.23622047244094488,117,0.39316239316239315,-2.8962713448114483,-7.4234213880644875,19,0.5,351,0.4188034188034188,1.0320885285705557,1.739634168059181,0.004956222701023308,-3.4722141524728904,0.452991452991453,334,0.4221556886227545,-3.4722141524728904,2.3828504099382393,7,0.5882352941176471
SPXW,"d65ret,d80_zero",-999999.0,1,score_desc,d80_zero,21,4,15,False,False,False,False,False,-19.517912367748863,-9.623459438688329,-19.517912367748863,84,0.40476190476190477,1.2349841556190604,3.1720217403016333,0.03776216357501944,-2.3999999999999986,0.21428571428571427,82,0.4146341463414634,-2.3999999999999986,0.7881408781776731,0,0.3333333333333333,127,0.3937007874015748,0.976937024444762,-0.4975420172573637,-0.00391765367919184,-3.3962713448114483,0.2283464566929134,117,0.38461538461538464,-3.3962713448114483,-8.428361639656066,19,0.5,351,0.4188034188034188,1.0320885285705557,1.739634168059181,0.004956222701023308,-3.4722141524728904,0.452991452991453,334,0.4221556886227545,-3.4722141524728904,2.3828504099382393,7,0.5882352941176471
SPXW,"d65ret,d80_zero",-999999.0,1,score_desc,d80_zero,21,4,30,False,False,False,False,False,-19.517912367748863,12.286847288825477,-19.517912367748863,84,0.40476190476190477,1.2349841556190604,3.1720217403016333,0.03776216357501944,-2.3999999999999986,0.21428571428571427,82,0.4146341463414634,-2.3999999999999986,0.7881408781776731,0,0.3333333333333333,127,0.4015748031496063,1.0142177991881203,0.30245798274263686,0.002381558919233361,-2.5962713448114485,0.23622047244094488,117,0.39316239316239315,-2.5962713448114485,13.86461687783358,19,0.5,351,0.4188034188034188,1.0320885285705557,1.739634168059181,0.004956222701023308,-3.4722141524728904,0.452991452991453,334,0.4221556886227545,-3.4722141524728904,2.3828504099382393,7,0.5882352941176471
SPXW,"d65ret,d80_zero",0.0,1,score_desc,d80_zero,21,4,15,False,False,False,False,False,-19.517912367748863,-9.623459438688329,-19.517912367748863,84,0.40476190476190477,1.2349841556190604,3.1720217403016333,0.03776216357501944,-2.3999999999999986,0.21428571428571427,82,0.4146341463414634,-2.3999999999999986,0.7881408781776731,0,0.3333333333333333,127,0.3937007874015748,0.976937024444762,-0.4975420172573637,-0.00391765367919184,-3.3962713448114483,0.2283464566929134,117,0.38461538461538464,-3.3962713448114483,-8.428361639656066,19,0.5,326,0.4110429447852761,1.0282964368170902,1.4591240778973291,0.004475840729746408,-3.856542515472153,0.4539877300613497,298,0.4161073825503356,-3.7490064085172943,3.5637819146219973,7,0.5882352941176471
SPXW,"d65ret,d80_zero",0.0,1,score_desc,d80_zero,21,4,0,False,False,False,False,False,-19.517912367748863,-9.623459438688329,-19.517912367748863,84,0.40476190476190477,1.2349841556190604,3.1720217403016333,0.03776216357501944,-2.3999999999999986,0.21428571428571427,82,0.4146341463414634,-2.3999999999999986,0.7881408781776731,0,0.3333333333333333,127,0.3937007874015748,0.976937024444762,-0.4975420172573637,-0.00391765367919184,-3.3962713448114483,0.2283464566929134,117,0.38461538461538464,-3.3962713448114483,-8.428361639656066,19,0.5,326,0.4110429447852761,1.02829643681709,1.4591240778973291,0.004475840729746408,-4.656542515472153,0.450920245398773,297,0.4175084175084175,-4.549006408517292,3.5637819146219973,7,0.5882352941176471
SPXW,"d65ret,d80_zero",0.0,1,score_desc,d80_zero,21,2,30,False,False,False,False,False,-19.517912367748863,-12.953275337568627,-19.517912367748863,84,0.40476190476190477,1.2349841556190604,3.1720217403016333,0.03776216357501944,-2.3999999999999986,0.21428571428571427,82,0.4146341463414634,-2.3999999999999986,0.7881408781776731,0,0.3333333333333333,126,0.38095238095238093,0.9299824872973563,-1.5114769902102219,-0.011995849128652555,-3.1167422653952466,0.23809523809523808,117,0.4017094017094017,-2.9028072924423873,-1.7820079761812608,18,0.3333333333333333,325,0.40923076923076923,1.018600058953918,0.959124077897328,0.0029511510089148553,-3.856542515472154,0.4553846153846154,298,0.4228187919463087,-3.749006408517296,4.8256594350036295,7,0.5294117647058824
SPXW,"d65ret,d80_zero",0.0,1,score_desc,d80_zero,21,3,30,False,False,False,False,False,-19.517912367748863,-9.623459438688329,-19.517912367748863,84,0.40476190476190477,1.2349841556190604,3.1720217403016333,0.03776216357501944,-2.3999999999999986,0.21428571428571427,82,0.4146341463414634,-2.3999999999999986,0.7881408781776731,0,0.3333333333333333,127,0.3937007874015748,0.976937024444762,-0.49754201725736324,-0.0039176536791918366,-2.8962713448114483,0.23622047244094488,117,0.39316239316239315,-2.8962713448114483,-7.4234213880644875,19,0.5,325,0.40923076923076923,1.018600058953918,0.959124077897328,0.0029511510089148553,-3.856542515472154,0.4553846153846154,298,0.4161073825503356,-3.749006408517296,4.900304463530655,7,0.5882352941176471
SPXW,"d65ret,d80_zero",0.0,1,score_desc,d80_zero,21,2,15,False,False,False,False,False,-19.517912367748863,-15.124367482298435,-19.517912367748863,84,0.40476190476190477,1.2349841556190604,3.1720217403016333,0.03776216357501944,-2.3999999999999986,0.21428571428571427,82,0.4146341463414634,-2.3999999999999986,0.7881408781776731,0,0.3333333333333333,126,0.373015873015873,0.8943910311813744,-2.3114769902102217,-0.0183450554778589,-3.9167422653952424,0.23015873015873015,117,0.39316239316239315,-3.702807292442383,-1.1652567011381318,18,0.3333333333333333,326,0.40797546012269936,1.012708297562914,0.6591240778973286,0.002021852999685057,-3.957938427573616,0.4539877300613497,298,0.4228187919463087,-3.957938427573615,7.0220559543348395,7,0.5294117647058824
SPXW,"d65ret,d80_zero",0.0,1,score_desc,d80_zero,21,3,0,False,False,False,False,False,-19.517912367748863,-11.809635434055512,-19.517912367748863,84,0.40476190476190477,1.2349841556190604,3.1720217403016333,0.03776216357501944,-2.3999999999999986,0.21428571428571427,82,0.4146341463414634,-2.3999999999999986,0.7881408781776731,0,0.3333333333333333,127,0.3858267716535433,0.9406788925817603,-1.297542017257364,-0.010216866277617039,-3.696271344811449,0.2283464566929134,117,0.38461538461538464,-3.696271344811448,-2.8465082465506564,19,0.5,326,0.40797546012269936,1.012708297562914,0.6591240778973293,0.0020218529996850593,-4.656542515472153,0.450920245398773,297,0.4175084175084175,-4.549006408517295,7.1306756308970884,7,0.5882352941176471
SPXW,"d65ret,d80_zero",0.0,1,score_desc,d80_zero,21,3,15,False,False,False,False,False,-19.517912367748863,-11.809635434055512,-19.517912367748863,84,0.40476190476190477,1.2349841556190604,3.1720217403016333,0.03776216357501944,-2.3999999999999986,0.21428571428571427,82,0.4146341463414634,-2.3999999999999986,0.7881408781776731,0,0.3333333333333333,127,0.3858267716535433,0.9406788925817603,-1.297542017257364,-0.010216866277617039,-3.696271344811449,0.2283464566929134,117,0.38461538461538464,-3.696271344811448,-2.8465082465506564,19,0.5,326,0.40797546012269936,1.012708297562914,0.6591240778973289,0.002021852999685058,-3.957938427573616,0.4539877300613497,298,0.4161073825503356,-3.9579384275736142,7.130675630897093,7,0.5882352941176471
SPXW,"d65ret,d80_zero",0.0,1,score_desc,d80_zero,21,2,0,False,False,False,False,False,-19.517912367748863,-15.124367482298435,-19.517912367748863,84,0.40476190476190477,1.2349841556190604,3.1720217403016333,0.03776216357501944,-2.3999999999999986,0.21428571428571427,82,0.4146341463414634,-2.3999999999999986,0.7881408781776731,0,0.3333333333333333,126,0.373015873015873,0.8943910311813744,-2.3114769902102217,-0.0183450554778589,-3.9167422653952424,0.23015873015873015,117,0.39316239316239315,-3.702807292442383,-1.1652567011381318,18,0.3333333333333333,326,0.4049079754601227,0.9972994503151584,-0.14087592210267053,-0.00043213473037628997,-4.757938427573616,0.450920245398773,297,0.4208754208754209,-4.757938427573615,-32.85448703200828,7,0.5294117647058824
SPXW,"d50ret,d80",0.0,1,score_desc,d80_zero,21,2,0,False,False,False,False,False,-19.596283926036794,18.81832885826255,-19.596283926036794,63,0.4603174603174603,1.1773648236913035,1.7706770994703829,0.028105985705879095,-2.1,0.19047619047619047,61,0.47540983606557374,-2.1,1.4118892714813789,0,0.3333333333333333,126,0.46825396825396826,1.3392451474305758,6.664695536946882,0.05289440902338795,-2.2774802861251215,0.15079365079365079,120,0.475,-2.2774802861251215,0.4123959042220621,16,0.6666666666666666,343,0.43440233236151604,1.2085900446005151,10.63204891574749,0.03099722715961367,-3.2818089042198775,0.32653061224489793,321,0.4485981308411215,-3.2818089042198775,0.30799037418756176,10,0.7058823529411765
SPXW,"d50ret,d80",0.0,1,score_desc,d80_zero,21,3,0,False,False,False,False,False,-19.596283926036794,18.81832885826255,-19.596283926036794,63,0.4603174603174603,1.1773648236913035,1.7706770994703829,0.028105985705879095,-2.1,0.19047619047619047,61,0.47540983606557374,-2.1,1.4118892714813789,0,0.3333333333333333,126,0.46825396825396826,1.3392451474305758,6.664695536946882,0.05289440902338795,-2.2774802861251215,0.15079365079365079,120,0.475,-2.2774802861251215,0.4123959042220621,16,0.6666666666666666,343,0.4314868804664723,1.1917661763432528,9.83204891574749,0.02866486564357869,-3.2818089042198775,0.32653061224489793,321,0.4485981308411215,-3.2818089042198775,0.31486465590538487,10,0.7058823529411765
SPXW,"d50ret,d80",0.0,1,score_desc,d80_zero,21,4,0,False,False,False,False,False,-19.596283926036794,18.81832885826255,-19.596283926036794,63,0.4603174603174603,1.1773648236913035,1.7706770994703829,0.028105985705879095,-2.1,0.19047619047619047,61,0.47540983606557374,-2.1,1.4118892714813789,0,0.3333333333333333,126,0.46825396825396826,1.3392451474305758,6.664695536946882,0.05289440902338795,-2.2774802861251215,0.15079365079365079,120,0.475,-2.2774802861251215,0.4123959042220621,16,0.6666666666666666,343,0.4314868804664723,1.1917661763432528,9.83204891574749,0.02866486564357869,-3.2818089042198775,0.32653061224489793,321,0.4485981308411215,-3.2818089042198775,0.31486465590538487,10,0.7058823529411765
SPXW,"d50ret,d80",0.0,1,score_desc,d80_zero,21,2,15,False,False,False,False,False,-19.596283926036794,18.81832885826255,-19.596283926036794,63,0.4603174603174603,1.1773648236913035,1.7706770994703829,0.028105985705879095,-2.1,0.19047619047619047,61,0.47540983606557374,-2.1,1.4118892714813789,0,0.3333333333333333,126,0.46825396825396826,1.3392451474305758,6.664695536946882,0.05289440902338795,-2.2774802861251215,0.15079365079365079,120,0.475,-2.2774802861251215,0.4123959042220621,16,0.6666666666666666,341,0.4310850439882698,1.1889710561766031,9.632048915747491,0.028246477758790297,-3.681808904219877,0.3225806451612903,321,0.4423676012461059,-3.681808904219877,0.38664368164259166,10,0.7058823529411765
SPXW,"d50ret,d80",0.0,1,score_desc,d80_zero,21,3,15,False,False,False,False,False,-19.596283926036794,18.81832885826255,-19.596283926036794,63,0.4603174603174603,1.1773648236913035,1.7706770994703829,0.028105985705879095,-2.1,0.19047619047619047,61,0.47540983606557374,-2.1,1.4118892714813789,0,0.3333333333333333,126,0.46825396825396826,1.3392451474305758,6.664695536946882,0.05289440902338795,-2.2774802861251215,0.15079365079365079,120,0.475,-2.2774802861251215,0.4123959042220621,16,0.6666666666666666,341,0.4310850439882698,1.1889710561766031,9.632048915747491,0.028246477758790297,-3.681808904219877,0.3225806451612903,321,0.4423676012461059,-3.681808904219877,0.38664368164259166,10,0.7058823529411765
SPXW,"d50ret,d80",0.0,1,score_desc,d80_zero,21,4,15,False,False,False,False,False,-19.596283926036794,18.81832885826255,-19.596283926036794,63,0.4603174603174603,1.1773648236913035,1.7706770994703829,0.028105985705879095,-2.1,0.19047619047619047,61,0.47540983606557374,-2.1,1.4118892714813789,0,0.3333333333333333,126,0.46825396825396826,1.3392451474305758,6.664695536946882,0.05289440902338795,-2.2774802861251215,0.15079365079365079,120,0.475,-2.2774802861251215,0.4123959042220621,16,0.6666666666666666,341,0.4310850439882698,1.1889710561766031,9.632048915747491,0.028246477758790297,-3.681808904219877,0.3225806451612903,321,0.4423676012461059,-3.681808904219877,0.38664368164259166,10,0.7058823529411765
SPXW,"d50ret,d80",0.0,1,score_desc,d80_zero,21,2,30,False,False,False,False,False,-19.596283926036794,19.494095871815063,-19.596283926036794,63,0.4603174603174603,1.1773648236913035,1.7706770994703829,0.028105985705879095,-2.1,0.19047619047619047,61,0.47540983606557374,-2.1,1.4118892714813789,0,0.3333333333333333,126,0.47619047619047616,1.3858588812674966,7.464695536946881,0.05924361537259429,-2.2774802861251215,0.15079365079365079,120,0.475,-2.2774802861251215,0.435180929516197,16,0.6666666666666666,340,0.4294117647058823,1.1791615619646472,9.132048915747491,0.026858967399257326,-3.5818089042198773,0.3205882352941177,321,0.4392523364485981,-3.5818089042198773,0.4078132836240186,10,0.7058823529411765
SPXW,"d50ret,d80",0.0,1,score_desc,d80_zero,21,3,30,False,False,False,False,False,-19.596283926036794,19.494095871815063,-19.596283926036794,63,0.4603174603174603,1.1773648236913035,1.7706770994703829,0.028105985705879095,-2.1,0.19047619047619047,61,0.47540983606557374,-2.1,1.4118892714813789,0,0.3333333333333333,126,0.47619047619047616,1.3858588812674966,7.464695536946881,0.05924361537259429,-2.2774802861251215,0.15079365079365079,120,0.475,-2.2774802861251215,0.435180929516197,16,0.6666666666666666,340,0.4294117647058823,1.1791615619646472,9.132048915747491,0.026858967399257326,-3.5818089042198773,0.3205882352941177,321,0.4392523364485981,-3.5818089042198773,0.4078132836240186,10,0.7058823529411765
SPXW,"d50ret,d80",0.0,1,score_desc,d80_zero,21,4,30,False,False,False,False,False,-19.596283926036794,19.494095871815063,-19.596283926036794,63,0.4603174603174603,1.1773648236913035,1.7706770994703829,0.028105985705879095,-2.1,0.19047619047619047,61,0.47540983606557374,-2.1,1.4118892714813789,0,0.3333333333333333,126,0.47619047619047616,1.3858588812674966,7.464695536946881,0.05924361537259429,-2.2774802861251215,0.15079365079365079,120,0.475,-2.2774802861251215,0.435180929516197,16,0.6666666666666666,340,0.4294117647058823,1.1791615619646472,9.132048915747491,0.026858967399257326,-3.5818089042198773,0.3205882352941177,321,0.4392523364485981,-3.5818089042198773,0.4078132836240186,10,0.7058823529411765
SPXW,"d50ret,d80",-999999.0,1,score_desc,d80_zero,21,2,30,False,False,False,False,False,-19.596283926036794,23.036340249692593,-19.596283926036794,63,0.4603174603174603,1.1773648236913035,1.7706770994703829,0.028105985705879095,-2.1,0.19047619047619047,61,0.47540983606557374,-2.1,1.4118892714813789,0,0.3333333333333333,133,0.46616541353383456,1.3366909193507839,6.883237406762427,0.051753664712499446,-2.2774802861251215,0.17293233082706766,127,0.4645669291338583,-2.2774802861251215,0.47194262675474097,19,0.5,366,0.43169398907103823,1.175983361299422,9.441667987496631,0.025796907069662926,-3.525241694505966,0.3469945355191257,348,0.4425287356321839,-3.525241694505966,0.3808399854203229,19,0.6470588235294118
SPXW,"d50ret,d80",-999999.0,1,score_desc,d80_zero,21,3,30,False,False,False,False,False,-19.596283926036794,23.036340249692593,-19.596283926036794,63,0.4603174603174603,1.1773648236913035,1.7706770994703829,0.028105985705879095,-2.1,0.19047619047619047,61,0.47540983606557374,-2.1,1.4118892714813789,0,0.3333333333333333,133,0.46616541353383456,1.3366909193507839,6.883237406762427,0.051753664712499446,-2.2774802861251215,0.17293233082706766,127,0.4645669291338583,-2.2774802861251215,0.47194262675474097,19,0.5,366,0.43169398907103823,1.175983361299422,9.441667987496631,0.025796907069662926,-3.525241694505966,0.3469945355191257,348,0.4425287356321839,-3.525241694505966,0.3808399854203229,19,0.6470588235294118
SPXW,"d50ret,d80",-999999.0,1,score_desc,d80_zero,21,4,30,False,False,False,False,False,-19.596283926036794,23.036340249692593,-19.596283926036794,63,0.4603174603174603,1.1773648236913035,1.7706770994703829,0.028105985705879095,-2.1,0.19047619047619047,61,0.47540983606557374,-2.1,1.4118892714813789,0,0.3333333333333333,133,0.46616541353383456,1.3366909193507839,6.883237406762427,0.051753664712499446,-2.2774802861251215,0.17293233082706766,127,0.4645669291338583,-2.2774802861251215,0.47194262675474097,19,0.5,366,0.43169398907103823,1.175983361299422,9.441667987496631,0.025796907069662926,-3.525241694505966,0.3469945355191257,348,0.4425287356321839,-3.525241694505966,0.3808399854203229,19,0.6470588235294118
SPXW,"d50ret,d80",-999999.0,1,score_desc,d80_zero,21,2,15,False,False,False,False,False,-19.596283926036794,22.272127334429577,-19.596283926036794,63,0.4603174603174603,1.1773648236913035,1.7706770994703829,0.028105985705879095,-2.1,0.19047619047619047,61,0.47540983606557374,-2.1,1.4118892714813789,0,0.3333333333333333,133,0.45864661654135336,1.2932558763618431,6.083237406762427,0.04573862711851449,-2.2774802861251215,0.17293233082706766,127,0.4645669291338583,-2.2774802861251215,0.4518142164349184,19,0.5,366,0.43169398907103823,1.1685969653959818,9.045381104296162,0.02471415602266711,-3.6252416945059656,0.34972677595628415,348,0.4396551724137931,-3.6252416945059656,0.40899081783786717,19,0.6470588235294118
SPXW,"d50ret,d80",-999999.0,1,score_desc,d80_zero,21,3,15,False,False,False,False,False,-19.596283926036794,22.272127334429577,-19.596283926036794,63,0.4603174603174603,1.1773648236913035,1.7706770994703829,0.028105985705879095,-2.1,0.19047619047619047,61,0.47540983606557374,-2.1,1.4118892714813789,0,0.3333333333333333,133,0.45864661654135336,1.2932558763618431,6.083237406762427,0.04573862711851449,-2.2774802861251215,0.17293233082706766,127,0.4645669291338583,-2.2774802861251215,0.4518142164349184,19,0.5,366,0.43169398907103823,1.1685969653959818,9.045381104296162,0.02471415602266711,-3.6252416945059656,0.34972677595628415,348,0.4396551724137931,-3.6252416945059656,0.40899081783786717,19,0.6470588235294118
SPXW,"d50ret,d80",-999999.0,1,score_desc,d80_zero,21,4,15,False,False,False,False,False,-19.596283926036794,22.272127334429577,-19.596283926036794,63,0.4603174603174603,1.1773648236913035,1.7706770994703829,0.028105985705879095,-2.1,0.19047619047619047,61,0.47540983606557374,-2.1,1.4118892714813789,0,0.3333333333333333,133,0.45864661654135336,1.2932558763618431,6.083237406762427,0.04573862711851449,-2.2774802861251215,0.17293233082706766,127,0.4645669291338583,-2.2774802861251215,0.4518142164349184,19,0.5,366,0.43169398907103823,1.1685969653959818,9.045381104296162,0.02471415602266711,-3.6252416945059656,0.34972677595628415,348,0.4396551724137931,-3.6252416945059656,0.40899081783786717,19,0.6470588235294118
SPXW,"d50ret,d80",-999999.0,1,score_desc,d80_zero,21,2,0,False,False,False,False,False,-19.596283926036794,22.272127334429577,-19.596283926036794,63,0.4603174603174603,1.1773648236913035,1.7706770994703829,0.028105985705879095,-2.1,0.19047619047619047,61,0.47540983606557374,-2.1,1.4118892714813789,0,0.3333333333333333,133,0.45864661654135336,1.2932558763618431,6.083237406762427,0.04573862711851449,-2.2774802861251215,0.17293233082706766,127,0.4645669291338583,-2.2774802861251215,0.4518142164349184,19,0.5,367,0.4305177111716621,1.1620988531152618,8.745381104296161,0.02382937630598409,-3.225241694505967,0.34877384196185285,348,0.4425287356321839,-3.225241694505967,0.3658477289148138,19,0.6470588235294118
SPXW,"d50ret,d80",-999999.0,1,score_desc,d80_zero,21,3,0,False,False,False,False,False,-19.596283926036794,22.272127334429577,-19.596283926036794,63,0.4603174603174603,1.1773648236913035,1.7706770994703829,0.028105985705879095,-2.1,0.19047619047619047,61,0.47540983606557374,-2.1,1.4118892714813789,0,0.3333333333333333,133,0.45864661654135336,1.2932558763618431,6.083237406762427,0.04573862711851449,-2.2774802861251215,0.17293233082706766,127,0.4645669291338583,-2.2774802861251215,0.4518142164349184,19,0.5,367,0.4305177111716621,1.1620988531152618,8.745381104296161,0.02382937630598409,-3.225241694505967,0.34877384196185285,348,0.4425287356321839,-3.225241694505967,0.3658477289148138,19,0.6470588235294118
SPXW,"d50ret,d80",-999999.0,1,score_desc,d80_zero,21,4,0,False,False,False,False,False,-19.596283926036794,22.272127334429577,-19.596283926036794,63,0.4603174603174603,1.1773648236913035,1.7706770994703829,0.028105985705879095,-2.1,0.19047619047619047,61,0.47540983606557374,-2.1,1.4118892714813789,0,0.3333333333333333,133,0.45864661654135336,1.2932558763618431,6.083237406762427,0.04573862711851449,-2.2774802861251215,0.17293233082706766,127,0.4645669291338583,-2.2774802861251215,0.4518142164349184,19,0.5,367,0.4305177111716621,1.1620988531152618,8.745381104296161,0.02382937630598409,-3.225241694505967,0.34877384196185285,348,0.4425287356321839,-3.225241694505967,0.3658477289148138,19,0.6470588235294118
SPXW,"d80,d80_front",0.0,1,score_desc,d65win,21,3,15,False,False,False,False,False,-19.59737087583132,23.33280908595049,-19.59737087583132,106,0.4528301886792453,1.1628730852615978,2.0849275557036218,0.019669127883996433,-1.9559993005614766,0.2169811320754717,92,0.4782608695652174,-1.9559993005614769,1.3352511605785773,0,0.5,138,0.4927536231884058,1.2974798930533191,5.484412956009367,0.03974212286963309,-1.977480286125122,0.13043478260869565,124,0.47580645161290325,-1.977480286125122,0.5527356354176148,22,0.8333333333333334,371,0.4716981132075472,1.2426459459585695,10.64869467381965,0.02870268106150849,-3.411406671814456,0.40970350404312667,333,0.46846846846846846,-3.411406671814456,0.38252600261438247,11,0.6470588235294118
SPXW,"d80,d80_front",0.0,1,score_desc,d65win,21,4,15,False,False,False,False,False,-19.59737087583132,23.33280908595049,-19.59737087583132,106,0.4528301886792453,1.1628730852615978,2.0849275557036218,0.019669127883996433,-1.9559993005614766,0.2169811320754717,92,0.4782608695652174,-1.9559993005614769,1.3352511605785773,0,0.5,138,0.4927536231884058,1.2974798930533191,5.484412956009367,0.03974212286963309,-1.977480286125122,0.13043478260869565,124,0.47580645161290325,-1.977480286125122,0.5527356354176148,22,0.8333333333333334,371,0.4716981132075472,1.2426459459585695,10.64869467381965,0.02870268106150849,-3.411406671814456,0.40970350404312667,333,0.46846846846846846,-3.411406671814456,0.38252600261438247,11,0.6470588235294118
SPXW,"d80,d80_front",0.0,1,score_desc,d65win,21,3,30,False,False,False,False,False,-19.59737087583132,23.245852564211358,-19.59737087583132,106,0.4528301886792453,1.1628730852615978,2.0849275557036218,0.019669127883996433,-1.9559993005614766,0.2169811320754717,92,0.4782608695652174,-1.9559993005614769,1.3352511605785773,0,0.5,138,0.4927536231884058,1.2974798930533191,5.484412956009367,0.03974212286963309,-1.977480286125122,0.12318840579710146,124,0.47580645161290325,-1.977480286125122,0.64201892367722,22,0.8333333333333334,370,0.46756756756756757,1.237545468543961,10.329369114611005,0.027917213823272988,-4.298905852480045,0.4135135135135135,334,0.46107784431137727,-4.298905852480045,0.360720162955098,11,0.6470588235294118
SPXW,"d80,d80_front",0.0,1,score_desc,d65win,21,4,30,False,False,False,False,False,-19.59737087583132,23.245852564211358,-19.59737087583132,106,0.4528301886792453,1.1628730852615978,2.0849275557036218,0.019669127883996433,-1.9559993005614766,0.2169811320754717,92,0.4782608695652174,-1.9559993005614769,1.3352511605785773,0,0.5,138,0.4927536231884058,1.2974798930533191,5.484412956009367,0.03974212286963309,-1.977480286125122,0.12318840579710146,124,0.47580645161290325,-1.977480286125122,0.64201892367722,22,0.8333333333333334,370,0.46756756756756757,1.237545468543961,10.329369114611005,0.027917213823272988,-4.298905852480045,0.4135135135135135,334,0.46107784431137727,-4.298905852480045,0.360720162955098,11,0.6470588235294118
SPXW,"d80,d80_front",0.0,1,score_desc,d65win,21,3,0,False,False,False,False,False,-19.754359327384314,23.129511539780392,-19.754359327384314,106,0.4528301886792453,1.1573742982767137,2.0148276059735797,0.019007807603524336,-1.9559993005614766,0.2169811320754717,92,0.4782608695652174,-1.9559993005614769,1.38170726379854,0,0.5,138,0.4927536231884058,1.2906319179294683,5.358161991259474,0.03882726080622807,-1.977480286125122,0.13043478260869565,124,0.46774193548387094,-1.977480286125122,0.5657593938140488,22,0.8333333333333334,371,0.4716981132075472,1.2488618540921308,10.93674137343255,0.029479087259926012,-3.5175771392951525,0.40431266846361186,332,0.4759036144578313,-3.5175771392951525,0.3433266338133077,11,0.6470588235294118
SPXW,"d80,d80_front",0.0,1,score_desc,d65win,21,4,0,False,False,False,False,False,-19.754359327384314,23.129511539780392,-19.754359327384314,106,0.4528301886792453,1.1573742982767137,2.0148276059735797,0.019007807603524336,-1.9559993005614766,0.2169811320754717,92,0.4782608695652174,-1.9559993005614769,1.38170726379854,0,0.5,138,0.4927536231884058,1.2906319179294683,5.358161991259474,0.03882726080622807,-1.977480286125122,0.13043478260869565,124,0.46774193548387094,-1.977480286125122,0.5657593938140488,22,0.8333333333333334,371,0.4716981132075472,1.2488618540921308,10.93674137343255,0.029479087259926012,-3.5175771392951525,0.40431266846361186,332,0.4759036144578313,-3.5175771392951525,0.3433266338133077,11,0.6470588235294118
SPXW,"d65ret,d80_front,d80_zero",0.0,1,score_desc,d50ret,21,1,0,False,False,False,False,False,-19.766184930782003,-8.364381335487165,-19.766184930782003,82,0.4146341463414634,1.2153866385935963,2.701332654125726,0.032943081147874705,-2.648350853681005,0.23170731707317074,82,0.4146341463414634,-2.648350853681005,0.9254691369394169,0,0.3333333333333333,128,0.4140625,0.9860185047556969,-0.2923853826127365,-0.002284260801662004,-3.0676776125438154,0.1953125,128,0.4140625,-3.0676776125438154,-8.550359042097675,20,0.5,343,0.41690962099125367,1.0517259565048191,2.322616637628091,0.006771477077632918,-3.35060983758132,0.4402332361516035,343,0.41690962099125367,-3.35060983758132,1.0763722086108265,18,0.5294117647058824
SPXW,"d65ret,d80_front,d80_zero",0.0,1,score_desc,d50ret,21,1,15,False,False,False,False,False,-19.766184930782003,-8.364381335487165,-19.766184930782003,82,0.4146341463414634,1.2153866385935963,2.701332654125726,0.032943081147874705,-2.648350853681005,0.23170731707317074,82,0.4146341463414634,-2.648350853681005,0.9254691369394169,0,0.3333333333333333,128,0.4140625,0.9860185047556969,-0.2923853826127365,-0.002284260801662004,-3.0676776125438154,0.1953125,128,0.4140625,-3.0676776125438154,-8.550359042097675,20,0.5,343,0.41690962099125367,1.0517259565048191,2.322616637628091,0.006771477077632918,-3.35060983758132,0.4402332361516035,343,0.41690962099125367,-3.35060983758132,1.0763722086108265,18,0.5294117647058824
SPXW,"d65ret,d80_front,d80_zero",0.0,1,score_desc,d50ret,21,1,30,False,False,False,False,False,-19.766184930782003,-8.364381335487165,-19.766184930782003,82,0.4146341463414634,1.2153866385935963,2.701332654125726,0.032943081147874705,-2.648350853681005,0.23170731707317074,82,0.4146341463414634,-2.648350853681005,0.9254691369394169,0,0.3333333333333333,128,0.4140625,0.9860185047556969,-0.2923853826127365,-0.002284260801662004,-3.0676776125438154,0.1953125,128,0.4140625,-3.0676776125438154,-8.550359042097675,20,0.5,343,0.41690962099125367,1.0517259565048191,2.322616637628091,0.006771477077632918,-3.35060983758132,0.4402332361516035,343,0.41690962099125367,-3.35060983758132,1.0763722086108265,18,0.5294117647058824
SPXW,"d65ret,d80_front,d80_zero",0.0,1,score_desc,d50ret,22,1,0,False,False,False,False,False,-19.766184930782003,14.555688653288998,-19.766184930782003,82,0.4146341463414634,1.2153866385935963,2.701332654125726,0.032943081147874705,-2.648350853681005,0.23170731707317074,82,0.4146341463414634,-2.648350853681005,0.9254691369394169,0,0.3333333333333333,128,0.4296875,1.0528089165907522,1.0695341096472166,0.00835573523161888,-2.574435088056602,0.21875,128,0.4296875,-2.574435088056602,2.337466357968349,20,0.5,344,0.4127906976744186,1.0315481657811467,1.429004305972608,0.004154082284804093,-3.9356442026669454,0.438953488372093,344,0.4127906976744186,-3.9356442026669454,1.7494698858156703,18,0.47058823529411764
SPXW,"d65ret,d80_front,d80_zero",0.0,1,score_desc,d50ret,22,1,15,False,False,False,False,False,-19.766184930782003,14.555688653288998,-19.766184930782003,82,0.4146341463414634,1.2153866385935963,2.701332654125726,0.032943081147874705,-2.648350853681005,0.23170731707317074,82,0.4146341463414634,-2.648350853681005,0.9254691369394169,0,0.3333333333333333,128,0.4296875,1.0528089165907522,1.0695341096472166,0.00835573523161888,-2.574435088056602,0.21875,128,0.4296875,-2.574435088056602,2.337466357968349,20,0.5,344,0.4127906976744186,1.0315481657811467,1.429004305972608,0.004154082284804093,-3.9356442026669454,0.438953488372093,344,0.4127906976744186,-3.9356442026669454,1.7494698858156703,18,0.47058823529411764
SPXW,"d65ret,d80_front,d80_zero",0.0,1,score_desc,d50ret,22,1,30,False,False,False,False,False,-19.766184930782003,14.555688653288998,-19.766184930782003,82,0.4146341463414634,1.2153866385935963,2.701332654125726,0.032943081147874705,-2.648350853681005,0.23170731707317074,82,0.4146341463414634,-2.648350853681005,0.9254691369394169,0,0.3333333333333333,128,0.4296875,1.0528089165907522,1.0695341096472166,0.00835573523161888,-2.574435088056602,0.21875,128,0.4296875,-2.574435088056602,2.337466357968349,20,0.5,344,0.4127906976744186,1.0315481657811467,1.429004305972608,0.004154082284804093,-3.9356442026669454,0.438953488372093,344,0.4127906976744186,-3.9356442026669454,1.7494698858156703,18,0.47058823529411764
SPXW,"d65ret,d80_front,d80_zero",-999999.0,1,score_desc,d50ret,22,1,0,False,False,False,False,False,-19.766184930782003,14.555688653288998,-19.766184930782003,82,0.4146341463414634,1.2153866385935963,2.701332654125726,0.032943081147874705,-2.648350853681005,0.23170731707317074,82,0.4146341463414634,-2.648350853681005,0.9254691369394169,0,0.3333333333333333,128,0.4296875,1.0528089165907522,1.0695341096472166,0.00835573523161888,-2.574435088056602,0.21875,128,0.4296875,-2.574435088056602,2.337466357968349,20,0.5,350,0.4085714285714286,1.019851627462599,0.9157032314676341,0.0026162949470503833,-4.345141873322735,0.43714285714285717,350,0.4085714285714286,-4.345141873322735,2.730142161880493,19,0.47058823529411764
SPXW,"d65ret,d80_front,d80_zero",-999999.0,1,score_desc,d50ret,22,1,15,False,False,False,False,False,-19.766184930782003,14.555688653288998,-19.766184930782003,82,0.4146341463414634,1.2153866385935963,2.701332654125726,0.032943081147874705,-2.648350853681005,0.23170731707317074,82,0.4146341463414634,-2.648350853681005,0.9254691369394169,0,0.3333333333333333,128,0.4296875,1.0528089165907522,1.0695341096472166,0.00835573523161888,-2.574435088056602,0.21875,128,0.4296875,-2.574435088056602,2.337466357968349,20,0.5,350,0.4085714285714286,1.019851627462599,0.9157032314676341,0.0026162949470503833,-4.345141873322735,0.43714285714285717,350,0.4085714285714286,-4.345141873322735,2.730142161880493,19,0.47058823529411764
SPXW,"d65ret,d80_front,d80_zero",-999999.0,1,score_desc,d50ret,22,1,30,False,False,False,False,False,-19.766184930782003,14.555688653288998,-19.766184930782003,82,0.4146341463414634,1.2153866385935963,2.701332654125726,0.032943081147874705,-2.648350853681005,0.23170731707317074,82,0.4146341463414634,-2.648350853681005,0.9254691369394169,0,0.3333333333333333,128,0.4296875,1.0528089165907522,1.0695341096472166,0.00835573523161888,-2.574435088056602,0.21875,128,0.4296875,-2.574435088056602,2.337466357968349,20,0.5,350,0.4085714285714286,1.019851627462599,0.9157032314676341,0.0026162949470503833,-4.345141873322735,0.43714285714285717,350,0.4085714285714286,-4.345141873322735,2.730142161880493,19,0.47058823529411764
SPXW,"d65ret,d80_front,d80_zero",-999999.0,1,score_desc,d50ret,21,1,0,False,False,False,False,False,-19.766184930782003,-8.364381335487165,-19.766184930782003,82,0.4146341463414634,1.2153866385935963,2.701332654125726,0.032943081147874705,-2.648350853681005,0.23170731707317074,82,0.4146341463414634,-2.648350853681005,0.9254691369394169,0,0.3333333333333333,128,0.4140625,0.9860185047556969,-0.2923853826127365,-0.002284260801662004,-3.0676776125438154,0.1953125,128,0.4140625,-3.0676776125438154,-8.550359042097675,20,0.5,350,0.4085714285714286,1.0192283402132112,0.8933088207254873,0.0025523109163585354,-4.367536284064882,0.44285714285714284,350,0.4085714285714286,-4.367536284064882,2.7985842544011406,19,0.47058823529411764
SPXW,"d65ret,d80_front,d80_zero",-999999.0,1,score_desc,d50ret,21,1,15,False,False,False,False,False,-19.766184930782003,-8.364381335487165,-19.766184930782003,82,0.4146341463414634,1.2153866385935963,2.701332654125726,0.032943081147874705,-2.648350853681005,0.23170731707317074,82,0.4146341463414634,-2.648350853681005,0.9254691369394169,0,0.3333333333333333,128,0.4140625,0.9860185047556969,-0.2923853826127365,-0.002284260801662004,-3.0676776125438154,0.1953125,128,0.4140625,-3.0676776125438154,-8.550359042097675,20,0.5,350,0.4085714285714286,1.0192283402132112,0.8933088207254873,0.0025523109163585354,-4.367536284064882,0.44285714285714284,350,0.4085714285714286,-4.367536284064882,2.7985842544011406,19,0.47058823529411764
SPXW,"d65ret,d80_front,d80_zero",-999999.0,1,score_desc,d50ret,21,1,30,False,False,False,False,False,-19.766184930782003,-8.364381335487165,-19.766184930782003,82,0.4146341463414634,1.2153866385935963,2.701332654125726,0.032943081147874705,-2.648350853681005,0.23170731707317074,82,0.4146341463414634,-2.648350853681005,0.9254691369394169,0,0.3333333333333333,128,0.4140625,0.9860185047556969,-0.2923853826127365,-0.002284260801662004,-3.0676776125438154,0.1953125,128,0.4140625,-3.0676776125438154,-8.550359042097675,20,0.5,350,0.4085714285714286,1.0192283402132112,0.8933088207254873,0.0025523109163585354,-4.367536284064882,0.44285714285714284,350,0.4085714285714286,-4.367536284064882,2.7985842544011406,19,0.47058823529411764
SPXW,"d80,d80_front",0.0,1,score_desc,d80_front,21,3,15,False,False,False,False,False,-19.77130676832822,22.753844429655793,-19.77130676832822,105,0.4380952380952381,1.1741606080491969,2.1454442548204575,0.0204328024268615,-1.8022063037551783,0.24761904761904763,101,0.45544554455445546,-1.8022063037551783,1.1652598264359069,0,0.5,135,0.4740740740740741,1.3117806910979106,5.6313278376958635,0.04171353953848788,-2.070423429113588,0.1111111111111111,123,0.4634146341463415,-2.070423429113588,0.5731013296643561,20,0.8333333333333334,371,0.4528301886792453,1.2268656572487737,9.671858426124595,0.02606969926179136,-4.3905240700155606,0.41778975741239893,332,0.463855421686747,-4.3905240700155606,0.3295935841864791,12,0.7647058823529411
SPXW,"d80,d80_front",0.0,1,score_desc,d80_front,21,4,15,False,False,False,False,False,-19.77130676832822,22.753844429655793,-19.77130676832822,105,0.4380952380952381,1.1741606080491969,2.1454442548204575,0.0204328024268615,-1.8022063037551783,0.24761904761904763,101,0.45544554455445546,-1.8022063037551783,1.1652598264359069,0,0.5,135,0.4740740740740741,1.3117806910979106,5.6313278376958635,0.04171353953848788,-2.070423429113588,0.1111111111111111,123,0.4634146341463415,-2.070423429113588,0.5731013296643561,20,0.8333333333333334,371,0.4528301886792453,1.2268656572487737,9.671858426124595,0.02606969926179136,-4.3905240700155606,0.41778975741239893,332,0.463855421686747,-4.3905240700155606,0.3295935841864791,12,0.7647058823529411
SPXW,"d80,d80_front",0.0,1,score_desc,d80_front,21,2,15,False,False,False,False,False,-19.77130676832822,21.360446544561995,-19.77130676832822,105,0.4380952380952381,1.1741606080491969,2.1454442548204575,0.0204328024268615,-1.8022063037551783,0.24761904761904763,101,0.45544554455445546,-1.8022063037551783,1.1652598264359069,0,0.5,133,0.46616541353383456,1.2759988251990853,4.985042088532916,0.037481519462653504,-2.294998512964855,0.10526315789473684,123,0.4634146341463415,-2.294998512964855,0.6018003352270375,20,0.6666666666666666,371,0.4501347708894879,1.2236709335143428,9.470867786530583,0.02552794551625494,-4.390524070015561,0.42048517520215634,332,0.463855421686747,-4.3905240700155606,0.32181899329850894,12,0.7647058823529411
SPXW,"d80,d80_front",0.0,1,score_desc,d80_front,21,3,30,False,False,False,False,False,-19.77130676832822,22.753844429655793,-19.77130676832822,105,0.4380952380952381,1.1741606080491969,2.1454442548204575,0.0204328024268615,-1.8022063037551783,0.24761904761904763,101,0.45544554455445546,-1.8022063037551783,1.1652598264359069,0,0.5,135,0.4740740740740741,1.3117806910979106,5.6313278376958635,0.04171353953848788,-2.070423429113588,0.1111111111111111,123,0.4634146341463415,-2.070423429113588,0.5731013296643561,20,0.8333333333333334,370,0.4540540540540541,1.2195411847132986,9.26101250366372,0.025029763523415457,-4.8905240700155606,0.4189189189189189,332,0.4608433734939759,-4.8905240700155606,0.3518986659092242,12,0.7647058823529411
SPXW,"d80,d80_front",0.0,1,score_desc,d80_front,21,4,30,False,False,False,False,False,-19.77130676832822,22.753844429655793,-19.77130676832822,105,0.4380952380952381,1.1741606080491969,2.1454442548204575,0.0204328024268615,-1.8022063037551783,0.24761904761904763,101,0.45544554455445546,-1.8022063037551783,1.1652598264359069,0,0.5,135,0.4740740740740741,1.3117806910979106,5.6313278376958635,0.04171353953848788,-2.070423429113588,0.1111111111111111,123,0.4634146341463415,-2.070423429113588,0.5731013296643561,20,0.8333333333333334,370,0.4540540540540541,1.2195411847132986,9.26101250366372,0.025029763523415457,-4.8905240700155606,0.4189189189189189,332,0.4608433734939759,-4.8905240700155606,0.3518986659092242,12,0.7647058823529411
SPXW,"d80,d80_front",0.0,1,score_desc,d80_front,21,2,30,False,False,False,False,False,-19.77130676832822,21.360446544561995,-19.77130676832822,105,0.4380952380952381,1.1741606080491969,2.1454442548204575,0.0204328024268615,-1.8022063037551783,0.24761904761904763,101,0.45544554455445546,-1.8022063037551783,1.1652598264359069,0,0.5,133,0.46616541353383456,1.2759988251990853,4.985042088532916,0.037481519462653504,-2.294998512964855,0.10526315789473684,123,0.4634146341463415,-2.294998512964855,0.6018003352270375,20,0.6666666666666666,370,0.45135135135135135,1.2162615726609747,9.060021864069707,0.024486545578566776,-4.890524070015561,0.42162162162162165,332,0.4608433734939759,-4.8905240700155606,0.3442663432956428,12,0.7058823529411765
SPXW,d80,-999999.0,1,score_desc,d80_front,21,3,0,False,False,False,False,False,-19.784860089121793,22.077298733347924,-19.784860089121793,105,0.44761904761904764,1.1613405813711122,2.0299954047178983,0.019333289568741887,-2.0318188986351196,0.26666666666666666,101,0.45544554455445546,-2.0318188986351196,1.23152988139272,0,0.5,135,0.4740740740740741,1.2783448888299431,5.090547007735884,0.0377077556128584,-2.2774802861251224,0.11851851851851852,123,0.45528455284552843,-2.2774802861251224,0.6581993184543629,20,0.8333333333333334,374,0.4679144385026738,1.2414835026673723,10.657418025814401,0.0284957701224984,-2.842053138820037,0.4304812834224599,329,0.46808510638297873,-2.8420531388200376,0.34672389430400186,20,0.7058823529411765
SPXW,d80,-999999.0,1,score_desc,d80_front,21,4,0,False,False,False,False,False,-19.784860089121793,22.077298733347924,-19.784860089121793,105,0.44761904761904764,1.1613405813711122,2.0299954047178983,0.019333289568741887,-2.0318188986351196,0.26666666666666666,101,0.45544554455445546,-2.0318188986351196,1.23152988139272,0,0.5,135,0.4740740740740741,1.2783448888299431,5.090547007735884,0.0377077556128584,-2.2774802861251224,0.11851851851851852,123,0.45528455284552843,-2.2774802861251224,0.6581993184543629,20,0.8333333333333334,374,0.4679144385026738,1.2414835026673723,10.657418025814401,0.0284957701224984,-2.842053138820037,0.4304812834224599,329,0.46808510638297873,-2.8420531388200376,0.34672389430400186,20,0.7058823529411765
SPXW,d80,-999999.0,1,score_desc,d80_front,21,2,0,False,False,False,False,False,-19.784860089121793,20.783555882022913,-19.784860089121793,105,0.44761904761904764,1.1613405813711122,2.0299954047178983,0.019333289568741887,-2.0318188986351196,0.26666666666666666,101,0.45544554455445546,-2.0318188986351196,1.23152988139272,0,0.5,134,0.4701492537313433,1.2510054999187952,4.590547007735885,0.0342578134905663,-2.2774802861251224,0.11194029850746269,123,0.45528455284552843,-2.2774802861251224,0.6803705733170761,20,0.6666666666666666,374,0.4625668449197861,1.226970082627815,9.952125028701992,0.026609959969791423,-2.8420531388200376,0.4304812834224599,331,0.46827794561933533,-2.8420531388200376,0.33877703097327727,20,0.5882352941176471
SPXW,d80,0.0,1,score_desc,d80_front,21,3,0,False,False,False,False,False,-19.784860089121793,22.077298733347924,-19.784860089121793,105,0.44761904761904764,1.1613405813711122,2.0299954047178983,0.019333289568741887,-2.0318188986351196,0.26666666666666666,101,0.45544554455445546,-2.0318188986351196,1.23152988139272,0,0.5,135,0.4740740740740741,1.2783448888299431,5.090547007735884,0.0377077556128584,-2.2774802861251224,0.11851851851851852,123,0.45528455284552843,-2.2774802861251224,0.6581993184543629,20,0.8333333333333334,362,0.4613259668508287,1.1995445753879042,8.613130048211909,0.02379317692876218,-4.390826779986438,0.4281767955801105,314,0.46178343949044587,-4.390826779986438,0.42901726323093875,12,0.6470588235294118
SPXW,d80,0.0,1,score_desc,d80_front,21,4,0,False,False,False,False,False,-19.784860089121793,22.077298733347924,-19.784860089121793,105,0.44761904761904764,1.1613405813711122,2.0299954047178983,0.019333289568741887,-2.0318188986351196,0.26666666666666666,101,0.45544554455445546,-2.0318188986351196,1.23152988139272,0,0.5,135,0.4740740740740741,1.2783448888299431,5.090547007735884,0.0377077556128584,-2.2774802861251224,0.11851851851851852,123,0.45528455284552843,-2.2774802861251224,0.6581993184543629,20,0.8333333333333334,362,0.4613259668508287,1.1995445753879042,8.613130048211909,0.02379317692876218,-4.390826779986438,0.4281767955801105,314,0.46178343949044587,-4.390826779986438,0.42901726323093875,12,0.6470588235294118
SPXW,d80,0.0,1,score_desc,d80_front,21,2,0,False,False,False,False,False,-19.784860089121793,20.783555882022913,-19.784860089121793,105,0.44761904761904764,1.1613405813711122,2.0299954047178983,0.019333289568741887,-2.0318188986351196,0.26666666666666666,101,0.45544554455445546,-2.0318188986351196,1.23152988139272,0,0.5,134,0.4701492537313433,1.2510054999187952,4.590547007735885,0.0342578134905663,-2.2774802861251224,0.11194029850746269,123,0.45528455284552843,-2.2774802861251224,0.6803705733170761,20,0.6666666666666666,362,0.4558011049723757,1.1844239960775231,7.907837051099501,0.021844853732319064,-4.390826779986439,0.4281767955801105,316,0.4620253164556962,-4.390826779986439,0.4263556959143113,12,0.5294117647058824
SPXW,"d50ret,d80",0.0,1,score_desc,d80_zero,22,1,0,False,False,False,False,False,-19.805033408206416,12.234220844934063,-19.805033408206416,61,0.47540983606557374,1.1723201968295323,1.6169232181232727,0.026506938002020863,-2.05375388134711,0.16393442622950818,61,0.47540983606557374,-2.05375388134711,1.5461463920975143,0,0.3333333333333333,120,0.425,1.1088110538989224,2.19233388447705,0.01826944903730875,-2.099999999999999,0.19166666666666668,120,0.425,-2.099999999999999,1.140337253235649,16,0.8333333333333334,324,0.4351851851851852,1.2206246417124949,10.56416650810117,0.03260545218549744,-3.89220450329388,0.36419753086419754,324,0.4351851851851852,-3.89220450329388,0.23664905301169437,10,0.7647058823529411
SPXW,"d50ret,d80",0.0,1,score_desc,d80_zero,22,1,15,False,False,False,False,False,-19.805033408206416,12.234220844934063,-19.805033408206416,61,0.47540983606557374,1.1723201968295323,1.6169232181232727,0.026506938002020863,-2.05375388134711,0.16393442622950818,61,0.47540983606557374,-2.05375388134711,1.5461463920975143,0,0.3333333333333333,120,0.425,1.1088110538989224,2.19233388447705,0.01826944903730875,-2.099999999999999,0.19166666666666668,120,0.425,-2.099999999999999,1.140337253235649,16,0.8333333333333334,324,0.4351851851851852,1.2206246417124949,10.56416650810117,0.03260545218549744,-3.89220450329388,0.36419753086419754,324,0.4351851851851852,-3.89220450329388,0.23664905301169437,10,0.7647058823529411
SPXW,"d50ret,d80",0.0,1,score_desc,d80_zero,22,1,30,False,False,False,False,False,-19.805033408206416,12.234220844934063,-19.805033408206416,61,0.47540983606557374,1.1723201968295323,1.6169232181232727,0.026506938002020863,-2.05375388134711,0.16393442622950818,61,0.47540983606557374,-2.05375388134711,1.5461463920975143,0,0.3333333333333333,120,0.425,1.1088110538989224,2.19233388447705,0.01826944903730875,-2.099999999999999,0.19166666666666668,120,0.425,-2.099999999999999,1.140337253235649,16,0.8333333333333334,324,0.4351851851851852,1.2206246417124949,10.56416650810117,0.03260545218549744,-3.89220450329388,0.36419753086419754,324,0.4351851851851852,-3.89220450329388,0.23664905301169437,10,0.7647058823529411
SPXW,"d50ret,d80",-999999.0,1,score_desc,d80_zero,22,1,0,False,False,False,False,False,-19.805033408206416,15.050436410436006,-19.805033408206416,61,0.47540983606557374,1.1723201968295323,1.6169232181232727,0.026506938002020863,-2.05375388134711,0.16393442622950818,61,0.47540983606557374,-2.05375388134711,1.5461463920975143,0,0.3333333333333333,127,0.41732283464566927,1.0758194568846178,1.6108757542925944,0.012684061057422003,-2.1833333333333327,0.2125984251968504,127,0.41732283464566927,-2.1833333333333327,1.5519508524093832,19,0.6666666666666666,350,0.43714285714285717,1.2191263676662325,11.031841404633072,0.03151954687038021,-3.89220450329388,0.38857142857142857,350,0.43714285714285717,-3.89220450329388,0.22661674586348463,19,0.7058823529411765
SPXW,"d50ret,d80",-999999.0,1,score_desc,d80_zero,22,1,15,False,False,False,False,False,-19.805033408206416,15.050436410436006,-19.805033408206416,61,0.47540983606557374,1.1723201968295323,1.6169232181232727,0.026506938002020863,-2.05375388134711,0.16393442622950818,61,0.47540983606557374,-2.05375388134711,1.5461463920975143,0,0.3333333333333333,127,0.41732283464566927,1.0758194568846178,1.6108757542925944,0.012684061057422003,-2.1833333333333327,0.2125984251968504,127,0.41732283464566927,-2.1833333333333327,1.5519508524093832,19,0.6666666666666666,350,0.43714285714285717,1.2191263676662325,11.031841404633072,0.03151954687038021,-3.89220450329388,0.38857142857142857,350,0.43714285714285717,-3.89220450329388,0.22661674586348463,19,0.7058823529411765
SPXW,"d50ret,d80",-999999.0,1,score_desc,d80_zero,22,1,30,False,False,False,False,False,-19.805033408206416,15.050436410436006,-19.805033408206416,61,0.47540983606557374,1.1723201968295323,1.6169232181232727,0.026506938002020863,-2.05375388134711,0.16393442622950818,61,0.47540983606557374,-2.05375388134711,1.5461463920975143,0,0.3333333333333333,127,0.41732283464566927,1.0758194568846178,1.6108757542925944,0.012684061057422003,-2.1833333333333327,0.2125984251968504,127,0.41732283464566927,-2.1833333333333327,1.5519508524093832,19,0.6666666666666666,350,0.43714285714285717,1.2191263676662325,11.031841404633072,0.03151954687038021,-3.89220450329388,0.38857142857142857,350,0.43714285714285717,-3.89220450329388,0.22661674586348463,19,0.7058823529411765
SPXW,"d50ret,d80",-999999.0,1,score_desc,d80_zero,21,1,0,False,False,False,False,False,-19.805033408206416,13.28082370280949,-19.805033408206416,61,0.47540983606557374,1.1723201968295323,1.6169232181232727,0.026506938002020863,-2.05375388134711,0.16393442622950818,61,0.47540983606557374,-2.05375388134711,1.5461463920975143,0,0.3333333333333333,127,0.4094488188976378,1.0376342719860006,0.8108757542925942,0.006384848458996804,-2.4036375686284748,0.2204724409448819,127,0.4094488188976378,-2.4036375686284748,3.083086387483608,19,0.5,350,0.42857142857142855,1.1820849003071916,9.315057422608502,0.026614449778881437,-3.89220450329388,0.38285714285714284,350,0.42857142857142855,-3.89220450329388,0.26838267190197557,19,0.6470588235294118
SPXW,"d50ret,d80",-999999.0,1,score_desc,d80_zero,21,1,15,False,False,False,False,False,-19.805033408206416,13.28082370280949,-19.805033408206416,61,0.47540983606557374,1.1723201968295323,1.6169232181232727,0.026506938002020863,-2.05375388134711,0.16393442622950818,61,0.47540983606557374,-2.05375388134711,1.5461463920975143,0,0.3333333333333333,127,0.4094488188976378,1.0376342719860006,0.8108757542925942,0.006384848458996804,-2.4036375686284748,0.2204724409448819,127,0.4094488188976378,-2.4036375686284748,3.083086387483608,19,0.5,350,0.42857142857142855,1.1820849003071916,9.315057422608502,0.026614449778881437,-3.89220450329388,0.38285714285714284,350,0.42857142857142855,-3.89220450329388,0.26838267190197557,19,0.6470588235294118
SPXW,"d50ret,d80",-999999.0,1,score_desc,d80_zero,21,1,30,False,False,False,False,False,-19.805033408206416,13.28082370280949,-19.805033408206416,61,0.47540983606557374,1.1723201968295323,1.6169232181232727,0.026506938002020863,-2.05375388134711,0.16393442622950818,61,0.47540983606557374,-2.05375388134711,1.5461463920975143,0,0.3333333333333333,127,0.4094488188976378,1.0376342719860006,0.8108757542925942,0.006384848458996804,-2.4036375686284748,0.2204724409448819,127,0.4094488188976378,-2.4036375686284748,3.083086387483608,19,0.5,350,0.42857142857142855,1.1820849003071916,9.315057422608502,0.026614449778881437,-3.89220450329388,0.38285714285714284,350,0.42857142857142855,-3.89220450329388,0.26838267190197557,19,0.6470588235294118
SPXW,"d50ret,d80",0.0,1,score_desc,d80_zero,21,1,0,False,False,False,False,False,-19.805033408206416,10.482170723434304,-19.805033408206416,61,0.47540983606557374,1.1723201968295323,1.6169232181232727,0.026506938002020863,-2.05375388134711,0.16393442622950818,61,0.47540983606557374,-2.05375388134711,1.5461463920975143,0,0.3333333333333333,120,0.4166666666666667,1.0680911774309831,1.39233388447705,0.011602782370642084,-2.4036375686284748,0.2,120,0.4166666666666667,-2.4036375686284748,1.7955463325802639,16,0.6666666666666666,324,0.42592592592592593,1.1816856481716915,8.847382526076604,0.027306736191594457,-3.892334379792011,0.35802469135802467,324,0.42592592592592593,-3.892334379792011,0.28256944837996417,10,0.7058823529411765
SPXW,"d50ret,d80",0.0,1,score_desc,d80_zero,21,1,15,False,False,False,False,False,-19.805033408206416,10.482170723434304,-19.805033408206416,61,0.47540983606557374,1.1723201968295323,1.6169232181232727,0.026506938002020863,-2.05375388134711,0.16393442622950818,61,0.47540983606557374,-2.05375388134711,1.5461463920975143,0,0.3333333333333333,120,0.4166666666666667,1.0680911774309831,1.39233388447705,0.011602782370642084,-2.4036375686284748,0.2,120,0.4166666666666667,-2.4036375686284748,1.7955463325802639,16,0.6666666666666666,324,0.42592592592592593,1.1816856481716915,8.847382526076604,0.027306736191594457,-3.892334379792011,0.35802469135802467,324,0.42592592592592593,-3.892334379792011,0.28256944837996417,10,0.7058823529411765
SPXW,"d50ret,d80",0.0,1,score_desc,d80_zero,21,1,30,False,False,False,False,False,-19.805033408206416,10.482170723434304,-19.805033408206416,61,0.47540983606557374,1.1723201968295323,1.6169232181232727,0.026506938002020863,-2.05375388134711,0.16393442622950818,61,0.47540983606557374,-2.05375388134711,1.5461463920975143,0,0.3333333333333333,120,0.4166666666666667,1.0680911774309831,1.39233388447705,0.011602782370642084,-2.4036375686284748,0.2,120,0.4166666666666667,-2.4036375686284748,1.7955463325802639,16,0.6666666666666666,324,0.42592592592592593,1.1816856481716915,8.847382526076604,0.027306736191594457,-3.892334379792011,0.35802469135802467,324,0.42592592592592593,-3.892334379792011,0.28256944837996417,10,0.7058823529411765
SPXW,"d50ret,d80,d80_front",0.0,1,score_desc,d65ret,22,1,0,False,False,False,False,False,-19.948413137145412,14.077233060143367,-19.948413137145412,102,0.46078431372549017,1.1448303151032966,1.9594051155502796,0.01920985407402235,-2.2385893081402903,0.20588235294117646,102,0.46078431372549017,-2.2385893081402903,1.275897454875175,0,0.5,128,0.421875,1.046082904773046,0.957887680220858,0.007483497501725453,-2.6043187612219048,0.2109375,128,0.421875,-2.6043187612219048,2.609909336576477,20,0.5,348,0.43103448275862066,1.0316660358899992,1.5662524906641835,0.004500725547885585,-4.423193895423578,0.40804597701149425,348,0.43103448275862066,-4.423193895423578,1.5961666556966512,19,0.5882352941176471
SPXW,"d50ret,d80,d80_front",0.0,1,score_desc,d65ret,22,1,15,False,False,False,False,False,-19.948413137145412,14.077233060143367,-19.948413137145412,102,0.46078431372549017,1.1448303151032966,1.9594051155502796,0.01920985407402235,-2.2385893081402903,0.20588235294117646,102,0.46078431372549017,-2.2385893081402903,1.275897454875175,0,0.5,128,0.421875,1.046082904773046,0.957887680220858,0.007483497501725453,-2.6043187612219048,0.2109375,128,0.421875,-2.6043187612219048,2.609909336576477,20,0.5,348,0.43103448275862066,1.0316660358899992,1.5662524906641835,0.004500725547885585,-4.423193895423578,0.40804597701149425,348,0.43103448275862066,-4.423193895423578,1.5961666556966512,19,0.5882352941176471
SPXW,"d50ret,d80,d80_front",0.0,1,score_desc,d65ret,22,1,30,False,False,False,False,False,-19.948413137145412,14.077233060143367,-19.948413137145412,102,0.46078431372549017,1.1448303151032966,1.9594051155502796,0.01920985407402235,-2.2385893081402903,0.20588235294117646,102,0.46078431372549017,-2.2385893081402903,1.275897454875175,0,0.5,128,0.421875,1.046082904773046,0.957887680220858,0.007483497501725453,-2.6043187612219048,0.2109375,128,0.421875,-2.6043187612219048,2.609909336576477,20,0.5,348,0.43103448275862066,1.0316660358899992,1.5662524906641835,0.004500725547885585,-4.423193895423578,0.40804597701149425,348,0.43103448275862066,-4.423193895423578,1.5961666556966512,19,0.5882352941176471
SPXW,d80,-999999.0,1,score_desc,d80_front,22,1,0,False,False,False,False,False,-20.02260264573076,17.019145775715558,-20.02260264573076,102,0.46078431372549017,1.1452688573408056,1.5314470817473518,0.015014187075954429,-1.808980437215136,0.2647058823529412,102,0.46078431372549017,-1.808980437215136,1.6324429552913757,0,0.5,123,0.4634146341463415,1.2633891605422625,3.521804674750332,0.02863255833130351,-2.039234472705752,0.13821138211382114,123,0.4634146341463415,-2.039234472705752,0.7098633316957677,16,0.8333333333333334,342,0.45614035087719296,1.1639114023932646,5.750550347529172,0.016814474700377696,-3.2180528084004947,0.45614035087719296,342,0.45614035087719296,-3.2180528084004947,0.43474099849837333,18,0.7058823529411765
SPXW,d80,-999999.0,1,score_desc,d80_front,22,1,15,False,False,False,False,False,-20.02260264573076,17.019145775715558,-20.02260264573076,102,0.46078431372549017,1.1452688573408056,1.5314470817473518,0.015014187075954429,-1.808980437215136,0.2647058823529412,102,0.46078431372549017,-1.808980437215136,1.6324429552913757,0,0.5,123,0.4634146341463415,1.2633891605422625,3.521804674750332,0.02863255833130351,-2.039234472705752,0.13821138211382114,123,0.4634146341463415,-2.039234472705752,0.7098633316957677,16,0.8333333333333334,342,0.45614035087719296,1.1639114023932646,5.750550347529172,0.016814474700377696,-3.2180528084004947,0.45614035087719296,342,0.45614035087719296,-3.2180528084004947,0.43474099849837333,18,0.7058823529411765
SPXW,d80,-999999.0,1,score_desc,d80_front,22,1,30,False,False,False,False,False,-20.02260264573076,17.019145775715558,-20.02260264573076,102,0.46078431372549017,1.1452688573408056,1.5314470817473518,0.015014187075954429,-1.808980437215136,0.2647058823529412,102,0.46078431372549017,-1.808980437215136,1.6324429552913757,0,0.5,123,0.4634146341463415,1.2633891605422625,3.521804674750332,0.02863255833130351,-2.039234472705752,0.13821138211382114,123,0.4634146341463415,-2.039234472705752,0.7098633316957677,16,0.8333333333333334,342,0.45614035087719296,1.1639114023932646,5.750550347529172,0.016814474700377696,-3.2180528084004947,0.45614035087719296,342,0.45614035087719296,-3.2180528084004947,0.43474099849837333,18,0.7058823529411765
SPXW,d80,0.0,1,score_desc,d80_front,22,1,0,False,False,False,False,False,-20.02260264573076,17.019145775715558,-20.02260264573076,102,0.46078431372549017,1.1452688573408056,1.5314470817473518,0.015014187075954429,-1.808980437215136,0.2647058823529412,102,0.46078431372549017,-1.808980437215136,1.6324429552913757,0,0.5,123,0.4634146341463415,1.2633891605422625,3.521804674750332,0.02863255833130351,-2.039234472705752,0.13821138211382114,123,0.4634146341463415,-2.039234472705752,0.7098633316957677,16,0.8333333333333334,333,0.45345345345345345,1.1495404117843426,5.093494354986569,0.01529577884380351,-3.0547865975821455,0.45345345345345345,333,0.45345345345345345,-3.0547865975821455,0.4908221793850584,12,0.6470588235294118
SPXW,d80,0.0,1,score_desc,d80_front,22,1,15,False,False,False,False,False,-20.02260264573076,17.019145775715558,-20.02260264573076,102,0.46078431372549017,1.1452688573408056,1.5314470817473518,0.015014187075954429,-1.808980437215136,0.2647058823529412,102,0.46078431372549017,-1.808980437215136,1.6324429552913757,0,0.5,123,0.4634146341463415,1.2633891605422625,3.521804674750332,0.02863255833130351,-2.039234472705752,0.13821138211382114,123,0.4634146341463415,-2.039234472705752,0.7098633316957677,16,0.8333333333333334,333,0.45345345345345345,1.1495404117843426,5.093494354986569,0.01529577884380351,-3.0547865975821455,0.45345345345345345,333,0.45345345345345345,-3.0547865975821455,0.4908221793850584,12,0.6470588235294118
SPXW,d80,0.0,1,score_desc,d80_front,22,1,30,False,False,False,False,False,-20.02260264573076,17.019145775715558,-20.02260264573076,102,0.46078431372549017,1.1452688573408056,1.5314470817473518,0.015014187075954429,-1.808980437215136,0.2647058823529412,102,0.46078431372549017,-1.808980437215136,1.6324429552913757,0,0.5,123,0.4634146341463415,1.2633891605422625,3.521804674750332,0.02863255833130351,-2.039234472705752,0.13821138211382114,123,0.4634146341463415,-2.039234472705752,0.7098633316957677,16,0.8333333333333334,333,0.45345345345345345,1.1495404117843426,5.093494354986569,0.01529577884380351,-3.0547865975821455,0.45345345345345345,333,0.45345345345345345,-3.0547865975821455,0.4908221793850584,12,0.6470588235294118
SPXW,"d80,d80_front",0.0,1,score_desc,d65win,21,1,0,False,False,False,False,False,-20.153104825545917,19.586463434383262,-20.153104825545917,93,0.4731182795698925,1.135741459313531,1.3945377744146241,0.014995029832415314,-2.8221345020498196,0.1935483870967742,93,0.4731182795698925,-2.8221345020498196,1.7927086995183106,0,0.5,126,0.5,1.1783510546519453,2.841918162401507,0.022554906050805613,-2.011232872251064,0.14285714285714285,126,0.5,-2.011232872251064,0.8796875409978112,18,0.8333333333333334,340,0.4647058823529412,1.0669275856371216,2.527682839477819,0.00743436129258182,-4.441839663831939,0.4411764705882353,340,0.4647058823529412,-4.441839663831939,0.9890481356895481,11,0.47058823529411764
SPXW,"d80,d80_front",0.0,1,score_desc,d65win,21,1,15,False,False,False,False,False,-20.153104825545917,19.586463434383262,-20.153104825545917,93,0.4731182795698925,1.135741459313531,1.3945377744146241,0.014995029832415314,-2.8221345020498196,0.1935483870967742,93,0.4731182795698925,-2.8221345020498196,1.7927086995183106,0,0.5,126,0.5,1.1783510546519453,2.841918162401507,0.022554906050805613,-2.011232872251064,0.14285714285714285,126,0.5,-2.011232872251064,0.8796875409978112,18,0.8333333333333334,340,0.4647058823529412,1.0669275856371216,2.527682839477819,0.00743436129258182,-4.441839663831939,0.4411764705882353,340,0.4647058823529412,-4.441839663831939,0.9890481356895481,11,0.47058823529411764
SPXW,"d80,d80_front",0.0,1,score_desc,d65win,21,1,30,False,False,False,False,False,-20.153104825545917,19.586463434383262,-20.153104825545917,93,0.4731182795698925,1.135741459313531,1.3945377744146241,0.014995029832415314,-2.8221345020498196,0.1935483870967742,93,0.4731182795698925,-2.8221345020498196,1.7927086995183106,0,0.5,126,0.5,1.1783510546519453,2.841918162401507,0.022554906050805613,-2.011232872251064,0.14285714285714285,126,0.5,-2.011232872251064,0.8796875409978112,18,0.8333333333333334,340,0.4647058823529412,1.0669275856371216,2.527682839477819,0.00743436129258182,-4.441839663831939,0.4411764705882353,340,0.4647058823529412,-4.441839663831939,0.9890481356895481,11,0.47058823529411764
SPXW,"d80,d80_front",0.0,1,score_desc,d80_front,22,3,15,False,False,False,False,False,-20.225313336613205,22.79436107248082,-20.225313336613205,108,0.4351851851851852,1.1615425927138756,2.0395629307968366,0.01888484195182256,-1.8089804372151344,0.24074074074074073,102,0.45098039215686275,-1.8089804372151344,1.3242507836623227,0,0.5,137,0.4744525547445255,1.3154652054285736,5.749790819227107,0.04196927605275261,-2.2349865340968638,0.10948905109489052,123,0.4634146341463415,-2.2349865340968638,0.5612937188544926,20,0.8333333333333334,379,0.45646437994722955,1.227392183872367,9.831410417336308,0.025940396879515323,-4.3905240700155606,0.42216358839050133,332,0.463855421686747,-4.390524070015562,0.3399067197602197,12,0.7647058823529411
SPXW,"d80,d80_front",0.0,1,score_desc,d80_front,22,4,15,False,False,False,False,False,-20.225313336613205,22.79436107248082,-20.225313336613205,108,0.4351851851851852,1.1615425927138756,2.0395629307968366,0.01888484195182256,-1.8089804372151344,0.24074074074074073,102,0.45098039215686275,-1.8089804372151344,1.3242507836623227,0,0.5,137,0.4744525547445255,1.3154652054285736,5.749790819227107,0.04196927605275261,-2.2349865340968638,0.10948905109489052,123,0.4634146341463415,-2.2349865340968638,0.5612937188544926,20,0.8333333333333334,379,0.45646437994722955,1.227392183872367,9.831410417336308,0.025940396879515323,-4.3905240700155606,0.42216358839050133,332,0.463855421686747,-4.390524070015562,0.3399067197602197,12,0.7647058823529411
SPXW,"d80,d80_front",0.0,1,score_desc,d80_front,22,2,15,False,False,False,False,False,-20.225313336613205,20.561250291949957,-20.225313336613205,108,0.4351851851851852,1.1615425927138756,2.0395629307968366,0.01888484195182256,-1.8089804372151344,0.24074074074074073,102,0.45098039215686275,-1.8089804372151344,1.3242507836623227,0,0.5,135,0.45925925925925926,1.2531583790838885,4.673439956622058,0.03461807375275599,-2.4595616179481308,0.1037037037037037,123,0.4634146341463415,-2.4595616179481308,0.6419254398998178,20,0.6666666666666666,379,0.45382585751978893,1.224245864423794,9.630419777742294,0.02541007856924088,-4.390524070015561,0.42480211081794195,332,0.463855421686747,-4.3905240700155606,0.33732525615744746,12,0.7058823529411765
SPXW,"d80,d80_front",0.0,1,score_desc,d80_front,22,3,30,False,False,False,False,False,-20.225313336613205,22.79436107248082,-20.225313336613205,108,0.4351851851851852,1.1615425927138756,2.0395629307968366,0.01888484195182256,-1.8089804372151344,0.24074074074074073,102,0.45098039215686275,-1.8089804372151344,1.3242507836623227,0,0.5,137,0.4744525547445255,1.3154652054285736,5.749790819227107,0.04196927605275261,-2.2349865340968638,0.10948905109489052,123,0.4634146341463415,-2.2349865340968638,0.5612937188544926,20,0.8333333333333334,379,0.45646437994722955,1.2181746620774305,9.350254785472899,0.02467085695375435,-4.960833779418092,0.42480211081794195,332,0.4608433734939759,-4.960833779418094,0.36067740682531113,12,0.7647058823529411
SPXW,"d80,d80_front",0.0,1,score_desc,d80_front,22,4,30,False,False,False,False,False,-20.225313336613205,22.79436107248082,-20.225313336613205,108,0.4351851851851852,1.1615425927138756,2.0395629307968366,0.01888484195182256,-1.8089804372151344,0.24074074074074073,102,0.45098039215686275,-1.8089804372151344,1.3242507836623227,0,0.5,137,0.4744525547445255,1.3154652054285736,5.749790819227107,0.04196927605275261,-2.2349865340968638,0.10948905109489052,123,0.4634146341463415,-2.2349865340968638,0.5612937188544926,20,0.8333333333333334,379,0.45646437994722955,1.2181746620774305,9.350254785472899,0.02467085695375435,-4.960833779418092,0.42480211081794195,332,0.4608433734939759,-4.960833779418094,0.36067740682531113,12,0.7647058823529411
SPXW,"d80,d80_front",0.0,1,score_desc,d80_front,22,2,30,False,False,False,False,False,-20.225313336613205,20.561250291949957,-20.225313336613205,108,0.4351851851851852,1.1615425927138756,2.0395629307968366,0.01888484195182256,-1.8089804372151344,0.24074074074074073,102,0.45098039215686275,-1.8089804372151344,1.3242507836623227,0,0.5,135,0.45925925925925926,1.2531583790838885,4.673439956622058,0.03461807375275599,-2.4595616179481308,0.1037037037037037,123,0.4634146341463415,-2.4595616179481308,0.6419254398998178,20,0.6666666666666666,379,0.45382585751978893,1.2149376220707573,9.149264145878885,0.024140538643479908,-4.960833779418094,0.42744063324538256,332,0.4608433734939759,-4.960833779418094,0.362842216171372,12,0.7058823529411765
SPXW,"d65ret,d80_zero",0.0,1,score_desc,d80_zero,22,1,0,False,False,False,False,False,-20.42885200503738,-2.7026556772623955,-20.42885200503738,82,0.4146341463414634,1.1910399165912275,2.553071143156777,0.031135013940936308,-2.399999999999999,0.21951219512195122,82,0.4146341463414634,-2.399999999999999,0.9792128224475732,0,0.3333333333333333,117,0.4017094017094017,1.0078745350621983,0.15533974790994182,0.0013276901530764257,-2.5207107802552198,0.26495726495726496,117,0.4017094017094017,-2.5207107802552198,16.093756000231018,11,0.5,306,0.4411764705882353,1.1688162771191764,7.632029689923096,0.024941273496480704,-3.9162009176430734,0.5196078431372549,306,0.4411764705882353,-3.9162009176430734,0.32756685987488493,7,0.7647058823529411
SPXW,"d65ret,d80_zero",0.0,1,score_desc,d80_zero,22,1,15,False,False,False,False,False,-20.42885200503738,-2.7026556772623955,-20.42885200503738,82,0.4146341463414634,1.1910399165912275,2.553071143156777,0.031135013940936308,-2.399999999999999,0.21951219512195122,82,0.4146341463414634,-2.399999999999999,0.9792128224475732,0,0.3333333333333333,117,0.4017094017094017,1.0078745350621983,0.15533974790994182,0.0013276901530764257,-2.5207107802552198,0.26495726495726496,117,0.4017094017094017,-2.5207107802552198,16.093756000231018,11,0.5,306,0.4411764705882353,1.1688162771191764,7.632029689923096,0.024941273496480704,-3.9162009176430734,0.5196078431372549,306,0.4411764705882353,-3.9162009176430734,0.32756685987488493,7,0.7647058823529411
SPXW,"d65ret,d80_zero",0.0,1,score_desc,d80_zero,22,1,30,False,False,False,False,False,-20.42885200503738,-2.7026556772623955,-20.42885200503738,82,0.4146341463414634,1.1910399165912275,2.553071143156777,0.031135013940936308,-2.399999999999999,0.21951219512195122,82,0.4146341463414634,-2.399999999999999,0.9792128224475732,0,0.3333333333333333,117,0.4017094017094017,1.0078745350621983,0.15533974790994182,0.0013276901530764257,-2.5207107802552198,0.26495726495726496,117,0.4017094017094017,-2.5207107802552198,16.093756000231018,11,0.5,306,0.4411764705882353,1.1688162771191764,7.632029689923096,0.024941273496480704,-3.9162009176430734,0.5196078431372549,306,0.4411764705882353,-3.9162009176430734,0.32756685987488493,7,0.7647058823529411
SPXW,"d65ret,d80_zero",-999999.0,1,score_desc,d80_zero,22,1,0,False,False,False,False,False,-20.42885200503738,-2.7026556772623955,-20.42885200503738,82,0.4146341463414634,1.1910399165912275,2.553071143156777,0.031135013940936308,-2.399999999999999,0.21951219512195122,82,0.4146341463414634,-2.399999999999999,0.9792128224475732,0,0.3333333333333333,117,0.4017094017094017,1.0078745350621983,0.15533974790994182,0.0013276901530764257,-2.5207107802552198,0.26495726495726496,117,0.4017094017094017,-2.5207107802552198,16.093756000231018,11,0.5,334,0.4431137724550898,1.1628369903257034,7.851914524429732,0.023508726121047104,-3.7722141524728903,0.5149700598802395,334,0.4431137724550898,-3.7722141524728903,0.31839368503334153,7,0.7058823529411765
SPXW,"d65ret,d80_zero",-999999.0,1,score_desc,d80_zero,22,1,15,False,False,False,False,False,-20.42885200503738,-2.7026556772623955,-20.42885200503738,82,0.4146341463414634,1.1910399165912275,2.553071143156777,0.031135013940936308,-2.399999999999999,0.21951219512195122,82,0.4146341463414634,-2.399999999999999,0.9792128224475732,0,0.3333333333333333,117,0.4017094017094017,1.0078745350621983,0.15533974790994182,0.0013276901530764257,-2.5207107802552198,0.26495726495726496,117,0.4017094017094017,-2.5207107802552198,16.093756000231018,11,0.5,334,0.4431137724550898,1.1628369903257034,7.851914524429732,0.023508726121047104,-3.7722141524728903,0.5149700598802395,334,0.4431137724550898,-3.7722141524728903,0.31839368503334153,7,0.7058823529411765
SPXW,"d65ret,d80_zero",-999999.0,1,score_desc,d80_zero,22,1,30,False,False,False,False,False,-20.42885200503738,-2.7026556772623955,-20.42885200503738,82,0.4146341463414634,1.1910399165912275,2.553071143156777,0.031135013940936308,-2.399999999999999,0.21951219512195122,82,0.4146341463414634,-2.399999999999999,0.9792128224475732,0,0.3333333333333333,117,0.4017094017094017,1.0078745350621983,0.15533974790994182,0.0013276901530764257,-2.5207107802552198,0.26495726495726496,117,0.4017094017094017,-2.5207107802552198,16.093756000231018,11,0.5,334,0.4431137724550898,1.1628369903257034,7.851914524429732,0.023508726121047104,-3.7722141524728903,0.5149700598802395,334,0.4431137724550898,-3.7722141524728903,0.31839368503334153,7,0.7058823529411765
SPXW,"d50ret,d65ret,d80_zero",-999999.0,1,score_desc,d80_zero,22,1,0,False,False,False,False,False,-20.42885200503738,13.268798160433478,-20.42885200503738,82,0.4146341463414634,1.1910399165912275,2.553071143156777,0.031135013940936308,-2.399999999999999,0.21951219512195122,82,0.4146341463414634,-2.399999999999999,0.9792128224475732,0,0.3333333333333333,128,0.3984375,1.0359321473894931,0.787394974866623,0.006151523241145492,-3.600433381721058,0.2578125,128,0.3984375,-3.600433381721058,3.175026612817126,20,0.6666666666666666,349,0.4154727793696275,1.1074434301192715,5.624108280066055,0.016114923438584686,-4.811573989812013,0.47277936962750716,349,0.4154727793696275,-4.811573989812013,0.4445149124992731,19,0.5294117647058824
SPXW,"d50ret,d65ret,d80_zero",-999999.0,1,score_desc,d80_zero,22,1,15,False,False,False,False,False,-20.42885200503738,13.268798160433478,-20.42885200503738,82,0.4146341463414634,1.1910399165912275,2.553071143156777,0.031135013940936308,-2.399999999999999,0.21951219512195122,82,0.4146341463414634,-2.399999999999999,0.9792128224475732,0,0.3333333333333333,128,0.3984375,1.0359321473894931,0.787394974866623,0.006151523241145492,-3.600433381721058,0.2578125,128,0.3984375,-3.600433381721058,3.175026612817126,20,0.6666666666666666,349,0.4154727793696275,1.1074434301192715,5.624108280066055,0.016114923438584686,-4.811573989812013,0.47277936962750716,349,0.4154727793696275,-4.811573989812013,0.4445149124992731,19,0.5294117647058824
SPXW,"d50ret,d65ret,d80_zero",-999999.0,1,score_desc,d80_zero,22,1,30,False,False,False,False,False,-20.42885200503738,13.268798160433478,-20.42885200503738,82,0.4146341463414634,1.1910399165912275,2.553071143156777,0.031135013940936308,-2.399999999999999,0.21951219512195122,82,0.4146341463414634,-2.399999999999999,0.9792128224475732,0,0.3333333333333333,128,0.3984375,1.0359321473894931,0.787394974866623,0.006151523241145492,-3.600433381721058,0.2578125,128,0.3984375,-3.600433381721058,3.175026612817126,20,0.6666666666666666,349,0.4154727793696275,1.1074434301192715,5.624108280066055,0.016114923438584686,-4.811573989812013,0.47277936962750716,349,0.4154727793696275,-4.811573989812013,0.4445149124992731,19,0.5294117647058824
SPXW,"d50ret,d65ret,d80_zero",-999999.0,1,score_desc,d80_zero,21,1,0,False,False,False,False,False,-20.42885200503738,-10.298994678955763,-20.42885200503738,82,0.4146341463414634,1.1910399165912275,2.553071143156777,0.031135013940936308,-2.399999999999999,0.21951219512195122,82,0.4146341463414634,-2.399999999999999,0.9792128224475732,0,0.3333333333333333,128,0.3828125,0.9639056929950367,-0.8126050251333763,-0.006348476758854502,-4.780125927873672,0.265625,128,0.3828125,-4.780125927873672,-3.076525400011727,20,0.6666666666666666,349,0.4154727793696275,1.106311565651257,5.564861024841549,0.015945160529631946,-4.811573989812013,0.47277936962750716,349,0.4154727793696275,-4.811573989812013,0.4492475173845305,19,0.5294117647058824
SPXW,"d50ret,d65ret,d80_zero",-999999.0,1,score_desc,d80_zero,21,1,15,False,False,False,False,False,-20.42885200503738,-10.298994678955763,-20.42885200503738,82,0.4146341463414634,1.1910399165912275,2.553071143156777,0.031135013940936308,-2.399999999999999,0.21951219512195122,82,0.4146341463414634,-2.399999999999999,0.9792128224475732,0,0.3333333333333333,128,0.3828125,0.9639056929950367,-0.8126050251333763,-0.006348476758854502,-4.780125927873672,0.265625,128,0.3828125,-4.780125927873672,-3.076525400011727,20,0.6666666666666666,349,0.4154727793696275,1.106311565651257,5.564861024841549,0.015945160529631946,-4.811573989812013,0.47277936962750716,349,0.4154727793696275,-4.811573989812013,0.4492475173845305,19,0.5294117647058824
SPXW,"d50ret,d65ret,d80_zero",-999999.0,1,score_desc,d80_zero,21,1,30,False,False,False,False,False,-20.42885200503738,-10.298994678955763,-20.42885200503738,82,0.4146341463414634,1.1910399165912275,2.553071143156777,0.031135013940936308,-2.399999999999999,0.21951219512195122,82,0.4146341463414634,-2.399999999999999,0.9792128224475732,0,0.3333333333333333,128,0.3828125,0.9639056929950367,-0.8126050251333763,-0.006348476758854502,-4.780125927873672,0.265625,128,0.3828125,-4.780125927873672,-3.076525400011727,20,0.6666666666666666,349,0.4154727793696275,1.106311565651257,5.564861024841549,0.015945160529631946,-4.811573989812013,0.47277936962750716,349,0.4154727793696275,-4.811573989812013,0.4492475173845305,19,0.5294117647058824
SPXW,"d50ret,d65ret,d80_zero",0.0,1,score_desc,d80_zero,22,1,0,False,False,False,False,False,-20.42885200503738,13.268798160433478,-20.42885200503738,82,0.4146341463414634,1.1910399165912275,2.553071143156777,0.031135013940936308,-2.399999999999999,0.21951219512195122,82,0.4146341463414634,-2.399999999999999,0.9792128224475732,0,0.3333333333333333,128,0.3984375,1.0359321473894931,0.787394974866623,0.006151523241145492,-3.600433381721058,0.2578125,128,0.3984375,-3.600433381721058,3.175026612817126,20,0.6666666666666666,327,0.40978593272171254,1.0884144611923265,4.512001168180638,0.013798168710032532,-4.809959863554732,0.46788990825688076,327,0.40978593272171254,-4.809959863554732,0.5540778707307091,15,0.5882352941176471
SPXW,"d50ret,d65ret,d80_zero",0.0,1,score_desc,d80_zero,22,1,15,False,False,False,False,False,-20.42885200503738,13.268798160433478,-20.42885200503738,82,0.4146341463414634,1.1910399165912275,2.553071143156777,0.031135013940936308,-2.399999999999999,0.21951219512195122,82,0.4146341463414634,-2.399999999999999,0.9792128224475732,0,0.3333333333333333,128,0.3984375,1.0359321473894931,0.787394974866623,0.006151523241145492,-3.600433381721058,0.2578125,128,0.3984375,-3.600433381721058,3.175026612817126,20,0.6666666666666666,327,0.40978593272171254,1.0884144611923265,4.512001168180638,0.013798168710032532,-4.809959863554732,0.46788990825688076,327,0.40978593272171254,-4.809959863554732,0.5540778707307091,15,0.5882352941176471
SPXW,"d50ret,d65ret,d80_zero",0.0,1,score_desc,d80_zero,22,1,30,False,False,False,False,False,-20.42885200503738,13.268798160433478,-20.42885200503738,82,0.4146341463414634,1.1910399165912275,2.553071143156777,0.031135013940936308,-2.399999999999999,0.21951219512195122,82,0.4146341463414634,-2.399999999999999,0.9792128224475732,0,0.3333333333333333,128,0.3984375,1.0359321473894931,0.787394974866623,0.006151523241145492,-3.600433381721058,0.2578125,128,0.3984375,-3.600433381721058,3.175026612817126,20,0.6666666666666666,327,0.40978593272171254,1.0884144611923265,4.512001168180638,0.013798168710032532,-4.809959863554732,0.46788990825688076,327,0.40978593272171254,-4.809959863554732,0.5540778707307091,15,0.5882352941176471
SPXW,"d50ret,d65ret,d80_zero",0.0,1,score_desc,d80_zero,21,1,0,False,False,False,False,False,-20.42885200503738,-10.298994678955763,-20.42885200503738,82,0.4146341463414634,1.1910399165912275,2.553071143156777,0.031135013940936308,-2.399999999999999,0.21951219512195122,82,0.4146341463414634,-2.399999999999999,0.9792128224475732,0,0.3333333333333333,128,0.3828125,0.9639056929950367,-0.8126050251333763,-0.006348476758854502,-4.780125927873672,0.265625,128,0.3828125,-4.780125927873672,-3.076525400011727,20,0.6666666666666666,327,0.40978593272171254,1.0872534876126343,4.4527539129561315,0.013616984443290922,-4.809959863554732,0.46788990825688076,327,0.40978593272171254,-4.809959863554732,0.5614502954510412,15,0.5882352941176471
SPXW,"d50ret,d65ret,d80_zero",0.0,1,score_desc,d80_zero,21,1,15,False,False,False,False,False,-20.42885200503738,-10.298994678955763,-20.42885200503738,82,0.4146341463414634,1.1910399165912275,2.553071143156777,0.031135013940936308,-2.399999999999999,0.21951219512195122,82,0.4146341463414634,-2.399999999999999,0.9792128224475732,0,0.3333333333333333,128,0.3828125,0.9639056929950367,-0.8126050251333763,-0.006348476758854502,-4.780125927873672,0.265625,128,0.3828125,-4.780125927873672,-3.076525400011727,20,0.6666666666666666,327,0.40978593272171254,1.0872534876126343,4.4527539129561315,0.013616984443290922,-4.809959863554732,0.46788990825688076,327,0.40978593272171254,-4.809959863554732,0.5614502954510412,15,0.5882352941176471
SPXW,"d50ret,d65ret,d80_zero",0.0,1,score_desc,d80_zero,21,1,30,False,False,False,False,False,-20.42885200503738,-10.298994678955763,-20.42885200503738,82,0.4146341463414634,1.1910399165912275,2.553071143156777,0.031135013940936308,-2.399999999999999,0.21951219512195122,82,0.4146341463414634,-2.399999999999999,0.9792128224475732,0,0.3333333333333333,128,0.3828125,0.9639056929950367,-0.8126050251333763,-0.006348476758854502,-4.780125927873672,0.265625,128,0.3828125,-4.780125927873672,-3.076525400011727,20,0.6666666666666666,327,0.40978593272171254,1.0872534876126343,4.4527539129561315,0.013616984443290922,-4.809959863554732,0.46788990825688076,327,0.40978593272171254,-4.809959863554732,0.5614502954510412,15,0.5882352941176471
SPXW,"d80,d80_front",0.0,1,score_desc,d65win,22,1,0,False,False,False,False,False,-20.456399288606164,20.1592092027027,-20.456399288606164,94,0.46808510638297873,1.1253153148970665,1.2993530458824525,0.013822904743430346,-2.8221345020498196,0.20212765957446807,94,0.46808510638297873,-2.8221345020498196,1.924034432306372,0,0.5,126,0.5,1.198335608030274,3.1076550648159653,0.024663929085840995,-1.9791791678046557,0.14285714285714285,126,0.5,-1.9791791678046557,0.8044650863296662,18,0.8333333333333334,341,0.46920821114369504,1.1013654365995593,3.7618523132813326,0.011031824965634407,-3.5190611031965124,0.44868035190615835,341,0.46920821114369504,-3.5190611031965124,0.6645662274336701,11,0.5294117647058824
SPXW,"d80,d80_front",0.0,1,score_desc,d65win,22,1,15,False,False,False,False,False,-20.456399288606164,20.1592092027027,-20.456399288606164,94,0.46808510638297873,1.1253153148970665,1.2993530458824525,0.013822904743430346,-2.8221345020498196,0.20212765957446807,94,0.46808510638297873,-2.8221345020498196,1.924034432306372,0,0.5,126,0.5,1.198335608030274,3.1076550648159653,0.024663929085840995,-1.9791791678046557,0.14285714285714285,126,0.5,-1.9791791678046557,0.8044650863296662,18,0.8333333333333334,341,0.46920821114369504,1.1013654365995593,3.7618523132813326,0.011031824965634407,-3.5190611031965124,0.44868035190615835,341,0.46920821114369504,-3.5190611031965124,0.6645662274336701,11,0.5294117647058824
SPXW,"d80,d80_front",0.0,1,score_desc,d65win,22,1,30,False,False,False,False,False,-20.456399288606164,20.1592092027027,-20.456399288606164,94,0.46808510638297873,1.1253153148970665,1.2993530458824525,0.013822904743430346,-2.8221345020498196,0.20212765957446807,94,0.46808510638297873,-2.8221345020498196,1.924034432306372,0,0.5,126,0.5,1.198335608030274,3.1076550648159653,0.024663929085840995,-1.9791791678046557,0.14285714285714285,126,0.5,-1.9791791678046557,0.8044650863296662,18,0.8333333333333334,341,0.46920821114369504,1.1013654365995593,3.7618523132813326,0.011031824965634407,-3.5190611031965124,0.44868035190615835,341,0.46920821114369504,-3.5190611031965124,0.6645662274336701,11,0.5294117647058824
SPXW,"d50ret,d80,d80_front",0.0,1,score_desc,d65win,21,2,15,False,False,False,False,False,-20.541031555186493,23.696874539162483,-20.541031555186493,105,0.45714285714285713,1.1267496440519087,1.674531354462266,0.01594791766154539,-2.0399299258154957,0.20952380952380953,92,0.4782608695652174,-2.0399299258154957,1.662496155152316,0,0.5,137,0.48905109489051096,1.3633420521472197,7.239011777806825,0.05283950202778704,-2.293075087385292,0.15328467153284672,125,0.48,-2.293075087385292,0.42970299593755884,21,0.5,381,0.46194225721784776,1.2074201835980964,10.495364824091562,0.02754688930207759,-2.6479567140463978,0.32545931758530183,344,0.45058139534883723,-2.647956714046396,0.38289451637019184,19,0.7058823529411765
SPXW,"d50ret,d80,d80_front",0.0,1,score_desc,d65win,21,2,0,False,False,False,False,False,-20.581077098131956,23.705219486466127,-20.581077098131956,105,0.45714285714285713,1.1253906544225316,1.650972291553966,0.015723545633847296,-2.0399299258154957,0.20952380952380953,92,0.4782608695652174,-2.0399299258154957,1.6862196614185387,0,0.5,137,0.48905109489051096,1.3640383532795803,7.252884469030622,0.052940762547668774,-2.293075087385292,0.15328467153284672,125,0.48,-2.293075087385292,0.43079381080948964,21,0.5,381,0.4645669291338583,1.22016653819103,11.153733021296294,0.029274889819675312,-3.0479567140464026,0.31758530183727035,344,0.4563953488372093,-3.0479567140464026,0.39112540821819985,19,0.7647058823529411
SPXW,"d50ret,d80,d80_front",0.0,1,score_desc,d80_zero,22,1,0,False,False,True,False,False,-20.609841546940352,13.353812323781431,-20.609841546940352,89,0.4606741573033708,1.127683778606012,1.430552731909919,0.016073626201235043,-2.05375388134711,0.19101123595505617,89,0.4606741573033708,-2.05375388134711,1.7475762649184354,0,0.5,124,0.41935483870967744,1.085243507702468,1.7411690584465147,0.014041685955213828,-2.3777454259441857,0.18548387096774194,124,0.41935483870967744,-2.3777454259441857,1.435816923045095,17,0.8333333333333334,344,0.4680232558139535,1.329489146468721,15.351175712409365,0.04462551079188769,-2.861942955612074,0.36046511627906974,344,0.4680232558139535,-2.861942955612074,0.16285397593222034,18,0.8823529411764706
SPXW,"d50ret,d80,d80_front",0.0,1,score_desc,d80_zero,22,1,15,False,False,True,False,False,-20.609841546940352,13.353812323781431,-20.609841546940352,89,0.4606741573033708,1.127683778606012,1.430552731909919,0.016073626201235043,-2.05375388134711,0.19101123595505617,89,0.4606741573033708,-2.05375388134711,1.7475762649184354,0,0.5,124,0.41935483870967744,1.085243507702468,1.7411690584465147,0.014041685955213828,-2.3777454259441857,0.18548387096774194,124,0.41935483870967744,-2.3777454259441857,1.435816923045095,17,0.8333333333333334,344,0.4680232558139535,1.329489146468721,15.351175712409365,0.04462551079188769,-2.861942955612074,0.36046511627906974,344,0.4680232558139535,-2.861942955612074,0.16285397593222034,18,0.8823529411764706
SPXW,"d50ret,d80,d80_front",0.0,1,score_desc,d80_zero,22,1,30,False,False,True,False,False,-20.609841546940352,13.353812323781431,-20.609841546940352,89,0.4606741573033708,1.127683778606012,1.430552731909919,0.016073626201235043,-2.05375388134711,0.19101123595505617,89,0.4606741573033708,-2.05375388134711,1.7475762649184354,0,0.5,124,0.41935483870967744,1.085243507702468,1.7411690584465147,0.014041685955213828,-2.3777454259441857,0.18548387096774194,124,0.41935483870967744,-2.3777454259441857,1.435816923045095,17,0.8333333333333334,344,0.4680232558139535,1.329489146468721,15.351175712409365,0.04462551079188769,-2.861942955612074,0.36046511627906974,344,0.4680232558139535,-2.861942955612074,0.16285397593222034,18,0.8823529411764706
SPXW,"d80,d80_front",0.0,1,score_desc,d80_zero,22,1,0,False,False,False,False,False,-20.609841546940352,-12.805101237174556,-20.609841546940352,89,0.4606741573033708,1.127683778606012,1.430552731909919,0.016073626201235043,-2.05375388134711,0.19101123595505617,89,0.4606741573033708,-2.05375388134711,1.7475762649184354,0,0.5,123,0.4065040650406504,0.9953669207689603,-0.09018201078323285,-0.0007331870795384784,-2.5577081092454548,0.14634146341463414,123,0.4065040650406504,-2.5577081092454548,-27.721714988249232,16,0.6666666666666666,335,0.4716417910447761,1.3656604235379133,15.520169584892129,0.046328864432513814,-3.3845312697345404,0.43582089552238806,335,0.4716417910447761,-3.3845312697345404,0.1610807141201335,12,0.7058823529411765
SPXW,"d80,d80_front",0.0,1,score_desc,d80_zero,22,1,15,False,False,False,False,False,-20.609841546940352,-12.805101237174556,-20.609841546940352,89,0.4606741573033708,1.127683778606012,1.430552731909919,0.016073626201235043,-2.05375388134711,0.19101123595505617,89,0.4606741573033708,-2.05375388134711,1.7475762649184354,0,0.5,123,0.4065040650406504,0.9953669207689603,-0.09018201078323285,-0.0007331870795384784,-2.5577081092454548,0.14634146341463414,123,0.4065040650406504,-2.5577081092454548,-27.721714988249232,16,0.6666666666666666,335,0.4716417910447761,1.3656604235379133,15.520169584892129,0.046328864432513814,-3.3845312697345404,0.43582089552238806,335,0.4716417910447761,-3.3845312697345404,0.1610807141201335,12,0.7058823529411765
SPXW,"d80,d80_front",0.0,1,score_desc,d80_zero,22,1,30,False,False,False,False,False,-20.609841546940352,-12.805101237174556,-20.609841546940352,89,0.4606741573033708,1.127683778606012,1.430552731909919,0.016073626201235043,-2.05375388134711,0.19101123595505617,89,0.4606741573033708,-2.05375388134711,1.7475762649184354,0,0.5,123,0.4065040650406504,0.9953669207689603,-0.09018201078323285,-0.0007331870795384784,-2.5577081092454548,0.14634146341463414,123,0.4065040650406504,-2.5577081092454548,-27.721714988249232,16,0.6666666666666666,335,0.4716417910447761,1.3656604235379133,15.520169584892129,0.046328864432513814,-3.3845312697345404,0.43582089552238806,335,0.4716417910447761,-3.3845312697345404,0.1610807141201335,12,0.7058823529411765
SPXW,"d80,d80_front",0.0,1,score_desc,d80_zero,21,1,0,False,False,False,False,False,-20.609841546940352,-15.441664459952374,-20.609841546940352,89,0.4606741573033708,1.127683778606012,1.430552731909919,0.016073626201235043,-2.05375388134711,0.19101123595505617,89,0.4606741573033708,-2.05375388134711,1.7475762649184354,0,0.5,123,0.3983739837398374,0.9549612683606826,-0.890182010783233,-0.007237252120188886,-2.9577081092454547,0.14634146341463414,123,0.3983739837398374,-2.9577081092454547,-2.8084144250459038,16,0.5,334,0.46407185628742514,1.3283115065878213,14.103385602867561,0.04222570539780707,-4.301315251759101,0.4341317365269461,334,0.46407185628742514,-4.301315251759101,0.17726240141173544,12,0.6470588235294118
SPXW,"d80,d80_front",0.0,1,score_desc,d80_zero,21,1,15,False,False,False,False,False,-20.609841546940352,-15.441664459952374,-20.609841546940352,89,0.4606741573033708,1.127683778606012,1.430552731909919,0.016073626201235043,-2.05375388134711,0.19101123595505617,89,0.4606741573033708,-2.05375388134711,1.7475762649184354,0,0.5,123,0.3983739837398374,0.9549612683606826,-0.890182010783233,-0.007237252120188886,-2.9577081092454547,0.14634146341463414,123,0.3983739837398374,-2.9577081092454547,-2.8084144250459038,16,0.5,334,0.46407185628742514,1.3283115065878213,14.103385602867561,0.04222570539780707,-4.301315251759101,0.4341317365269461,334,0.46407185628742514,-4.301315251759101,0.17726240141173544,12,0.6470588235294118
SPXW,"d80,d80_front",0.0,1,score_desc,d80_zero,21,1,30,False,False,False,False,False,-20.609841546940352,-15.441664459952374,-20.609841546940352,89,0.4606741573033708,1.127683778606012,1.430552731909919,0.016073626201235043,-2.05375388134711,0.19101123595505617,89,0.4606741573033708,-2.05375388134711,1.7475762649184354,0,0.5,123,0.3983739837398374,0.9549612683606826,-0.890182010783233,-0.007237252120188886,-2.9577081092454547,0.14634146341463414,123,0.3983739837398374,-2.9577081092454547,-2.8084144250459038,16,0.5,334,0.46407185628742514,1.3283115065878213,14.103385602867561,0.04222570539780707,-4.301315251759101,0.4341317365269461,334,0.46407185628742514,-4.301315251759101,0.17726240141173544,12,0.6470588235294118
SPXW,"d50ret,d80,d80_front",0.0,1,score_desc,d80_zero,21,1,0,False,False,False,False,False,-20.609841546940352,11.63127106776162,-20.609841546940352,89,0.4606741573033708,1.127683778606012,1.430552731909919,0.016073626201235043,-2.05375388134711,0.19101123595505617,89,0.4606741573033708,-2.05375388134711,1.7475762649184354,0,0.5,124,0.4112903225806452,1.0454104486413258,0.9411690584465144,0.00759007305198802,-2.4036375686284748,0.1935483870967742,124,0.4112903225806452,-2.4036375686284748,2.6562709191975333,17,0.6666666666666666,344,0.45930232558139533,1.2876214051577461,13.634391730384795,0.03963485968135115,-3.4787983950508146,0.3546511627906977,344,0.45930232558139533,-3.4787983950508146,0.18335984834795735,18,0.8235294117647058
SPXW,"d50ret,d80,d80_front",0.0,1,score_desc,d80_zero,21,1,15,False,False,False,False,False,-20.609841546940352,11.63127106776162,-20.609841546940352,89,0.4606741573033708,1.127683778606012,1.430552731909919,0.016073626201235043,-2.05375388134711,0.19101123595505617,89,0.4606741573033708,-2.05375388134711,1.7475762649184354,0,0.5,124,0.4112903225806452,1.0454104486413258,0.9411690584465144,0.00759007305198802,-2.4036375686284748,0.1935483870967742,124,0.4112903225806452,-2.4036375686284748,2.6562709191975333,17,0.6666666666666666,344,0.45930232558139533,1.2876214051577461,13.634391730384795,0.03963485968135115,-3.4787983950508146,0.3546511627906977,344,0.45930232558139533,-3.4787983950508146,0.18335984834795735,18,0.8235294117647058
SPXW,"d50ret,d80,d80_front",0.0,1,score_desc,d80_zero,21,1,30,False,False,False,False,False,-20.609841546940352,11.63127106776162,-20.609841546940352,89,0.4606741573033708,1.127683778606012,1.430552731909919,0.016073626201235043,-2.05375388134711,0.19101123595505617,89,0.4606741573033708,-2.05375388134711,1.7475762649184354,0,0.5,124,0.4112903225806452,1.0454104486413258,0.9411690584465144,0.00759007305198802,-2.4036375686284748,0.1935483870967742,124,0.4112903225806452,-2.4036375686284748,2.6562709191975333,17,0.6666666666666666,344,0.45930232558139533,1.2876214051577461,13.634391730384795,0.03963485968135115,-3.4787983950508146,0.3546511627906977,344,0.45930232558139533,-3.4787983950508146,0.18335984834795735,18,0.8235294117647058
SPXW,"d65ret,d80,d80_zero",0.0,1,score_desc,d80_front,21,1,0,False,False,False,False,False,-20.695256354818827,-12.616219767895647,-20.695256354818827,102,0.46078431372549017,1.1191787547089518,1.5598918784480291,0.015293057631843424,-3.56393611729615,0.2549019607843137,102,0.46078431372549017,-3.56393611729615,1.6026751818769036,0,0.5,128,0.3984375,0.906590075909149,-1.6927597846112663,-0.013224685817275518,-3.552388230990312,0.203125,128,0.3984375,-3.552388230990312,-1.4768781859820188,20,0.5,349,0.4383954154727794,1.11057348822098,4.5939801202319295,0.013163266820148794,-4.267298844433606,0.41260744985673353,349,0.4383954154727794,-4.267298844433606,0.5441904262906967,19,0.7058823529411765
SPXW,"d65ret,d80,d80_zero",0.0,1,score_desc,d80_front,21,1,15,False,False,False,False,False,-20.695256354818827,-12.616219767895647,-20.695256354818827,102,0.46078431372549017,1.1191787547089518,1.5598918784480291,0.015293057631843424,-3.56393611729615,0.2549019607843137,102,0.46078431372549017,-3.56393611729615,1.6026751818769036,0,0.5,128,0.3984375,0.906590075909149,-1.6927597846112663,-0.013224685817275518,-3.552388230990312,0.203125,128,0.3984375,-3.552388230990312,-1.4768781859820188,20,0.5,349,0.4383954154727794,1.11057348822098,4.5939801202319295,0.013163266820148794,-4.267298844433606,0.41260744985673353,349,0.4383954154727794,-4.267298844433606,0.5441904262906967,19,0.7058823529411765
SPXW,"d65ret,d80,d80_zero",0.0,1,score_desc,d80_front,21,1,30,False,False,False,False,False,-20.695256354818827,-12.616219767895647,-20.695256354818827,102,0.46078431372549017,1.1191787547089518,1.5598918784480291,0.015293057631843424,-3.56393611729615,0.2549019607843137,102,0.46078431372549017,-3.56393611729615,1.6026751818769036,0,0.5,128,0.3984375,0.906590075909149,-1.6927597846112663,-0.013224685817275518,-3.552388230990312,0.203125,128,0.3984375,-3.552388230990312,-1.4768781859820188,20,0.5,349,0.4383954154727794,1.11057348822098,4.5939801202319295,0.013163266820148794,-4.267298844433606,0.41260744985673353,349,0.4383954154727794,-4.267298844433606,0.5441904262906967,19,0.7058823529411765
SPXW,"d65ret,d80,d80_zero",-999999.0,1,score_desc,d80_front,21,1,0,False,False,False,False,False,-20.695256354818827,-12.616219767895647,-20.695256354818827,102,0.46078431372549017,1.1191787547089518,1.5598918784480291,0.015293057631843424,-3.56393611729615,0.2549019607843137,102,0.46078431372549017,-3.56393611729615,1.6026751818769036,0,0.5,128,0.3984375,0.906590075909149,-1.6927597846112663,-0.013224685817275518,-3.552388230990312,0.203125,128,0.3984375,-3.552388230990312,-1.4768781859820188,20,0.5,351,0.42450142450142453,1.0278254513317688,1.2244880530595899,0.0034885699517367232,-3.8364971874266964,0.41595441595441596,351,0.42450142450142453,-3.8364971874266964,2.0416695726457506,19,0.5882352941176471
SPXW,"d65ret,d80,d80_zero",-999999.0,1,score_desc,d80_front,21,1,15,False,False,False,False,False,-20.695256354818827,-12.616219767895647,-20.695256354818827,102,0.46078431372549017,1.1191787547089518,1.5598918784480291,0.015293057631843424,-3.56393611729615,0.2549019607843137,102,0.46078431372549017,-3.56393611729615,1.6026751818769036,0,0.5,128,0.3984375,0.906590075909149,-1.6927597846112663,-0.013224685817275518,-3.552388230990312,0.203125,128,0.3984375,-3.552388230990312,-1.4768781859820188,20,0.5,351,0.42450142450142453,1.0278254513317688,1.2244880530595899,0.0034885699517367232,-3.8364971874266964,0.41595441595441596,351,0.42450142450142453,-3.8364971874266964,2.0416695726457506,19,0.5882352941176471
SPXW,"d65ret,d80,d80_zero",-999999.0,1,score_desc,d80_front,21,1,30,False,False,False,False,False,-20.695256354818827,-12.616219767895647,-20.695256354818827,102,0.46078431372549017,1.1191787547089518,1.5598918784480291,0.015293057631843424,-3.56393611729615,0.2549019607843137,102,0.46078431372549017,-3.56393611729615,1.6026751818769036,0,0.5,128,0.3984375,0.906590075909149,-1.6927597846112663,-0.013224685817275518,-3.552388230990312,0.203125,128,0.3984375,-3.552388230990312,-1.4768781859820188,20,0.5,351,0.42450142450142453,1.0278254513317688,1.2244880530595899,0.0034885699517367232,-3.8364971874266964,0.41595441595441596,351,0.42450142450142453,-3.8364971874266964,2.0416695726457506,19,0.5882352941176471
SPXW,d80,-999999.0,1,score_desc,d80_front,21,1,0,False,False,False,False,False,-20.712852112727674,14.616235710991866,-20.712852112727674,101,0.45544554455445546,1.124131013893333,1.3086086203273661,0.012956520993340258,-2.0318188986351204,0.26732673267326734,101,0.45544554455445546,-2.0318188986351204,1.9104260518890601,0,0.5,123,0.44715447154471544,1.1906266654822832,2.685890904051115,0.021836511415049716,-2.039234472705752,0.13821138211382114,123,0.44715447154471544,-2.039234472705752,0.9307898530909291,16,0.8333333333333334,342,0.4590643274853801,1.1805290784838125,6.3208600569317035,0.0184820469500927,-3.4477430989979636,0.4502923976608187,342,0.4590643274853801,-3.4477430989979636,0.3955157965027879,18,0.7058823529411765
SPXW,d80,-999999.0,1,score_desc,d80_front,21,1,15,False,False,False,False,False,-20.712852112727674,14.616235710991866,-20.712852112727674,101,0.45544554455445546,1.124131013893333,1.3086086203273661,0.012956520993340258,-2.0318188986351204,0.26732673267326734,101,0.45544554455445546,-2.0318188986351204,1.9104260518890601,0,0.5,123,0.44715447154471544,1.1906266654822832,2.685890904051115,0.021836511415049716,-2.039234472705752,0.13821138211382114,123,0.44715447154471544,-2.039234472705752,0.9307898530909291,16,0.8333333333333334,342,0.4590643274853801,1.1805290784838125,6.3208600569317035,0.0184820469500927,-3.4477430989979636,0.4502923976608187,342,0.4590643274853801,-3.4477430989979636,0.3955157965027879,18,0.7058823529411765
SPXW,d80,-999999.0,1,score_desc,d80_front,21,1,30,False,False,False,False,False,-20.712852112727674,14.616235710991866,-20.712852112727674,101,0.45544554455445546,1.124131013893333,1.3086086203273661,0.012956520993340258,-2.0318188986351204,0.26732673267326734,101,0.45544554455445546,-2.0318188986351204,1.9104260518890601,0,0.5,123,0.44715447154471544,1.1906266654822832,2.685890904051115,0.021836511415049716,-2.039234472705752,0.13821138211382114,123,0.44715447154471544,-2.039234472705752,0.9307898530909291,16,0.8333333333333334,342,0.4590643274853801,1.1805290784838125,6.3208600569317035,0.0184820469500927,-3.4477430989979636,0.4502923976608187,342,0.4590643274853801,-3.4477430989979636,0.3955157965027879,18,0.7058823529411765
SPXW,d80,0.0,1,score_desc,d80_front,21,1,0,False,False,False,False,False,-20.712852112727674,14.616235710991866,-20.712852112727674,101,0.45544554455445546,1.124131013893333,1.3086086203273661,0.012956520993340258,-2.0318188986351204,0.26732673267326734,101,0.45544554455445546,-2.0318188986351204,1.9104260518890601,0,0.5,123,0.44715447154471544,1.1906266654822832,2.685890904051115,0.021836511415049716,-2.039234472705752,0.13821138211382114,123,0.44715447154471544,-2.039234472705752,0.9307898530909291,16,0.8333333333333334,332,0.45481927710843373,1.1519182357479392,5.163804064389101,0.015553626699967172,-3.284476888179614,0.44879518072289154,332,0.45481927710843373,-3.284476888179614,0.48413920606334243,12,0.7058823529411765
SPXW,d80,0.0,1,score_desc,d80_front,21,1,15,False,False,False,False,False,-20.712852112727674,14.616235710991866,-20.712852112727674,101,0.45544554455445546,1.124131013893333,1.3086086203273661,0.012956520993340258,-2.0318188986351204,0.26732673267326734,101,0.45544554455445546,-2.0318188986351204,1.9104260518890601,0,0.5,123,0.44715447154471544,1.1906266654822832,2.685890904051115,0.021836511415049716,-2.039234472705752,0.13821138211382114,123,0.44715447154471544,-2.039234472705752,0.9307898530909291,16,0.8333333333333334,332,0.45481927710843373,1.1519182357479392,5.163804064389101,0.015553626699967172,-3.284476888179614,0.44879518072289154,332,0.45481927710843373,-3.284476888179614,0.48413920606334243,12,0.7058823529411765
SPXW,d80,0.0,1,score_desc,d80_front,21,1,30,False,False,False,False,False,-20.712852112727674,14.616235710991866,-20.712852112727674,101,0.45544554455445546,1.124131013893333,1.3086086203273661,0.012956520993340258,-2.0318188986351204,0.26732673267326734,101,0.45544554455445546,-2.0318188986351204,1.9104260518890601,0,0.5,123,0.44715447154471544,1.1906266654822832,2.685890904051115,0.021836511415049716,-2.039234472705752,0.13821138211382114,123,0.44715447154471544,-2.039234472705752,0.9307898530909291,16,0.8333333333333334,332,0.45481927710843373,1.1519182357479392,5.163804064389101,0.015553626699967172,-3.284476888179614,0.44879518072289154,332,0.45481927710843373,-3.284476888179614,0.48413920606334243,12,0.7058823529411765
SPXW,"d80,d80_front",0.0,1,score_desc,d80_front,21,1,0,False,False,False,False,False,-20.713013539338107,14.616235710991866,-20.713013539338107,101,0.45544554455445546,1.1241100091183247,1.3105321080262657,0.01297556542600263,-1.8022063037551785,0.25742574257425743,101,0.45544554455445546,-1.8022063037551785,1.907622090820147,0,0.5,123,0.44715447154471544,1.1906266654822832,2.685890904051115,0.021836511415049716,-2.039234472705752,0.13821138211382114,123,0.44715447154471544,-2.039234472705752,0.9307898530909291,16,0.8333333333333334,332,0.46686746987951805,1.2078054474443405,6.863224334836617,0.02067236245432716,-2.6479567140463978,0.4427710843373494,332,0.46686746987951805,-2.6479567140463978,0.36426027739038114,12,0.7058823529411765
SPXW,"d80,d80_front",0.0,1,score_desc,d80_front,21,1,15,False,False,False,False,False,-20.713013539338107,14.616235710991866,-20.713013539338107,101,0.45544554455445546,1.1241100091183247,1.3105321080262657,0.01297556542600263,-1.8022063037551785,0.25742574257425743,101,0.45544554455445546,-1.8022063037551785,1.907622090820147,0,0.5,123,0.44715447154471544,1.1906266654822832,2.685890904051115,0.021836511415049716,-2.039234472705752,0.13821138211382114,123,0.44715447154471544,-2.039234472705752,0.9307898530909291,16,0.8333333333333334,332,0.46686746987951805,1.2078054474443405,6.863224334836617,0.02067236245432716,-2.6479567140463978,0.4427710843373494,332,0.46686746987951805,-2.6479567140463978,0.36426027739038114,12,0.7058823529411765
SPXW,"d80,d80_front",0.0,1,score_desc,d80_front,21,1,30,False,False,False,False,False,-20.713013539338107,14.616235710991866,-20.713013539338107,101,0.45544554455445546,1.1241100091183247,1.3105321080262657,0.01297556542600263,-1.8022063037551785,0.25742574257425743,101,0.45544554455445546,-1.8022063037551785,1.907622090820147,0,0.5,123,0.44715447154471544,1.1906266654822832,2.685890904051115,0.021836511415049716,-2.039234472705752,0.13821138211382114,123,0.44715447154471544,-2.039234472705752,0.9307898530909291,16,0.8333333333333334,332,0.46686746987951805,1.2078054474443405,6.863224334836617,0.02067236245432716,-2.6479567140463978,0.4427710843373494,332,0.46686746987951805,-2.6479567140463978,0.36426027739038114,12,0.7058823529411765
SPXW,"d65ret,d80_zero",-999999.0,1,score_desc,d50ret,21,1,0,False,False,False,False,False,-20.723112486485764,-8.8426401737252,-20.723112486485764,82,0.4024390243902439,1.1963811469489951,2.582530740624576,0.03149427732468995,-2.6792508029647375,0.23170731707317074,82,0.4024390243902439,-2.6792508029647375,0.9680426880012215,0,0.3333333333333333,128,0.40625,0.982243246559539,-0.37476215356101084,-0.002927829324695397,-3.286411522731199,0.1953125,128,0.40625,-3.286411522731199,-6.670897731387391,20,0.5,349,0.4269340974212034,1.081002133169244,3.809733235736087,0.0109161410766077,-3.4965422536158717,0.4871060171919771,349,0.4269340974212034,-3.4965422536158717,0.6562139250458489,19,0.5882352941176471
SPXW,"d65ret,d80_zero",-999999.0,1,score_desc,d50ret,21,1,15,False,False,False,False,False,-20.723112486485764,-8.8426401737252,-20.723112486485764,82,0.4024390243902439,1.1963811469489951,2.582530740624576,0.03149427732468995,-2.6792508029647375,0.23170731707317074,82,0.4024390243902439,-2.6792508029647375,0.9680426880012215,0,0.3333333333333333,128,0.40625,0.982243246559539,-0.37476215356101084,-0.002927829324695397,-3.286411522731199,0.1953125,128,0.40625,-3.286411522731199,-6.670897731387391,20,0.5,349,0.4269340974212034,1.081002133169244,3.809733235736087,0.0109161410766077,-3.4965422536158717,0.4871060171919771,349,0.4269340974212034,-3.4965422536158717,0.6562139250458489,19,0.5882352941176471
SPXW,"d65ret,d80_zero",-999999.0,1,score_desc,d50ret,21,1,30,False,False,False,False,False,-20.723112486485764,-8.8426401737252,-20.723112486485764,82,0.4024390243902439,1.1963811469489951,2.582530740624576,0.03149427732468995,-2.6792508029647375,0.23170731707317074,82,0.4024390243902439,-2.6792508029647375,0.9680426880012215,0,0.3333333333333333,128,0.40625,0.982243246559539,-0.37476215356101084,-0.002927829324695397,-3.286411522731199,0.1953125,128,0.40625,-3.286411522731199,-6.670897731387391,20,0.5,349,0.4269340974212034,1.081002133169244,3.809733235736087,0.0109161410766077,-3.4965422536158717,0.4871060171919771,349,0.4269340974212034,-3.4965422536158717,0.6562139250458489,19,0.5882352941176471
SPXW,"d65ret,d80_zero",-999999.0,1,score_desc,d50ret,22,1,0,False,False,False,False,False,-20.723112486485764,14.140247057682,-20.723112486485764,82,0.4024390243902439,1.1963811469489951,2.582530740624576,0.03149427732468995,-2.6792508029647375,0.23170731707317074,82,0.4024390243902439,-2.6792508029647375,0.9680426880012215,0,0.3333333333333333,128,0.421875,1.0482813688439312,0.9871573386989423,0.007712166708585487,-2.8136117862547687,0.21875,128,0.421875,-2.8136117862547687,2.5325243524957837,20,0.5,349,0.42406876790830944,1.0645536439146532,3.0341465995483583,0.008693829798132833,-3.4965422536158717,0.4813753581661891,349,0.42406876790830944,-3.4965422536158717,0.8239549138371008,19,0.5294117647058824
SPXW,"d65ret,d80_zero",-999999.0,1,score_desc,d50ret,22,1,15,False,False,False,False,False,-20.723112486485764,14.140247057682,-20.723112486485764,82,0.4024390243902439,1.1963811469489951,2.582530740624576,0.03149427732468995,-2.6792508029647375,0.23170731707317074,82,0.4024390243902439,-2.6792508029647375,0.9680426880012215,0,0.3333333333333333,128,0.421875,1.0482813688439312,0.9871573386989423,0.007712166708585487,-2.8136117862547687,0.21875,128,0.421875,-2.8136117862547687,2.5325243524957837,20,0.5,349,0.42406876790830944,1.0645536439146532,3.0341465995483583,0.008693829798132833,-3.4965422536158717,0.4813753581661891,349,0.42406876790830944,-3.4965422536158717,0.8239549138371008,19,0.5294117647058824
SPXW,"d65ret,d80_zero",-999999.0,1,score_desc,d50ret,22,1,30,False,False,False,False,False,-20.723112486485764,14.140247057682,-20.723112486485764,82,0.4024390243902439,1.1963811469489951,2.582530740624576,0.03149427732468995,-2.6792508029647375,0.23170731707317074,82,0.4024390243902439,-2.6792508029647375,0.9680426880012215,0,0.3333333333333333,128,0.421875,1.0482813688439312,0.9871573386989423,0.007712166708585487,-2.8136117862547687,0.21875,128,0.421875,-2.8136117862547687,2.5325243524957837,20,0.5,349,0.42406876790830944,1.0645536439146532,3.0341465995483583,0.008693829798132833,-3.4965422536158717,0.4813753581661891,349,0.42406876790830944,-3.4965422536158717,0.8239549138371008,19,0.5294117647058824
SPXW,"d65ret,d80_zero",0.0,1,score_desc,d50ret,21,1,0,False,False,False,False,False,-20.723112486485764,-8.8426401737252,-20.723112486485764,82,0.4024390243902439,1.1963811469489951,2.582530740624576,0.03149427732468995,-2.6792508029647375,0.23170731707317074,82,0.4024390243902439,-2.6792508029647375,0.9680426880012215,0,0.3333333333333333,128,0.40625,0.982243246559539,-0.37476215356101084,-0.002927829324695397,-3.286411522731199,0.1953125,128,0.40625,-3.286411522731199,-6.670897731387391,20,0.5,324,0.4228395061728395,1.0442477206166807,1.9446398770002844,0.006001974929013223,-3.8047335312508612,0.4660493827160494,324,0.4228395061728395,-3.8047335312508612,1.2855850739091033,3,0.5294117647058824
SPXW,"d65ret,d80_zero",0.0,1,score_desc,d50ret,21,1,15,False,False,False,False,False,-20.723112486485764,-8.8426401737252,-20.723112486485764,82,0.4024390243902439,1.1963811469489951,2.582530740624576,0.03149427732468995,-2.6792508029647375,0.23170731707317074,82,0.4024390243902439,-2.6792508029647375,0.9680426880012215,0,0.3333333333333333,128,0.40625,0.982243246559539,-0.37476215356101084,-0.002927829324695397,-3.286411522731199,0.1953125,128,0.40625,-3.286411522731199,-6.670897731387391,20,0.5,324,0.4228395061728395,1.0442477206166807,1.9446398770002844,0.006001974929013223,-3.8047335312508612,0.4660493827160494,324,0.4228395061728395,-3.8047335312508612,1.2855850739091033,3,0.5294117647058824
SPXW,"d65ret,d80_zero",0.0,1,score_desc,d50ret,21,1,30,False,False,False,False,False,-20.723112486485764,-8.8426401737252,-20.723112486485764,82,0.4024390243902439,1.1963811469489951,2.582530740624576,0.03149427732468995,-2.6792508029647375,0.23170731707317074,82,0.4024390243902439,-2.6792508029647375,0.9680426880012215,0,0.3333333333333333,128,0.40625,0.982243246559539,-0.37476215356101084,-0.002927829324695397,-3.286411522731199,0.1953125,128,0.40625,-3.286411522731199,-6.670897731387391,20,0.5,324,0.4228395061728395,1.0442477206166807,1.9446398770002844,0.006001974929013223,-3.8047335312508612,0.4660493827160494,324,0.4228395061728395,-3.8047335312508612,1.2855850739091033,3,0.5294117647058824
SPXW,"d65ret,d80_zero",0.0,1,score_desc,d50ret,22,1,0,False,False,False,False,False,-20.723112486485764,14.140247057682,-20.723112486485764,82,0.4024390243902439,1.1963811469489951,2.582530740624576,0.03149427732468995,-2.6792508029647375,0.23170731707317074,82,0.4024390243902439,-2.6792508029647375,0.9680426880012215,0,0.3333333333333333,128,0.421875,1.0482813688439312,0.9871573386989423,0.007712166708585487,-2.8136117862547687,0.21875,128,0.421875,-2.8136117862547687,2.5325243524957837,20,0.5,324,0.4228395061728395,1.0442477206166807,1.9446398770002844,0.006001974929013223,-3.8047335312508612,0.4660493827160494,324,0.4228395061728395,-3.8047335312508612,1.2855850739091033,3,0.5294117647058824
SPXW,"d65ret,d80_zero",0.0,1,score_desc,d50ret,22,1,15,False,False,False,False,False,-20.723112486485764,14.140247057682,-20.723112486485764,82,0.4024390243902439,1.1963811469489951,2.582530740624576,0.03149427732468995,-2.6792508029647375,0.23170731707317074,82,0.4024390243902439,-2.6792508029647375,0.9680426880012215,0,0.3333333333333333,128,0.421875,1.0482813688439312,0.9871573386989423,0.007712166708585487,-2.8136117862547687,0.21875,128,0.421875,-2.8136117862547687,2.5325243524957837,20,0.5,324,0.4228395061728395,1.0442477206166807,1.9446398770002844,0.006001974929013223,-3.8047335312508612,0.4660493827160494,324,0.4228395061728395,-3.8047335312508612,1.2855850739091033,3,0.5294117647058824
SPXW,"d65ret,d80_zero",0.0,1,score_desc,d50ret,22,1,30,False,False,False,False,False,-20.723112486485764,14.140247057682,-20.723112486485764,82,0.4024390243902439,1.1963811469489951,2.582530740624576,0.03149427732468995,-2.6792508029647375,0.23170731707317074,82,0.4024390243902439,-2.6792508029647375,0.9680426880012215,0,0.3333333333333333,128,0.421875,1.0482813688439312,0.9871573386989423,0.007712166708585487,-2.8136117862547687,0.21875,128,0.421875,-2.8136117862547687,2.5325243524957837,20,0.5,324,0.4228395061728395,1.0442477206166807,1.9446398770002844,0.006001974929013223,-3.8047335312508612,0.4660493827160494,324,0.4228395061728395,-3.8047335312508612,1.2855850739091033,3,0.5294117647058824
SPXW,"d80,d80_front",0.0,1,score_desc,d80_front,22,1,0,False,False,False,False,False,-20.81347882001148,17.019145775715558,-20.81347882001148,102,0.45098039215686275,1.123389327932759,1.3037579745663093,0.01278194092712068,-1.8089804372151355,0.2549019607843137,102,0.45098039215686275,-1.8089804372151355,1.9175338128471404,0,0.5,123,0.4634146341463415,1.2633891605422625,3.521804674750332,0.02863255833130351,-2.039234472705752,0.13821138211382114,123,0.4634146341463415,-2.039234472705752,0.7098633316957677,16,0.8333333333333334,333,0.46546546546546547,1.2052396790127151,6.792914625434085,0.020399143019321577,-2.4182664234489293,0.44744744744744747,333,0.46546546546546547,-2.4182664234489293,0.3680305344394408,12,0.6470588235294118
SPXW,"d80,d80_front",0.0,1,score_desc,d80_front,22,1,15,False,False,False,False,False,-20.81347882001148,17.019145775715558,-20.81347882001148,102,0.45098039215686275,1.123389327932759,1.3037579745663093,0.01278194092712068,-1.8089804372151355,0.2549019607843137,102,0.45098039215686275,-1.8089804372151355,1.9175338128471404,0,0.5,123,0.4634146341463415,1.2633891605422625,3.521804674750332,0.02863255833130351,-2.039234472705752,0.13821138211382114,123,0.4634146341463415,-2.039234472705752,0.7098633316957677,16,0.8333333333333334,333,0.46546546546546547,1.2052396790127151,6.792914625434085,0.020399143019321577,-2.4182664234489293,0.44744744744744747,333,0.46546546546546547,-2.4182664234489293,0.3680305344394408,12,0.6470588235294118
SPXW,"d80,d80_front",0.0,1,score_desc,d80_front,22,1,30,False,False,False,False,False,-20.81347882001148,17.019145775715558,-20.81347882001148,102,0.45098039215686275,1.123389327932759,1.3037579745663093,0.01278194092712068,-1.8089804372151355,0.2549019607843137,102,0.45098039215686275,-1.8089804372151355,1.9175338128471404,0,0.5,123,0.4634146341463415,1.2633891605422625,3.521804674750332,0.02863255833130351,-2.039234472705752,0.13821138211382114,123,0.4634146341463415,-2.039234472705752,0.7098633316957677,16,0.8333333333333334,333,0.46546546546546547,1.2052396790127151,6.792914625434085,0.020399143019321577,-2.4182664234489293,0.44744744744744747,333,0.46546546546546547,-2.4182664234489293,0.3680305344394408,12,0.6470588235294118
SPXW,"d50ret,d80,d80_front",0.0,1,score_desc,d65win,21,3,15,False,False,False,False,False,-20.89096605877413,23.696874539162483,-20.89096605877413,106,0.4528301886792453,1.1171496196761368,1.5610021670995036,0.014726435538674563,-2.1,0.20754716981132076,92,0.4782608695652174,-2.1,1.7834068377036802,0,0.5,137,0.48905109489051096,1.3633420521472197,7.239011777806825,0.05283950202778704,-2.293075087385292,0.15328467153284672,125,0.48,-2.293075087385292,0.42970299593755884,21,0.5,381,0.46194225721784776,1.2074201835980964,10.495364824091562,0.02754688930207759,-2.6479567140463978,0.32545931758530183,344,0.45058139534883723,-2.647956714046396,0.38289451637019184,19,0.7058823529411765
SPXW,"d50ret,d80,d80_front",0.0,1,score_desc,d65win,21,4,15,False,False,False,False,False,-20.89096605877413,23.696874539162483,-20.89096605877413,106,0.4528301886792453,1.1171496196761368,1.5610021670995036,0.014726435538674563,-2.1,0.20754716981132076,92,0.4782608695652174,-2.1,1.7834068377036802,0,0.5,137,0.48905109489051096,1.3633420521472197,7.239011777806825,0.05283950202778704,-2.293075087385292,0.15328467153284672,125,0.48,-2.293075087385292,0.42970299593755884,21,0.5,381,0.46194225721784776,1.2074201835980964,10.495364824091562,0.02754688930207759,-2.6479567140463978,0.32545931758530183,344,0.45058139534883723,-2.647956714046396,0.38289451637019184,19,0.7058823529411765
SPXW,"d50ret,d80,d80_front",0.0,1,score_desc,d65win,21,3,30,False,False,False,False,False,-20.89096605877413,23.409282511913485,-20.89096605877413,106,0.4528301886792453,1.1171496196761368,1.5610021670995036,0.014726435538674563,-2.1,0.20754716981132076,92,0.4782608695652174,-2.1,1.7834068377036802,0,0.5,137,0.48905109489051096,1.3393454171841785,6.760917040083485,0.04934975941666778,-2.293075087385292,0.15328467153284672,125,0.48,-2.293075087385292,0.4618007757236243,21,0.5,380,0.45526315789473687,1.19100890770668,9.645483730520123,0.025382851922421377,-3.2944352748643144,0.32894736842105265,344,0.44476744186046513,-3.2944352748643153,0.38061613545014367,19,0.7058823529411765
SPXW,"d50ret,d80,d80_front",0.0,1,score_desc,d65win,21,4,30,False,False,False,False,False,-20.89096605877413,23.409282511913485,-20.89096605877413,106,0.4528301886792453,1.1171496196761368,1.5610021670995036,0.014726435538674563,-2.1,0.20754716981132076,92,0.4782608695652174,-2.1,1.7834068377036802,0,0.5,137,0.48905109489051096,1.3393454171841785,6.760917040083485,0.04934975941666778,-2.293075087385292,0.15328467153284672,125,0.48,-2.293075087385292,0.4618007757236243,21,0.5,380,0.45526315789473687,1.19100890770668,9.645483730520123,0.025382851922421377,-3.2944352748643144,0.32894736842105265,344,0.44476744186046513,-3.2944352748643153,0.38061613545014367,19,0.7058823529411765
SPXW,"d65ret,d80,d80_zero",0.0,1,score_desc,d80_front,22,1,0,False,False,False,False,False,-21.011799446349944,14.390308768177858,-21.011799446349944,102,0.46078431372549017,1.108443540140889,1.3727543146405898,0.013458375633731272,-3.56393611729615,0.22549019607843138,102,0.46078431372549017,-3.56393611729615,1.8211561772832905,0,0.5,128,0.4296875,1.037133807010402,0.6137322628703912,0.004794783303674931,-2.4229759338177708,0.203125,128,0.4296875,-2.4229759338177708,4.0734374763152275,20,0.6666666666666666,349,0.4355300859598854,1.0966829655525234,4.023670410829398,0.011529141578307731,-4.837608553836138,0.4183381088825215,349,0.4355300859598854,-4.837608553836138,0.6213232558192249,19,0.7058823529411765
SPXW,"d65ret,d80,d80_zero",0.0,1,score_desc,d80_front,22,1,15,False,False,False,False,False,-21.011799446349944,14.390308768177858,-21.011799446349944,102,0.46078431372549017,1.108443540140889,1.3727543146405898,0.013458375633731272,-3.56393611729615,0.22549019607843138,102,0.46078431372549017,-3.56393611729615,1.8211561772832905,0,0.5,128,0.4296875,1.037133807010402,0.6137322628703912,0.004794783303674931,-2.4229759338177708,0.203125,128,0.4296875,-2.4229759338177708,4.0734374763152275,20,0.6666666666666666,349,0.4355300859598854,1.0966829655525234,4.023670410829398,0.011529141578307731,-4.837608553836138,0.4183381088825215,349,0.4355300859598854,-4.837608553836138,0.6213232558192249,19,0.7058823529411765
SPXW,"d65ret,d80,d80_zero",0.0,1,score_desc,d80_front,22,1,30,False,False,False,False,False,-21.011799446349944,14.390308768177858,-21.011799446349944,102,0.46078431372549017,1.108443540140889,1.3727543146405898,0.013458375633731272,-3.56393611729615,0.22549019607843138,102,0.46078431372549017,-3.56393611729615,1.8211561772832905,0,0.5,128,0.4296875,1.037133807010402,0.6137322628703912,0.004794783303674931,-2.4229759338177708,0.203125,128,0.4296875,-2.4229759338177708,4.0734374763152275,20,0.6666666666666666,349,0.4355300859598854,1.0966829655525234,4.023670410829398,0.011529141578307731,-4.837608553836138,0.4183381088825215,349,0.4355300859598854,-4.837608553836138,0.6213232558192249,19,0.7058823529411765
SPXW,"d65ret,d80,d80_zero",-999999.0,1,score_desc,d80_front,22,1,0,False,False,False,False,False,-21.011799446349944,14.390308768177858,-21.011799446349944,102,0.46078431372549017,1.108443540140889,1.3727543146405898,0.013458375633731272,-3.56393611729615,0.22549019607843138,102,0.46078431372549017,-3.56393611729615,1.8211561772832905,0,0.5,128,0.4296875,1.037133807010402,0.6137322628703912,0.004794783303674931,-2.4229759338177708,0.203125,128,0.4296875,-2.4229759338177708,4.0734374763152275,20,0.6666666666666666,351,0.4301994301994302,1.0439817378434213,1.8901418512692,0.00538501951928547,-4.406806896829227,0.42450142450142453,351,0.4301994301994302,-4.406806896829227,1.322652052977553,19,0.6470588235294118
SPXW,"d65ret,d80,d80_zero",-999999.0,1,score_desc,d80_front,22,1,15,False,False,False,False,False,-21.011799446349944,14.390308768177858,-21.011799446349944,102,0.46078431372549017,1.108443540140889,1.3727543146405898,0.013458375633731272,-3.56393611729615,0.22549019607843138,102,0.46078431372549017,-3.56393611729615,1.8211561772832905,0,0.5,128,0.4296875,1.037133807010402,0.6137322628703912,0.004794783303674931,-2.4229759338177708,0.203125,128,0.4296875,-2.4229759338177708,4.0734374763152275,20,0.6666666666666666,351,0.4301994301994302,1.0439817378434213,1.8901418512692,0.00538501951928547,-4.406806896829227,0.42450142450142453,351,0.4301994301994302,-4.406806896829227,1.322652052977553,19,0.6470588235294118
SPXW,"d65ret,d80,d80_zero",-999999.0,1,score_desc,d80_front,22,1,30,False,False,False,False,False,-21.011799446349944,14.390308768177858,-21.011799446349944,102,0.46078431372549017,1.108443540140889,1.3727543146405898,0.013458375633731272,-3.56393611729615,0.22549019607843138,102,0.46078431372549017,-3.56393611729615,1.8211561772832905,0,0.5,128,0.4296875,1.037133807010402,0.6137322628703912,0.004794783303674931,-2.4229759338177708,0.203125,128,0.4296875,-2.4229759338177708,4.0734374763152275,20,0.6666666666666666,351,0.4301994301994302,1.0439817378434213,1.8901418512692,0.00538501951928547,-4.406806896829227,0.42450142450142453,351,0.4301994301994302,-4.406806896829227,1.322652052977553,19,0.6470588235294118
SPXW,"d50ret,d80,d80_front",0.0,1,score_desc,d65win,21,3,0,False,False,False,False,False,-21.04216966555208,23.705219486466127,-21.04216966555208,106,0.4528301886792453,1.111873326721062,1.4909022173694615,0.014065115258202468,-2.1,0.20754716981132076,92,0.4782608695652174,-2.1,1.8672599088271642,0,0.5,137,0.48905109489051096,1.3640383532795803,7.252884469030622,0.052940762547668774,-2.293075087385292,0.15328467153284672,125,0.48,-2.293075087385292,0.43079381080948964,21,0.5,381,0.4645669291338583,1.22016653819103,11.153733021296294,0.029274889819675312,-3.0479567140464026,0.31758530183727035,344,0.4563953488372093,-3.0479567140464026,0.39112540821819985,19,0.7647058823529411
SPXW,"d50ret,d80,d80_front",0.0,1,score_desc,d65win,21,4,0,False,False,False,False,False,-21.04216966555208,23.705219486466127,-21.04216966555208,106,0.4528301886792453,1.111873326721062,1.4909022173694615,0.014065115258202468,-2.1,0.20754716981132076,92,0.4782608695652174,-2.1,1.8672599088271642,0,0.5,137,0.48905109489051096,1.3640383532795803,7.252884469030622,0.052940762547668774,-2.293075087385292,0.15328467153284672,125,0.48,-2.293075087385292,0.43079381080948964,21,0.5,381,0.4645669291338583,1.22016653819103,11.153733021296294,0.029274889819675312,-3.0479567140464026,0.31758530183727035,344,0.4563953488372093,-3.0479567140464026,0.39112540821819985,19,0.7647058823529411
SPXW,d80,-999999.0,1,score_desc,d65win,22,2,30,False,False,False,False,False,-21.214690168830913,23.758827241262658,-21.214690168830913,102,0.45098039215686275,1.106494478582469,1.4940316460068155,0.014647369078498191,-2.139929925815496,0.21568627450980393,89,0.4606741573033708,-2.139929925815496,2.091280647358727,0,0.5,138,0.5,1.3033180795476216,5.632427517162045,0.040814692153348146,-2.2774802861251215,0.14492753623188406,125,0.472,-2.060967633818602,0.5943577469474194,22,0.8333333333333334,362,0.430939226519337,1.1047378408058175,4.9007712095201565,0.01353804201524905,-3.1810401216998634,0.43646408839779005,313,0.44089456869009586,-3.181040121699863,0.7452672645366363,0,0.47058823529411764
SPXW,d80,0.0,1,score_desc,d65win,22,2,30,False,False,False,False,False,-21.214690168830913,23.758827241262658,-21.214690168830913,102,0.45098039215686275,1.106494478582469,1.4940316460068155,0.014647369078498191,-2.139929925815496,0.21568627450980393,89,0.4606741573033708,-2.139929925815496,2.091280647358727,0,0.5,138,0.5,1.3033180795476216,5.632427517162045,0.040814692153348146,-2.2774802861251215,0.14492753623188406,125,0.472,-2.060967633818602,0.5943577469474194,22,0.8333333333333334,358,0.4245810055865922,1.0634214972047424,2.9848874996273995,0.008337674579964803,-5.007477392476652,0.41620111731843573,307,0.4364820846905538,-5.007477392476652,1.2236254645761064,0,0.47058823529411764
SPXW,"d65ret,d80_front",0.0,1,score_desc,d65win,21,1,0,False,False,False,False,False,-21.24000929531451,-9.292524982895394,-21.24000929531451,103,0.4368932038834951,1.1331258054375917,1.8673852243075117,0.018129953634053512,-2.9166284259415445,0.17475728155339806,103,0.4368932038834951,-2.9166284259415445,1.3387703658879933,0,0.5,128,0.4453125,0.9402766796883867,-1.012265545661208,-0.007908324575478187,-3.6437907871268003,0.1953125,128,0.4453125,-3.6437907871268003,-2.4697076875880524,20,0.5,345,0.4579710144927536,1.027417145566878,1.1619909719455104,0.0033680897737551024,-4.168984300498549,0.4318840579710145,345,0.4579710144927536,-4.168984300498549,2.1514797105645957,19,0.4117647058823529
SPXW,"d65ret,d80_front",0.0,1,score_desc,d65win,21,1,15,False,False,False,False,False,-21.24000929531451,-9.292524982895394,-21.24000929531451,103,0.4368932038834951,1.1331258054375917,1.8673852243075117,0.018129953634053512,-2.9166284259415445,0.17475728155339806,103,0.4368932038834951,-2.9166284259415445,1.3387703658879933,0,0.5,128,0.4453125,0.9402766796883867,-1.012265545661208,-0.007908324575478187,-3.6437907871268003,0.1953125,128,0.4453125,-3.6437907871268003,-2.4697076875880524,20,0.5,345,0.4579710144927536,1.027417145566878,1.1619909719455104,0.0033680897737551024,-4.168984300498549,0.4318840579710145,345,0.4579710144927536,-4.168984300498549,2.1514797105645957,19,0.4117647058823529
SPXW,"d65ret,d80_front",0.0,1,score_desc,d65win,21,1,30,False,False,False,False,False,-21.24000929531451,-9.292524982895394,-21.24000929531451,103,0.4368932038834951,1.1331258054375917,1.8673852243075117,0.018129953634053512,-2.9166284259415445,0.17475728155339806,103,0.4368932038834951,-2.9166284259415445,1.3387703658879933,0,0.5,128,0.4453125,0.9402766796883867,-1.012265545661208,-0.007908324575478187,-3.6437907871268003,0.1953125,128,0.4453125,-3.6437907871268003,-2.4697076875880524,20,0.5,345,0.4579710144927536,1.027417145566878,1.1619909719455104,0.0033680897737551024,-4.168984300498549,0.4318840579710145,345,0.4579710144927536,-4.168984300498549,2.1514797105645957,19,0.4117647058823529
SPXW,"d65ret,d80_front",-999999.0,1,score_desc,d65win,21,1,0,False,False,False,False,False,-21.24000929531451,-9.292524982895394,-21.24000929531451,103,0.4368932038834951,1.1331258054375917,1.8673852243075117,0.018129953634053512,-2.9166284259415445,0.17475728155339806,103,0.4368932038834951,-2.9166284259415445,1.3387703658879933,0,0.5,128,0.4453125,0.9402766796883867,-1.012265545661208,-0.007908324575478187,-3.6437907871268003,0.1953125,128,0.4453125,-3.6437907871268003,-2.4697076875880524,20,0.5,348,0.4482758620689655,0.9906169043829366,-0.40437903564288713,-0.0011620087231117447,-5.290800608141411,0.43103448275862066,348,0.4482758620689655,-5.290800608141411,-6.18231851714436,19,0.4117647058823529
SPXW,"d65ret,d80_front",-999999.0,1,score_desc,d65win,21,1,15,False,False,False,False,False,-21.24000929531451,-9.292524982895394,-21.24000929531451,103,0.4368932038834951,1.1331258054375917,1.8673852243075117,0.018129953634053512,-2.9166284259415445,0.17475728155339806,103,0.4368932038834951,-2.9166284259415445,1.3387703658879933,0,0.5,128,0.4453125,0.9402766796883867,-1.012265545661208,-0.007908324575478187,-3.6437907871268003,0.1953125,128,0.4453125,-3.6437907871268003,-2.4697076875880524,20,0.5,348,0.4482758620689655,0.9906169043829366,-0.40437903564288713,-0.0011620087231117447,-5.290800608141411,0.43103448275862066,348,0.4482758620689655,-5.290800608141411,-6.18231851714436,19,0.4117647058823529
SPXW,"d65ret,d80_front",-999999.0,1,score_desc,d65win,21,1,30,False,False,False,False,False,-21.24000929531451,-9.292524982895394,-21.24000929531451,103,0.4368932038834951,1.1331258054375917,1.8673852243075117,0.018129953634053512,-2.9166284259415445,0.17475728155339806,103,0.4368932038834951,-2.9166284259415445,1.3387703658879933,0,0.5,128,0.4453125,0.9402766796883867,-1.012265545661208,-0.007908324575478187,-3.6437907871268003,0.1953125,128,0.4453125,-3.6437907871268003,-2.4697076875880524,20,0.5,348,0.4482758620689655,0.9906169043829366,-0.40437903564288713,-0.0011620087231117447,-5.290800608141411,0.43103448275862066,348,0.4482758620689655,-5.290800608141411,-6.18231851714436,19,0.4117647058823529
SPXW,"d50ret,d65ret,d80_zero",-999999.0,1,score_desc,d80_front,21,1,0,False,False,False,False,False,-21.282871748718115,-6.857567206081418,-21.282871748718115,82,0.43902439024390244,1.133866614323974,1.3252578170570575,0.016161680695817773,-2.6433979976171034,0.2926829268292683,82,0.43902439024390244,-2.6433979976171034,1.8864253942313214,0,0.3333333333333333,128,0.4375,0.9907708805558303,-0.16745286155528427,-0.0013082254809006584,-3.070578107009477,0.2421875,128,0.4375,-3.070578107009477,-14.929574668239571,20,0.6666666666666666,350,0.4257142857142857,1.1026604422390174,4.4734696226711055,0.0127813417790603,-4.746875033100531,0.45714285714285713,350,0.4257142857142857,-4.746875033100531,0.5588503356165079,19,0.5294117647058824
SPXW,"d50ret,d65ret,d80_zero",-999999.0,1,score_desc,d80_front,21,1,15,False,False,False,False,False,-21.282871748718115,-6.857567206081418,-21.282871748718115,82,0.43902439024390244,1.133866614323974,1.3252578170570575,0.016161680695817773,-2.6433979976171034,0.2926829268292683,82,0.43902439024390244,-2.6433979976171034,1.8864253942313214,0,0.3333333333333333,128,0.4375,0.9907708805558303,-0.16745286155528427,-0.0013082254809006584,-3.070578107009477,0.2421875,128,0.4375,-3.070578107009477,-14.929574668239571,20,0.6666666666666666,350,0.4257142857142857,1.1026604422390174,4.4734696226711055,0.0127813417790603,-4.746875033100531,0.45714285714285713,350,0.4257142857142857,-4.746875033100531,0.5588503356165079,19,0.5294117647058824
SPXW,"d50ret,d65ret,d80_zero",-999999.0,1,score_desc,d80_front,21,1,30,False,False,False,False,False,-21.282871748718115,-6.857567206081418,-21.282871748718115,82,0.43902439024390244,1.133866614323974,1.3252578170570575,0.016161680695817773,-2.6433979976171034,0.2926829268292683,82,0.43902439024390244,-2.6433979976171034,1.8864253942313214,0,0.3333333333333333,128,0.4375,0.9907708805558303,-0.16745286155528427,-0.0013082254809006584,-3.070578107009477,0.2421875,128,0.4375,-3.070578107009477,-14.929574668239571,20,0.6666666666666666,350,0.4257142857142857,1.1026604422390174,4.4734696226711055,0.0127813417790603,-4.746875033100531,0.45714285714285713,350,0.4257142857142857,-4.746875033100531,0.5588503356165079,19,0.5294117647058824
SPXW,"d50ret,d65ret,d80_zero",0.0,1,score_desc,d80_front,21,1,0,False,False,False,False,False,-21.282871748718115,-6.857567206081418,-21.282871748718115,82,0.43902439024390244,1.133866614323974,1.3252578170570575,0.016161680695817773,-2.6433979976171034,0.2926829268292683,82,0.43902439024390244,-2.6433979976171034,1.8864253942313214,0,0.3333333333333333,128,0.4375,0.9907708805558303,-0.16745286155528427,-0.0013082254809006584,-3.070578107009477,0.2421875,128,0.4375,-3.070578107009477,-14.929574668239571,20,0.6666666666666666,343,0.42565597667638483,1.0775631946031798,3.264712798560126,0.009518113115335644,-5.131016511906032,0.4402332361516035,343,0.42565597667638483,-5.131016511906032,0.7657641435113692,19,0.5882352941176471
SPXW,"d50ret,d65ret,d80_zero",0.0,1,score_desc,d80_front,21,1,15,False,False,False,False,False,-21.282871748718115,-6.857567206081418,-21.282871748718115,82,0.43902439024390244,1.133866614323974,1.3252578170570575,0.016161680695817773,-2.6433979976171034,0.2926829268292683,82,0.43902439024390244,-2.6433979976171034,1.8864253942313214,0,0.3333333333333333,128,0.4375,0.9907708805558303,-0.16745286155528427,-0.0013082254809006584,-3.070578107009477,0.2421875,128,0.4375,-3.070578107009477,-14.929574668239571,20,0.6666666666666666,343,0.42565597667638483,1.0775631946031798,3.264712798560126,0.009518113115335644,-5.131016511906032,0.4402332361516035,343,0.42565597667638483,-5.131016511906032,0.7657641435113692,19,0.5882352941176471
SPXW,"d50ret,d65ret,d80_zero",0.0,1,score_desc,d80_front,21,1,30,False,False,False,False,False,-21.282871748718115,-6.857567206081418,-21.282871748718115,82,0.43902439024390244,1.133866614323974,1.3252578170570575,0.016161680695817773,-2.6433979976171034,0.2926829268292683,82,0.43902439024390244,-2.6433979976171034,1.8864253942313214,0,0.3333333333333333,128,0.4375,0.9907708805558303,-0.16745286155528427,-0.0013082254809006584,-3.070578107009477,0.2421875,128,0.4375,-3.070578107009477,-14.929574668239571,20,0.6666666666666666,343,0.42565597667638483,1.0775631946031798,3.264712798560126,0.009518113115335644,-5.131016511906032,0.4402332361516035,343,0.42565597667638483,-5.131016511906032,0.7657641435113692,19,0.5882352941176471
SPXW,"d80,d80_front",0.0,1,score_desc,d65win,22,2,15,False,False,False,False,False,-21.420003397032353,22.926294975774738,-21.420003397032353,108,0.4444444444444444,1.1073598544191425,1.4432019403497083,0.013362980929163966,-2.1559993005614766,0.2222222222222222,93,0.4731182795698925,-2.1559993005614766,1.9289760224414185,0,0.5,139,0.4892086330935252,1.2863965968028428,5.268022810091667,0.03789944467691846,-2.2271174054228897,0.12949640287769784,124,0.4838709677419355,-2.2271174054228897,0.5340668136185656,22,0.8333333333333334,380,0.46842105263157896,1.2220297599547114,10.021402578565674,0.026372112048857036,-3.411406671814456,0.4105263157894737,334,0.46706586826347307,-3.411406671814456,0.406470309390595,11,0.5294117647058824
SPXW,"d80,d80_front",0.0,1,score_desc,d65win,22,2,30,False,False,False,False,False,-21.420003397032353,22.83996404052294,-21.420003397032353,108,0.4444444444444444,1.1073598544191425,1.4432019403497083,0.013362980929163966,-2.1559993005614766,0.2222222222222222,93,0.4731182795698925,-2.1559993005614766,1.9289760224414185,0,0.5,139,0.4892086330935252,1.2863965968028428,5.268022810091667,0.03789944467691846,-2.2271174054228897,0.1223021582733813,124,0.4838709677419355,-2.2271174054228897,0.627017516479622,22,0.8333333333333334,379,0.46437994722955145,1.213299578800914,9.56982953630935,0.025250209858336013,-4.449053051505759,0.41688654353562005,334,0.46107784431137727,-4.449053051505758,0.3926378900525222,11,0.5294117647058824
SPXW,"d80,d80_front",0.0,1,score_desc,d65win,22,2,0,False,False,False,False,False,-21.461120837938676,22.72258997222055,-21.461120837938676,108,0.4444444444444444,1.105959637945117,1.4196428774414083,0.013144841457790817,-2.1559993005614766,0.2222222222222222,93,0.4731182795698925,-2.1559993005614766,1.9609875009501572,0,0.5,139,0.4892086330935252,1.2795329502411423,5.141771845341775,0.0369911643549768,-2.2271174054228897,0.12949640287769784,124,0.47580645161290325,-2.2271174054228897,0.5471802796548562,22,0.8333333333333334,380,0.46842105263157896,1.2349317368965556,10.618141512232768,0.02794247766377044,-3.535476855273185,0.4026315789473684,333,0.4744744744744745,-3.535476855273186,0.3597595372879477,11,0.5294117647058824
SPXW,"d65ret,d80_front,d80_zero",0.0,1,score_desc,d80_front,21,1,0,False,False,False,False,False,-21.52690392593065,-12.260032218154429,-21.52690392593065,82,0.45121951219512196,1.1102933754095468,1.0842521362113622,0.013222587026967832,-3.3486666549017845,0.2926829268292683,82,0.45121951219512196,-3.3486666549017845,2.305736753017247,0,0.3333333333333333,128,0.4140625,0.9032587433211915,-1.7925079537545066,-0.014003968388707082,-2.9929652216208966,0.234375,128,0.4140625,-2.9929652216208966,-1.3946939508768217,20,0.5,341,0.44574780058651026,1.0463444192230924,1.78838083679031,0.005244518582962786,-6.141066971799313,0.44574780058651026,341,0.44574780058651026,-6.141066971799313,1.3979125410932416,18,0.6470588235294118
SPXW,"d65ret,d80_front,d80_zero",0.0,1,score_desc,d80_front,21,1,15,False,False,False,False,False,-21.52690392593065,-12.260032218154429,-21.52690392593065,82,0.45121951219512196,1.1102933754095468,1.0842521362113622,0.013222587026967832,-3.3486666549017845,0.2926829268292683,82,0.45121951219512196,-3.3486666549017845,2.305736753017247,0,0.3333333333333333,128,0.4140625,0.9032587433211915,-1.7925079537545066,-0.014003968388707082,-2.9929652216208966,0.234375,128,0.4140625,-2.9929652216208966,-1.3946939508768217,20,0.5,341,0.44574780058651026,1.0463444192230924,1.78838083679031,0.005244518582962786,-6.141066971799313,0.44574780058651026,341,0.44574780058651026,-6.141066971799313,1.3979125410932416,18,0.6470588235294118
SPXW,"d65ret,d80_front,d80_zero",0.0,1,score_desc,d80_front,21,1,30,False,False,False,False,False,-21.52690392593065,-12.260032218154429,-21.52690392593065,82,0.45121951219512196,1.1102933754095468,1.0842521362113622,0.013222587026967832,-3.3486666549017845,0.2926829268292683,82,0.45121951219512196,-3.3486666549017845,2.305736753017247,0,0.3333333333333333,128,0.4140625,0.9032587433211915,-1.7925079537545066,-0.014003968388707082,-2.9929652216208966,0.234375,128,0.4140625,-2.9929652216208966,-1.3946939508768217,20,0.5,341,0.44574780058651026,1.0463444192230924,1.78838083679031,0.005244518582962786,-6.141066971799313,0.44574780058651026,341,0.44574780058651026,-6.141066971799313,1.3979125410932416,18,0.6470588235294118
SPXW,"d65ret,d80_front,d80_zero",-999999.0,1,score_desc,d80_front,21,1,0,False,False,False,False,False,-21.52690392593065,-12.260032218154429,-21.52690392593065,82,0.45121951219512196,1.1102933754095468,1.0842521362113622,0.013222587026967832,-3.3486666549017845,0.2926829268292683,82,0.45121951219512196,-3.3486666549017845,2.305736753017247,0,0.3333333333333333,128,0.4140625,0.9032587433211915,-1.7925079537545066,-0.014003968388707082,-2.9929652216208966,0.234375,128,0.4140625,-2.9929652216208966,-1.3946939508768217,20,0.5,349,0.44126074498567336,1.0417316042606994,1.6794928768203006,0.004812300506648426,-5.961305457364137,0.45272206303724927,349,0.44126074498567336,-5.961305457364137,1.4885445687231043,19,0.6470588235294118
SPXW,"d65ret,d80_front,d80_zero",-999999.0,1,score_desc,d80_front,21,1,15,False,False,False,False,False,-21.52690392593065,-12.260032218154429,-21.52690392593065,82,0.45121951219512196,1.1102933754095468,1.0842521362113622,0.013222587026967832,-3.3486666549017845,0.2926829268292683,82,0.45121951219512196,-3.3486666549017845,2.305736753017247,0,0.3333333333333333,128,0.4140625,0.9032587433211915,-1.7925079537545066,-0.014003968388707082,-2.9929652216208966,0.234375,128,0.4140625,-2.9929652216208966,-1.3946939508768217,20,0.5,349,0.44126074498567336,1.0417316042606994,1.6794928768203006,0.004812300506648426,-5.961305457364137,0.45272206303724927,349,0.44126074498567336,-5.961305457364137,1.4885445687231043,19,0.6470588235294118
SPXW,"d65ret,d80_front,d80_zero",-999999.0,1,score_desc,d80_front,21,1,30,False,False,False,False,False,-21.52690392593065,-12.260032218154429,-21.52690392593065,82,0.45121951219512196,1.1102933754095468,1.0842521362113622,0.013222587026967832,-3.3486666549017845,0.2926829268292683,82,0.45121951219512196,-3.3486666549017845,2.305736753017247,0,0.3333333333333333,128,0.4140625,0.9032587433211915,-1.7925079537545066,-0.014003968388707082,-2.9929652216208966,0.234375,128,0.4140625,-2.9929652216208966,-1.3946939508768217,20,0.5,349,0.44126074498567336,1.0417316042606994,1.6794928768203006,0.004812300506648426,-5.961305457364137,0.45272206303724927,349,0.44126074498567336,-5.961305457364137,1.4885445687231043,19,0.6470588235294118
SPXW,"d50ret,d65ret,d80_zero",-999999.0,1,score_desc,d80_front,22,1,0,False,False,False,False,False,-21.676063629513628,17.597251040828095,-21.676063629513628,82,0.43902439024390244,1.1201833693995882,1.1381202532496177,0.013879515283531924,-2.6433979976171034,0.25609756097560976,82,0.43902439024390244,-2.6433979976171034,2.196604438645104,0,0.3333333333333333,128,0.4609375,1.103292993860593,1.740457668930031,0.013597325538515868,-2.8642283840770038,0.234375,128,0.4609375,-2.8642283840770038,1.4364037946047303,20,0.8333333333333334,350,0.4257142857142857,1.099950628632616,4.348015685362728,0.012422901958179222,-4.982418415848754,0.4542857142857143,350,0.4257142857142857,-4.982418415848754,0.5749749267041664,19,0.5294117647058824
SPXW,"d50ret,d65ret,d80_zero",-999999.0,1,score_desc,d80_front,22,1,15,False,False,False,False,False,-21.676063629513628,17.597251040828095,-21.676063629513628,82,0.43902439024390244,1.1201833693995882,1.1381202532496177,0.013879515283531924,-2.6433979976171034,0.25609756097560976,82,0.43902439024390244,-2.6433979976171034,2.196604438645104,0,0.3333333333333333,128,0.4609375,1.103292993860593,1.740457668930031,0.013597325538515868,-2.8642283840770038,0.234375,128,0.4609375,-2.8642283840770038,1.4364037946047303,20,0.8333333333333334,350,0.4257142857142857,1.099950628632616,4.348015685362728,0.012422901958179222,-4.982418415848754,0.4542857142857143,350,0.4257142857142857,-4.982418415848754,0.5749749267041664,19,0.5294117647058824
SPXW,"d50ret,d65ret,d80_zero",-999999.0,1,score_desc,d80_front,22,1,30,False,False,False,False,False,-21.676063629513628,17.597251040828095,-21.676063629513628,82,0.43902439024390244,1.1201833693995882,1.1381202532496177,0.013879515283531924,-2.6433979976171034,0.25609756097560976,82,0.43902439024390244,-2.6433979976171034,2.196604438645104,0,0.3333333333333333,128,0.4609375,1.103292993860593,1.740457668930031,0.013597325538515868,-2.8642283840770038,0.234375,128,0.4609375,-2.8642283840770038,1.4364037946047303,20,0.8333333333333334,350,0.4257142857142857,1.099950628632616,4.348015685362728,0.012422901958179222,-4.982418415848754,0.4542857142857143,350,0.4257142857142857,-4.982418415848754,0.5749749267041664,19,0.5294117647058824
SPXW,"d50ret,d65ret,d80_zero",0.0,1,score_desc,d80_front,22,1,0,False,False,False,False,False,-21.676063629513628,17.597251040828095,-21.676063629513628,82,0.43902439024390244,1.1201833693995882,1.1381202532496177,0.013879515283531924,-2.6433979976171034,0.25609756097560976,82,0.43902439024390244,-2.6433979976171034,2.196604438645104,0,0.3333333333333333,128,0.4609375,1.103292993860593,1.740457668930031,0.013597325538515868,-2.8642283840770038,0.234375,128,0.4609375,-2.8642283840770038,1.4364037946047303,20,0.8333333333333334,344,0.42441860465116277,1.0718023304116262,3.0384765275397307,0.00883278060331317,-5.3572527829264285,0.436046511627907,344,0.42441860465116277,-5.3572527829264285,0.8227807512550581,19,0.5882352941176471
SPXW,"d50ret,d65ret,d80_zero",0.0,1,score_desc,d80_front,22,1,15,False,False,False,False,False,-21.676063629513628,17.597251040828095,-21.676063629513628,82,0.43902439024390244,1.1201833693995882,1.1381202532496177,0.013879515283531924,-2.6433979976171034,0.25609756097560976,82,0.43902439024390244,-2.6433979976171034,2.196604438645104,0,0.3333333333333333,128,0.4609375,1.103292993860593,1.740457668930031,0.013597325538515868,-2.8642283840770038,0.234375,128,0.4609375,-2.8642283840770038,1.4364037946047303,20,0.8333333333333334,344,0.42441860465116277,1.0718023304116262,3.0384765275397307,0.00883278060331317,-5.3572527829264285,0.436046511627907,344,0.42441860465116277,-5.3572527829264285,0.8227807512550581,19,0.5882352941176471
SPXW,"d50ret,d65ret,d80_zero",0.0,1,score_desc,d80_front,22,1,30,False,False,False,False,False,-21.676063629513628,17.597251040828095,-21.676063629513628,82,0.43902439024390244,1.1201833693995882,1.1381202532496177,0.013879515283531924,-2.6433979976171034,0.25609756097560976,82,0.43902439024390244,-2.6433979976171034,2.196604438645104,0,0.3333333333333333,128,0.4609375,1.103292993860593,1.740457668930031,0.013597325538515868,-2.8642283840770038,0.234375,128,0.4609375,-2.8642283840770038,1.4364037946047303,20,0.8333333333333334,344,0.42441860465116277,1.0718023304116262,3.0384765275397307,0.00883278060331317,-5.3572527829264285,0.436046511627907,344,0.42441860465116277,-5.3572527829264285,0.8227807512550581,19,0.5882352941176471
SPXW,"d80,d80_front",0.0,1,score_desc,d65win,22,3,15,False,False,False,False,False,-21.69152888087589,23.681390838994037,-21.69152888087589,109,0.44036697247706424,1.1029735209429041,1.3897428271714498,0.012749934194233484,-2.1559993005614766,0.22018348623853212,93,0.4731182795698925,-2.1559993005614766,2.0031777707690037,0,0.5,140,0.4928571428571429,1.316577047865826,5.839110375575247,0.04170793125410891,-1.9774802861251217,0.12857142857142856,124,0.47580645161290325,-1.9774802861251217,0.5332326713474907,23,0.8333333333333334,380,0.46842105263157896,1.2220297599547114,10.021402578565674,0.026372112048857036,-3.411406671814456,0.4105263157894737,334,0.46706586826347307,-3.411406671814456,0.406470309390595,11,0.5294117647058824
SPXW,"d80,d80_front",0.0,1,score_desc,d65win,22,3,30,False,False,False,False,False,-21.69152888087589,23.595676553279752,-21.69152888087589,109,0.44036697247706424,1.1029735209429041,1.3897428271714498,0.012749934194233484,-2.1559993005614766,0.22018348623853212,93,0.4731182795698925,-2.1559993005614766,2.0031777707690037,0,0.5,140,0.4928571428571429,1.316577047865826,5.839110375575247,0.04170793125410891,-1.9774802861251217,0.12142857142857143,124,0.47580645161290325,-1.9774802861251217,0.6069138444804406,23,0.8333333333333334,379,0.46437994722955145,1.213299578800914,9.56982953630935,0.025250209858336013,-4.449053051505759,0.41688654353562005,334,0.46107784431137727,-4.449053051505758,0.3926378900525222,11,0.5294117647058824
SPXW,"d80,d80_front",0.0,1,score_desc,d65win,22,3,0,False,False,False,False,False,-21.84094167109988,23.601381403433518,-21.84094167109988,109,0.44036697247706424,1.0977661055475971,1.3196428774414082,0.012106815389370718,-2.1559993005614766,0.22018348623853212,93,0.4731182795698925,-2.1559993005614766,2.10958736341842,0,0.5,140,0.4928571428571429,1.309732142539508,5.712859410825354,0.04080613864875253,-1.9774802861251217,0.12857142857142856,124,0.46774193548387094,-1.9774802861251217,0.5450168120645221,23,0.8333333333333334,380,0.46842105263157896,1.2349317368965556,10.618141512232768,0.02794247766377044,-3.535476855273185,0.4026315789473684,333,0.4744744744744745,-3.535476855273186,0.3597595372879477,11,0.5294117647058824
SPXW,"d80,d80_front",0.0,1,score_desc,d80_front,21,3,0,False,False,False,False,False,-21.89975312981561,22.827937953066076,-21.89975312981561,105,0.42857142857142855,1.1230394893485223,1.5299102594235745,0.014570573899272138,-1.802206303755179,0.24761904761904763,101,0.44554455445544555,-1.802206303755179,1.6340827735490362,0,0.3333333333333333,135,0.4740740740740741,1.3105065866548529,5.608315188025168,0.0415430754668531,-2.070423429113588,0.11851851851851852,123,0.4634146341463415,-2.070423429113588,0.5974333572060677,20,0.8333333333333334,371,0.4609164420485175,1.2582771239782078,10.9654408735296,0.029556444403044745,-3.631772518572511,0.41778975741239893,332,0.463855421686747,-3.631772518572511,0.3069059629660616,12,0.7647058823529411
SPXW,"d80,d80_front",0.0,1,score_desc,d80_front,21,4,0,False,False,False,False,False,-21.89975312981561,22.827937953066076,-21.89975312981561,105,0.42857142857142855,1.1230394893485223,1.5299102594235745,0.014570573899272138,-1.802206303755179,0.24761904761904763,101,0.44554455445544555,-1.802206303755179,1.6340827735490362,0,0.3333333333333333,135,0.4740740740740741,1.3105065866548529,5.608315188025168,0.0415430754668531,-2.070423429113588,0.11851851851851852,123,0.4634146341463415,-2.070423429113588,0.5974333572060677,20,0.8333333333333334,371,0.4609164420485175,1.2582771239782078,10.9654408735296,0.029556444403044745,-3.631772518572511,0.41778975741239893,332,0.463855421686747,-3.631772518572511,0.3069059629660616,12,0.7647058823529411
SPXW,"d80,d80_front",0.0,1,score_desc,d80_front,21,2,0,False,False,False,False,False,-21.89975312981561,21.71438763593427,-21.89975312981561,105,0.42857142857142855,1.1230394893485223,1.5299102594235745,0.014570573899272138,-1.802206303755179,0.24761904761904763,101,0.44554455445544555,-1.802206303755179,1.6340827735490362,0,0.3333333333333333,134,0.4701492537313433,1.2828238890670065,5.108315188025169,0.03812175513451618,-2.171725413472603,0.11194029850746269,123,0.4634146341463415,-2.171725413472603,0.6114096300897366,20,0.6666666666666666,371,0.4582210242587601,1.2552848221712036,10.764450233935587,0.02901469065750832,-3.631772518572511,0.42048517520215634,332,0.463855421686747,-3.631772518572511,0.3057046112602295,12,0.7647058823529411
SPXW,"d65ret,d80_front,d80_zero",-999999.0,1,score_desc,d80_front,22,1,0,False,False,False,False,False,-21.950748837873043,13.780509029885854,-21.950748837873043,82,0.45121951219512196,1.0954311677487425,0.8971145724039225,0.010940421614681981,-3.3486666549017845,0.25609756097560976,82,0.45121951219512196,-3.3486666549017845,2.786712062095882,0,0.3333333333333333,128,0.4375,1.0066959685079369,0.11540257673080873,0.0009015826307094432,-2.432661853336068,0.234375,128,0.4375,-2.432661853336068,21.663294449928703,20,0.6666666666666666,349,0.4469914040114613,1.0597335341784455,2.3681423512254853,0.006785508169700531,-5.961305457364137,0.4498567335243553,349,0.4469914040114613,-5.961305457364137,1.0556797815411223,19,0.6470588235294118
SPXW,"d65ret,d80_front,d80_zero",-999999.0,1,score_desc,d80_front,22,1,15,False,False,False,False,False,-21.950748837873043,13.780509029885854,-21.950748837873043,82,0.45121951219512196,1.0954311677487425,0.8971145724039225,0.010940421614681981,-3.3486666549017845,0.25609756097560976,82,0.45121951219512196,-3.3486666549017845,2.786712062095882,0,0.3333333333333333,128,0.4375,1.0066959685079369,0.11540257673080873,0.0009015826307094432,-2.432661853336068,0.234375,128,0.4375,-2.432661853336068,21.663294449928703,20,0.6666666666666666,349,0.4469914040114613,1.0597335341784455,2.3681423512254853,0.006785508169700531,-5.961305457364137,0.4498567335243553,349,0.4469914040114613,-5.961305457364137,1.0556797815411223,19,0.6470588235294118
SPXW,"d65ret,d80_front,d80_zero",-999999.0,1,score_desc,d80_front,22,1,30,False,False,False,False,False,-21.950748837873043,13.780509029885854,-21.950748837873043,82,0.45121951219512196,1.0954311677487425,0.8971145724039225,0.010940421614681981,-3.3486666549017845,0.25609756097560976,82,0.45121951219512196,-3.3486666549017845,2.786712062095882,0,0.3333333333333333,128,0.4375,1.0066959685079369,0.11540257673080873,0.0009015826307094432,-2.432661853336068,0.234375,128,0.4375,-2.432661853336068,21.663294449928703,20,0.6666666666666666,349,0.4469914040114613,1.0597335341784455,2.3681423512254853,0.006785508169700531,-5.961305457364137,0.4498567335243553,349,0.4469914040114613,-5.961305457364137,1.0556797815411223,19,0.6470588235294118
SPXW,"d65ret,d80_front,d80_zero",0.0,1,score_desc,d80_front,22,1,0,False,False,False,False,False,-21.950748837873043,13.780509029885854,-21.950748837873043,82,0.45121951219512196,1.0954311677487425,0.8971145724039225,0.010940421614681981,-3.3486666549017845,0.25609756097560976,82,0.45121951219512196,-3.3486666549017845,2.786712062095882,0,0.3333333333333333,128,0.4375,1.0066959685079369,0.11540257673080873,0.0009015826307094432,-2.432661853336068,0.234375,128,0.4375,-2.432661853336068,21.663294449928703,20,0.6666666666666666,342,0.4444444444444444,1.0402457424399922,1.562144565769915,0.0045676741689178795,-6.367303242819709,0.4415204678362573,342,0.4444444444444444,-6.367303242819709,1.6003640474643626,18,0.6470588235294118
SPXW,"d65ret,d80_front,d80_zero",0.0,1,score_desc,d80_front,22,1,15,False,False,False,False,False,-21.950748837873043,13.780509029885854,-21.950748837873043,82,0.45121951219512196,1.0954311677487425,0.8971145724039225,0.010940421614681981,-3.3486666549017845,0.25609756097560976,82,0.45121951219512196,-3.3486666549017845,2.786712062095882,0,0.3333333333333333,128,0.4375,1.0066959685079369,0.11540257673080873,0.0009015826307094432,-2.432661853336068,0.234375,128,0.4375,-2.432661853336068,21.663294449928703,20,0.6666666666666666,342,0.4444444444444444,1.0402457424399922,1.562144565769915,0.0045676741689178795,-6.367303242819709,0.4415204678362573,342,0.4444444444444444,-6.367303242819709,1.6003640474643626,18,0.6470588235294118
SPXW,"d65ret,d80_front,d80_zero",0.0,1,score_desc,d80_front,22,1,30,False,False,False,False,False,-21.950748837873043,13.780509029885854,-21.950748837873043,82,0.45121951219512196,1.0954311677487425,0.8971145724039225,0.010940421614681981,-3.3486666549017845,0.25609756097560976,82,0.45121951219512196,-3.3486666549017845,2.786712062095882,0,0.3333333333333333,128,0.4375,1.0066959685079369,0.11540257673080873,0.0009015826307094432,-2.432661853336068,0.234375,128,0.4375,-2.432661853336068,21.663294449928703,20,0.6666666666666666,342,0.4444444444444444,1.0402457424399922,1.562144565769915,0.0045676741689178795,-6.367303242819709,0.4415204678362573,342,0.4444444444444444,-6.367303242819709,1.6003640474643626,18,0.6470588235294118
SPXW,"d80,d80_front",0.0,1,score_desc,d80_front,22,3,0,False,False,False,False,False,-21.97592500848751,22.395531058600042,-21.97592500848751,108,0.42592592592592593,1.1117667642730449,1.4240289353999536,0.013185453105555125,-1.8089804372151355,0.24074074074074073,102,0.4411764705882353,-1.8089804372151355,1.8966558489752599,0,0.5,137,0.46715328467153283,1.2939674822664282,5.3774543745202354,0.03925149178481924,-2.2349865340968638,0.11678832116788321,123,0.4634146341463415,-2.2349865340968638,0.6230819152883259,20,0.8333333333333334,379,0.46437994722955145,1.2577955050776102,11.100429546096203,0.02928873231159948,-3.63177251857251,0.42216358839050133,332,0.463855421686747,-3.631772518572511,0.3133975023546605,12,0.7647058823529411
SPXW,"d80,d80_front",0.0,1,score_desc,d80_front,22,4,0,False,False,False,False,False,-21.97592500848751,22.395531058600042,-21.97592500848751,108,0.42592592592592593,1.1117667642730449,1.4240289353999536,0.013185453105555125,-1.8089804372151355,0.24074074074074073,102,0.4411764705882353,-1.8089804372151355,1.8966558489752599,0,0.5,137,0.46715328467153283,1.2939674822664282,5.3774543745202354,0.03925149178481924,-2.2349865340968638,0.11678832116788321,123,0.4634146341463415,-2.2349865340968638,0.6230819152883259,20,0.8333333333333334,379,0.46437994722955145,1.2577955050776102,11.100429546096203,0.02928873231159948,-3.63177251857251,0.42216358839050133,332,0.463855421686747,-3.631772518572511,0.3133975023546605,12,0.7647058823529411
SPXW,"d80,d80_front",0.0,1,score_desc,d80_front,22,2,0,False,False,False,False,False,-21.97592500848751,20.910177527487775,-21.97592500848751,108,0.42592592592592593,1.1117667642730449,1.4240289353999536,0.013185453105555125,-1.8089804372151355,0.24074074074074073,102,0.4411764705882353,-1.8089804372151355,1.8966558489752599,0,0.5,136,0.4632352941176471,1.2598360337326628,4.79671305611431,0.03526994894201699,-2.336288518455879,0.11029411764705882,123,0.4634146341463415,-2.336288518455879,0.6511277749898037,20,0.6666666666666666,379,0.46174142480211083,1.254842125495753,10.89943890650219,0.02875841400132504,-3.631772518572511,0.42480211081794195,332,0.463855421686747,-3.63177251857251,0.3143428348971395,12,0.7058823529411765
SPXW,"d80,d80_front",0.0,1,score_desc,d65win,22,4,0,False,False,False,False,False,-22.108348870534268,23.601381403433518,-22.108348870534268,110,0.43636363636363634,1.0934355179816229,1.2661837642631497,0.011510761493301361,-2.1559993005614766,0.21818181818181817,93,0.4731182795698925,-2.1559993005614766,2.198655532513164,0,0.5,140,0.4928571428571429,1.309732142539508,5.712859410825354,0.04080613864875253,-1.9774802861251217,0.12857142857142856,124,0.46774193548387094,-1.9774802861251217,0.5450168120645221,23,0.8333333333333334,380,0.46842105263157896,1.2349317368965556,10.618141512232768,0.02794247766377044,-3.535476855273185,0.4026315789473684,333,0.4744744744744745,-3.535476855273186,0.3597595372879477,11,0.5294117647058824
SPXW,"d50ret,d80",0.0,1,score_desc,d80_front,22,1,0,False,False,False,False,False,-22.12824803263958,22.094027123902674,-22.12824803263958,102,0.45098039215686275,1.0882635084651908,0.9629351088763121,0.009440540283101099,-1.8089804372151355,0.24509803921568626,102,0.45098039215686275,-1.8089804372151355,2.5962289431084833,0,0.3333333333333333,124,0.49193548387096775,1.3866825722094973,5.250144559090451,0.04233987547653589,-1.7341516309626595,0.1774193548387097,124,0.49193548387096775,-1.7341516309626595,0.47617736461586246,17,0.8333333333333334,342,0.4444444444444444,1.1062881950468932,4.318400799246804,0.01262690292177428,-4.9875802826827424,0.40058479532163743,342,0.4444444444444444,-4.9875802826827424,0.5789180106756275,18,0.7058823529411765
SPXW,"d50ret,d80",0.0,1,score_desc,d80_front,22,1,15,False,False,False,False,False,-22.12824803263958,22.094027123902674,-22.12824803263958,102,0.45098039215686275,1.0882635084651908,0.9629351088763121,0.009440540283101099,-1.8089804372151355,0.24509803921568626,102,0.45098039215686275,-1.8089804372151355,2.5962289431084833,0,0.3333333333333333,124,0.49193548387096775,1.3866825722094973,5.250144559090451,0.04233987547653589,-1.7341516309626595,0.1774193548387097,124,0.49193548387096775,-1.7341516309626595,0.47617736461586246,17,0.8333333333333334,342,0.4444444444444444,1.1062881950468932,4.318400799246804,0.01262690292177428,-4.9875802826827424,0.40058479532163743,342,0.4444444444444444,-4.9875802826827424,0.5789180106756275,18,0.7058823529411765
SPXW,"d50ret,d80",0.0,1,score_desc,d80_front,22,1,30,False,False,False,False,False,-22.12824803263958,22.094027123902674,-22.12824803263958,102,0.45098039215686275,1.0882635084651908,0.9629351088763121,0.009440540283101099,-1.8089804372151355,0.24509803921568626,102,0.45098039215686275,-1.8089804372151355,2.5962289431084833,0,0.3333333333333333,124,0.49193548387096775,1.3866825722094973,5.250144559090451,0.04233987547653589,-1.7341516309626595,0.1774193548387097,124,0.49193548387096775,-1.7341516309626595,0.47617736461586246,17,0.8333333333333334,342,0.4444444444444444,1.1062881950468932,4.318400799246804,0.01262690292177428,-4.9875802826827424,0.40058479532163743,342,0.4444444444444444,-4.9875802826827424,0.5789180106756275,18,0.7058823529411765
SPXW,"d50ret,d80",-999999.0,1,score_desc,d80_front,22,1,0,False,False,False,False,False,-22.12824803263958,23.67955408739138,-22.12824803263958,102,0.45098039215686275,1.0882635084651908,0.9629351088763121,0.009440540283101099,-1.8089804372151355,0.24509803921568626,102,0.45098039215686275,-1.8089804372151355,2.5962289431084833,0,0.3333333333333333,127,0.48031496062992124,1.3209066005447756,4.688803003092387,0.03691970868576683,-1.760814701749882,0.1968503937007874,127,0.48031496062992124,-1.760814701749882,0.5331851217360135,19,0.8333333333333334,350,0.43142857142857144,1.0830866965225523,3.512168278475667,0.010034766509930477,-5.115267155109343,0.42,350,0.43142857142857144,-5.115267155109343,0.7118109958800257,19,0.6470588235294118
SPXW,"d50ret,d80",-999999.0,1,score_desc,d80_front,22,1,15,False,False,False,False,False,-22.12824803263958,23.67955408739138,-22.12824803263958,102,0.45098039215686275,1.0882635084651908,0.9629351088763121,0.009440540283101099,-1.8089804372151355,0.24509803921568626,102,0.45098039215686275,-1.8089804372151355,2.5962289431084833,0,0.3333333333333333,127,0.48031496062992124,1.3209066005447756,4.688803003092387,0.03691970868576683,-1.760814701749882,0.1968503937007874,127,0.48031496062992124,-1.760814701749882,0.5331851217360135,19,0.8333333333333334,350,0.43142857142857144,1.0830866965225523,3.512168278475667,0.010034766509930477,-5.115267155109343,0.42,350,0.43142857142857144,-5.115267155109343,0.7118109958800257,19,0.6470588235294118
SPXW,"d50ret,d80",-999999.0,1,score_desc,d80_front,22,1,30,False,False,False,False,False,-22.12824803263958,23.67955408739138,-22.12824803263958,102,0.45098039215686275,1.0882635084651908,0.9629351088763121,0.009440540283101099,-1.8089804372151355,0.24509803921568626,102,0.45098039215686275,-1.8089804372151355,2.5962289431084833,0,0.3333333333333333,127,0.48031496062992124,1.3209066005447756,4.688803003092387,0.03691970868576683,-1.760814701749882,0.1968503937007874,127,0.48031496062992124,-1.760814701749882,0.5331851217360135,19,0.8333333333333334,350,0.43142857142857144,1.0830866965225523,3.512168278475667,0.010034766509930477,-5.115267155109343,0.42,350,0.43142857142857144,-5.115267155109343,0.7118109958800257,19,0.6470588235294118
SPXW,d80,-999999.0,1,score_desc,d65win,22,3,30,False,False,False,False,False,-22.286957626388705,23.708465978957413,-22.286957626388705,104,0.4423076923076923,1.0793019593834101,1.1405725328285568,0.010967043584889969,-2.457713168629904,0.22115384615384615,89,0.4606741573033708,-2.355043260211339,2.739360608734913,0,0.5,139,0.49640287769784175,1.3040569683106693,5.737365311041336,0.04127600943195206,-2.2774802861251215,0.14388489208633093,125,0.464,-2.2774802861251215,0.6176767094760424,22,0.8333333333333334,362,0.43370165745856354,1.116571335341399,5.4488640712696155,0.01505211069411496,-3.181040121699863,0.43922651933701656,312,0.4423076923076923,-3.1810401216998625,0.7475757614431915,0,0.47058823529411764
SPXW,d80,0.0,1,score_desc,d65win,22,3,30,False,False,False,False,False,-22.286957626388705,23.708465978957413,-22.286957626388705,104,0.4423076923076923,1.0793019593834101,1.1405725328285568,0.010967043584889969,-2.457713168629904,0.22115384615384615,89,0.4606741573033708,-2.355043260211339,2.739360608734913,0,0.5,139,0.49640287769784175,1.3040569683106693,5.737365311041336,0.04127600943195206,-2.2774802861251215,0.14388489208633093,125,0.464,-2.2774802861251215,0.6176767094760424,22,0.8333333333333334,358,0.4273743016759777,1.0751439048090992,3.5329803613768584,0.00986866022730966,-5.007477392476652,0.41899441340782123,306,0.43790849673202614,-5.007477392476651,1.1529751910345598,0,0.47058823529411764
SPXW,"d65ret,d80,d80_front",0.0,1,score_desc,d65win,21,1,0,False,False,False,False,False,-22.299257481990075,-8.583079945279419,-22.299257481990075,103,0.44660194174757284,1.0760444427864186,1.0791000763588885,0.010476699770474645,-3.952844625661772,0.1941747572815534,103,0.44660194174757284,-3.952844625661772,2.3167452720747903,0,0.5,128,0.4375,0.9672169317450291,-0.6141418088751465,-0.004797982881837082,-4.279783076142102,0.1796875,128,0.4375,-4.279783076142102,-4.070721067792087,20,0.5,349,0.45272206303724927,1.0409014759415416,1.7847878807784938,0.005114005389050126,-4.713258016282084,0.41260744985673353,349,0.45272206303724927,-4.713258016282084,1.400726678460828,19,0.47058823529411764
SPXW,"d65ret,d80,d80_front",0.0,1,score_desc,d65win,21,1,15,False,False,False,False,False,-22.299257481990075,-8.583079945279419,-22.299257481990075,103,0.44660194174757284,1.0760444427864186,1.0791000763588885,0.010476699770474645,-3.952844625661772,0.1941747572815534,103,0.44660194174757284,-3.952844625661772,2.3167452720747903,0,0.5,128,0.4375,0.9672169317450291,-0.6141418088751465,-0.004797982881837082,-4.279783076142102,0.1796875,128,0.4375,-4.279783076142102,-4.070721067792087,20,0.5,349,0.45272206303724927,1.0409014759415416,1.7847878807784938,0.005114005389050126,-4.713258016282084,0.41260744985673353,349,0.45272206303724927,-4.713258016282084,1.400726678460828,19,0.47058823529411764
SPXW,"d65ret,d80,d80_front",0.0,1,score_desc,d65win,21,1,30,False,False,False,False,False,-22.299257481990075,-8.583079945279419,-22.299257481990075,103,0.44660194174757284,1.0760444427864186,1.0791000763588885,0.010476699770474645,-3.952844625661772,0.1941747572815534,103,0.44660194174757284,-3.952844625661772,2.3167452720747903,0,0.5,128,0.4375,0.9672169317450291,-0.6141418088751465,-0.004797982881837082,-4.279783076142102,0.1796875,128,0.4375,-4.279783076142102,-4.070721067792087,20,0.5,349,0.45272206303724927,1.0409014759415416,1.7847878807784938,0.005114005389050126,-4.713258016282084,0.41260744985673353,349,0.45272206303724927,-4.713258016282084,1.400726678460828,19,0.47058823529411764
SPXW,"d65ret,d80,d80_front",-999999.0,1,score_desc,d65win,21,1,0,False,False,False,False,False,-22.299257481990075,-8.583079945279419,-22.299257481990075,103,0.44660194174757284,1.0760444427864186,1.0791000763588885,0.010476699770474645,-3.952844625661772,0.1941747572815534,103,0.44660194174757284,-3.952844625661772,2.3167452720747903,0,0.5,128,0.4375,0.9672169317450291,-0.6141418088751465,-0.004797982881837082,-4.279783076142102,0.1796875,128,0.4375,-4.279783076142102,-4.070721067792087,20,0.5,351,0.45014245014245013,1.0366392549422092,1.6047459276668141,0.0045719257198484735,-4.713258016282083,0.41025641025641024,351,0.45014245014245013,-4.713258016282083,1.5578790118101882,19,0.47058823529411764
SPXW,"d65ret,d80,d80_front",-999999.0,1,score_desc,d65win,21,1,15,False,False,False,False,False,-22.299257481990075,-8.583079945279419,-22.299257481990075,103,0.44660194174757284,1.0760444427864186,1.0791000763588885,0.010476699770474645,-3.952844625661772,0.1941747572815534,103,0.44660194174757284,-3.952844625661772,2.3167452720747903,0,0.5,128,0.4375,0.9672169317450291,-0.6141418088751465,-0.004797982881837082,-4.279783076142102,0.1796875,128,0.4375,-4.279783076142102,-4.070721067792087,20,0.5,351,0.45014245014245013,1.0366392549422092,1.6047459276668141,0.0045719257198484735,-4.713258016282083,0.41025641025641024,351,0.45014245014245013,-4.713258016282083,1.5578790118101882,19,0.47058823529411764
SPXW,"d65ret,d80,d80_front",-999999.0,1,score_desc,d65win,21,1,30,False,False,False,False,False,-22.299257481990075,-8.583079945279419,-22.299257481990075,103,0.44660194174757284,1.0760444427864186,1.0791000763588885,0.010476699770474645,-3.952844625661772,0.1941747572815534,103,0.44660194174757284,-3.952844625661772,2.3167452720747903,0,0.5,128,0.4375,0.9672169317450291,-0.6141418088751465,-0.004797982881837082,-4.279783076142102,0.1796875,128,0.4375,-4.279783076142102,-4.070721067792087,20,0.5,351,0.45014245014245013,1.0366392549422092,1.6047459276668141,0.0045719257198484735,-4.713258016282083,0.41025641025641024,351,0.45014245014245013,-4.713258016282083,1.5578790118101882,19,0.47058823529411764
SPXW,d80,-999999.0,1,score_desc,d65win,21,2,0,False,False,False,False,False,-22.314762543723035,21.129143726694192,-22.314762543723035,99,0.4444444444444444,1.0760192624464313,1.0436831633487695,0.010542254175240096,-2.557935836474967,0.23232323232323232,88,0.45454545454545453,-2.4552659280564013,2.7094168666356744,0,0.5,135,0.4888888888888889,1.2323653475879996,4.382667891475457,0.0324642066035219,-2.411390725225284,0.14814814814814814,124,0.4596774193548387,-2.411390725225284,0.6521166049606403,21,0.6666666666666666,360,0.43333333333333335,1.1358694571794345,6.329480000546559,0.017581888890407106,-3.38407507667728,0.4222222222222222,311,0.4405144694533762,-3.3840750766772794,0.5733555658235424,0,0.5294117647058824
SPXW,d80,-999999.0,1,score_desc,d65win,21,2,30,False,False,False,False,False,-22.314762543723035,21.040254837805303,-22.314762543723035,99,0.4444444444444444,1.0760192624464313,1.0436831633487695,0.010542254175240096,-2.557935836474967,0.23232323232323232,88,0.45454545454545453,-2.4552659280564013,2.7094168666356744,0,0.5,135,0.4888888888888889,1.2323653475879996,4.382667891475457,0.0324642066035219,-2.411390725225284,0.14074074074074075,124,0.4596774193548387,-2.411390725225284,0.7638445375832621,21,0.6666666666666666,354,0.4322033898305085,1.1085494555656035,4.96167812148188,0.01401603989119175,-3.1810401216998634,0.4322033898305085,312,0.4391025641025641,-3.181040121699863,0.7311283213663975,0,0.47058823529411764
SPXW,d80,0.0,1,score_desc,d65win,21,2,0,False,False,False,False,False,-22.314762543723035,21.129143726694192,-22.314762543723035,99,0.4444444444444444,1.0760192624464313,1.0436831633487695,0.010542254175240096,-2.557935836474967,0.23232323232323232,88,0.45454545454545453,-2.4552659280564013,2.7094168666356744,0,0.5,135,0.4888888888888889,1.2323653475879996,4.382667891475457,0.0324642066035219,-2.411390725225284,0.14814814814814814,124,0.4596774193548387,-2.411390725225284,0.6521166049606403,21,0.6666666666666666,354,0.4293785310734463,1.101999109728884,4.7244501947255895,0.013345904504874547,-4.412786930042151,0.4067796610169492,303,0.43564356435643564,-4.412786930042151,0.7747707993791745,0,0.5294117647058824
SPXW,d80,-999999.0,1,score_desc,d65win,21,2,15,False,False,False,False,False,-22.314762543723035,21.129143726694192,-22.314762543723035,99,0.4444444444444444,1.0760192624464313,1.0436831633487695,0.010542254175240096,-2.557935836474967,0.23232323232323232,88,0.45454545454545453,-2.4552659280564013,2.7094168666356744,0,0.5,135,0.4888888888888889,1.2323653475879996,4.382667891475457,0.0324642066035219,-2.411390725225284,0.14814814814814814,124,0.4596774193548387,-2.411390725225284,0.6521166049606403,21,0.6666666666666666,357,0.42857142857142855,1.0943381477671892,4.396998957128854,0.012316523689436566,-3.3309722977311846,0.4341736694677871,312,0.4391025641025641,-3.330972297731184,0.904028936842524,0,0.47058823529411764
SPXW,d80,0.0,1,score_desc,d65win,21,2,30,False,False,False,False,False,-22.314762543723035,21.040254837805303,-22.314762543723035,99,0.4444444444444444,1.0760192624464313,1.0436831633487695,0.010542254175240096,-2.557935836474967,0.23232323232323232,88,0.45454545454545453,-2.4552659280564013,2.7094168666356744,0,0.5,135,0.4888888888888889,1.2323653475879996,4.382667891475457,0.0324642066035219,-2.411390725225284,0.14074074074074075,124,0.4596774193548387,-2.411390725225284,0.7638445375832621,21,0.6666666666666666,349,0.4269340974212034,1.0732403905762302,3.3457944115891225,0.00958680347160207,-4.557330193450937,0.41260744985673353,306,0.434640522875817,-4.557330193450937,1.084233802158946,0,0.47058823529411764
SPXW,d80,0.0,1,score_desc,d65win,21,2,15,False,False,False,False,False,-22.314762543723035,21.129143726694192,-22.314762543723035,99,0.4444444444444444,1.0760192624464313,1.0436831633487695,0.010542254175240096,-2.557935836474967,0.23232323232323232,88,0.45454545454545453,-2.4552659280564013,2.7094168666356744,0,0.5,135,0.4888888888888889,1.2323653475879996,4.382667891475457,0.0324642066035219,-2.411390725225284,0.14814814814814814,124,0.4596774193548387,-2.411390725225284,0.6521166049606403,21,0.6666666666666666,352,0.42613636363636365,1.0626695206954473,2.9181728547385966,0.008290263791871012,-3.981264705010326,0.4147727272727273,305,0.4360655737704918,-3.981264705010325,1.3621586144412812,0,0.47058823529411764
SPXW,"d65ret,d80",-999999.0,1,score_desc,d65win,21,1,0,False,False,False,False,False,-22.390547216098653,-8.796423010673454,-22.390547216098653,103,0.44660194174757284,1.0727065888513327,1.0565724173771553,0.010257984634729664,-3.5542164098565996,0.1941747572815534,103,0.44660194174757284,-3.5542164098565996,2.366141647163213,0,0.5,128,0.4375,0.962816309775179,-0.6965808873567552,-0.00544203818247465,-4.279783076142102,0.1796875,128,0.4375,-4.279783076142102,-3.5889586484155434,20,0.5,348,0.4454022988505747,1.0335301264315244,1.4669977355209087,0.004215510734255485,-4.55309640395115,0.41954022988505746,348,0.4454022988505747,-4.55309640395115,1.7041607764392954,19,0.47058823529411764
SPXW,"d65ret,d80",-999999.0,1,score_desc,d65win,21,1,15,False,False,False,False,False,-22.390547216098653,-8.796423010673454,-22.390547216098653,103,0.44660194174757284,1.0727065888513327,1.0565724173771553,0.010257984634729664,-3.5542164098565996,0.1941747572815534,103,0.44660194174757284,-3.5542164098565996,2.366141647163213,0,0.5,128,0.4375,0.962816309775179,-0.6965808873567552,-0.00544203818247465,-4.279783076142102,0.1796875,128,0.4375,-4.279783076142102,-3.5889586484155434,20,0.5,348,0.4454022988505747,1.0335301264315244,1.4669977355209087,0.004215510734255485,-4.55309640395115,0.41954022988505746,348,0.4454022988505747,-4.55309640395115,1.7041607764392954,19,0.47058823529411764
SPXW,"d65ret,d80",-999999.0,1,score_desc,d65win,21,1,30,False,False,False,False,False,-22.390547216098653,-8.796423010673454,-22.390547216098653,103,0.44660194174757284,1.0727065888513327,1.0565724173771553,0.010257984634729664,-3.5542164098565996,0.1941747572815534,103,0.44660194174757284,-3.5542164098565996,2.366141647163213,0,0.5,128,0.4375,0.962816309775179,-0.6965808873567552,-0.00544203818247465,-4.279783076142102,0.1796875,128,0.4375,-4.279783076142102,-3.5889586484155434,20,0.5,348,0.4454022988505747,1.0335301264315244,1.4669977355209087,0.004215510734255485,-4.55309640395115,0.41954022988505746,348,0.4454022988505747,-4.55309640395115,1.7041607764392954,19,0.47058823529411764
SPXW,"d65ret,d80",0.0,1,score_desc,d65win,21,1,0,False,False,False,False,False,-22.390547216098653,-8.796423010673454,-22.390547216098653,103,0.44660194174757284,1.0727065888513327,1.0565724173771553,0.010257984634729664,-3.5542164098565996,0.1941747572815534,103,0.44660194174757284,-3.5542164098565996,2.366141647163213,0,0.5,128,0.4375,0.962816309775179,-0.6965808873567552,-0.00544203818247465,-4.279783076142102,0.1796875,128,0.4375,-4.279783076142102,-3.5889586484155434,20,0.5,347,0.4438040345821326,1.0203925219934895,0.8975125314631112,0.002586491445138649,-4.553096403951149,0.41786743515850144,347,0.4438040345821326,-4.553096403951149,2.785476427749191,19,0.47058823529411764
SPXW,"d65ret,d80",0.0,1,score_desc,d65win,21,1,15,False,False,False,False,False,-22.390547216098653,-8.796423010673454,-22.390547216098653,103,0.44660194174757284,1.0727065888513327,1.0565724173771553,0.010257984634729664,-3.5542164098565996,0.1941747572815534,103,0.44660194174757284,-3.5542164098565996,2.366141647163213,0,0.5,128,0.4375,0.962816309775179,-0.6965808873567552,-0.00544203818247465,-4.279783076142102,0.1796875,128,0.4375,-4.279783076142102,-3.5889586484155434,20,0.5,347,0.4438040345821326,1.0203925219934895,0.8975125314631112,0.002586491445138649,-4.553096403951149,0.41786743515850144,347,0.4438040345821326,-4.553096403951149,2.785476427749191,19,0.47058823529411764
SPXW,"d65ret,d80",0.0,1,score_desc,d65win,21,1,30,False,False,False,False,False,-22.390547216098653,-8.796423010673454,-22.390547216098653,103,0.44660194174757284,1.0727065888513327,1.0565724173771553,0.010257984634729664,-3.5542164098565996,0.1941747572815534,103,0.44660194174757284,-3.5542164098565996,2.366141647163213,0,0.5,128,0.4375,0.962816309775179,-0.6965808873567552,-0.00544203818247465,-4.279783076142102,0.1796875,128,0.4375,-4.279783076142102,-3.5889586484155434,20,0.5,347,0.4438040345821326,1.0203925219934895,0.8975125314631112,0.002586491445138649,-4.553096403951149,0.41786743515850144,347,0.4438040345821326,-4.553096403951149,2.785476427749191,19,0.47058823529411764
SPXW,"d50ret,d80,d80_front",0.0,1,score_desc,d65win,22,2,15,False,False,False,False,False,-22.47311743625344,24.369905644121346,-22.47311743625344,108,0.4444444444444444,1.0704235860984823,0.9793466259300947,0.009068024314167544,-2.3399299258154955,0.21296296296296297,93,0.4731182795698925,-2.3399299258154955,2.8426114562161477,0,0.5,139,0.4892086330935252,1.3783765016483958,7.522621631889125,0.054119580085533275,-2.293075087385292,0.15827338129496402,125,0.488,-2.293075087385292,0.41350279208043966,22,0.6666666666666666,390,0.45897435897435895,1.1825440998592103,9.464766741134968,0.02426863266957684,-2.64825847859807,0.3282051282051282,344,0.45058139534883723,-2.64825847859807,0.4245870762967551,19,0.6470588235294118
SPXW,"d50ret,d80,d80_front",0.0,1,score_desc,d65win,22,2,0,False,False,False,False,False,-22.51611346938013,24.378262385625092,-22.51611346938013,108,0.4444444444444444,1.0689511160775198,0.9557875630217947,0.008849884842794396,-2.3399299258154955,0.21296296296296297,93,0.4731182795698925,-2.3399299258154955,2.912678555550567,0,0.5,139,0.4892086330935252,1.3790742770557693,7.536494323112922,0.05421938361951742,-2.293075087385292,0.15827338129496402,125,0.488,-2.293075087385292,0.41458237820102295,22,0.6666666666666666,390,0.45897435897435895,1.1930181540343046,10.077498777746037,0.02583974045575907,-3.047956714046401,0.31794871794871793,344,0.4563953488372093,-3.047956714046401,0.4328959474294335,19,0.7058823529411765
SPXW,"d50ret,d80,d80_front",0.0,1,score_desc,d65win,21,2,30,False,False,False,False,False,-22.527937750527528,23.409282511913485,-22.527937750527528,105,0.44761904761904764,1.0647257793959348,0.8745313544622666,0.008328870042497777,-2.8399299258154955,0.20952380952380953,92,0.4673913043478261,-2.8399299258154955,3.183307178491374,0,0.5,137,0.48905109489051096,1.3393454171841785,6.760917040083485,0.04934975941666778,-2.293075087385292,0.15328467153284672,125,0.48,-2.293075087385292,0.4618007757236243,21,0.5,380,0.45526315789473687,1.19100890770668,9.645483730520123,0.025382851922421377,-3.2944352748643144,0.32894736842105265,344,0.44476744186046513,-3.2944352748643153,0.38061613545014367,19,0.7058823529411765
SPXW,"d80,d80_front",0.0,1,score_desc,d65win,22,4,15,False,False,False,False,False,-22.64198098787906,23.681390838994037,-22.64198098787906,110,0.43636363636363634,1.0863681214473988,1.18345139365499,0.010758649033227182,-2.1559993005614766,0.21818181818181817,93,0.4731182795698925,-2.1559993005614766,2.352358494316924,0,0.3333333333333333,140,0.4928571428571429,1.316577047865826,5.839110375575247,0.04170793125410891,-1.9774802861251217,0.12857142857142856,124,0.47580645161290325,-1.9774802861251217,0.5332326713474907,23,0.8333333333333334,380,0.46842105263157896,1.2220297599547114,10.021402578565674,0.026372112048857036,-3.411406671814456,0.4105263157894737,334,0.46706586826347307,-3.411406671814456,0.406470309390595,11,0.5294117647058824
SPXW,"d80,d80_front",0.0,1,score_desc,d65win,22,4,30,False,False,False,False,False,-22.64198098787906,23.595676553279752,-22.64198098787906,110,0.43636363636363634,1.0863681214473988,1.18345139365499,0.010758649033227182,-2.1559993005614766,0.21818181818181817,93,0.4731182795698925,-2.1559993005614766,2.352358494316924,0,0.3333333333333333,140,0.4928571428571429,1.316577047865826,5.839110375575247,0.04170793125410891,-1.9774802861251217,0.12142857142857143,124,0.47580645161290325,-1.9774802861251217,0.6069138444804406,23,0.8333333333333334,379,0.46437994722955145,1.213299578800914,9.56982953630935,0.025250209858336013,-4.449053051505759,0.41688654353562005,334,0.46107784431137727,-4.449053051505758,0.3926378900525222,11,0.5294117647058824
SPXW,"d50ret,d80,d80_front",0.0,1,score_desc,d65win,22,3,15,False,False,False,False,False,-22.867977632295347,23.98534280642634,-22.867977632295347,109,0.44036697247706424,1.0617556873391105,0.8658174385673318,0.0079432792529113,-2.4,0.21100917431192662,93,0.4731182795698925,-2.4,3.2153451922636718,0,0.5,139,0.4892086330935252,1.380986991372572,7.593709197372705,0.05463100141994752,-2.293075087385292,0.1510791366906475,125,0.48,-2.293075087385292,0.4218139628656575,22,0.5,390,0.45897435897435895,1.1825440998592103,9.46476674113497,0.024268632669576844,-2.64825847859807,0.3282051282051282,344,0.45058139534883723,-2.64825847859807,0.42458707629675496,19,0.6470588235294118
SPXW,"d50ret,d80,d80_front",0.0,1,score_desc,d65win,22,3,30,False,False,False,False,False,-22.867977632295347,23.697830415525377,-22.867977632295347,109,0.44036697247706424,1.0617556873391105,0.8658174385673318,0.0079432792529113,-2.4,0.21100917431192662,93,0.4731182795698925,-2.4,3.2153451922636718,0,0.5,139,0.4892086330935252,1.3570003109530355,7.115614459649365,0.051191470932729244,-2.293075087385292,0.1510791366906475,125,0.48,-2.293075087385292,0.4517816799639169,22,0.5,389,0.4524421593830334,1.1635066185662277,8.48263816451585,0.021806267775105012,-3.4445824738900255,0.3341902313624679,344,0.44476744186046513,-3.4445824738900264,0.4327930380686397,19,0.6470588235294118
SPXW,"d50ret,d80,d80_front",0.0,1,score_desc,d80_front,21,1,0,False,False,False,False,False,-22.879751969001475,19.841762987302094,-22.879751969001475,101,0.44554455445544555,1.0679066683424914,0.7420201351552265,0.007346734011437886,-1.802206303755179,0.2376237623762376,101,0.44554455445544555,-1.802206303755179,3.369180810001893,0,0.3333333333333333,124,0.46774193548387094,1.2753625051899802,4.019216143533508,0.032413033415592804,-1.7341516309626592,0.18548387096774194,124,0.46774193548387094,-1.7341516309626592,0.6220118328351747,17,0.6666666666666666,342,0.45321637426900585,1.1494694033280066,5.851531981852522,0.01710974263699568,-3.87572741293757,0.38596491228070173,342,0.45321637426900585,-3.87572741293757,0.4272385432999942,18,0.7058823529411765
SPXW,"d50ret,d80,d80_front",0.0,1,score_desc,d80_front,21,1,15,False,False,False,False,False,-22.879751969001475,19.841762987302094,-22.879751969001475,101,0.44554455445544555,1.0679066683424914,0.7420201351552265,0.007346734011437886,-1.802206303755179,0.2376237623762376,101,0.44554455445544555,-1.802206303755179,3.369180810001893,0,0.3333333333333333,124,0.46774193548387094,1.2753625051899802,4.019216143533508,0.032413033415592804,-1.7341516309626592,0.18548387096774194,124,0.46774193548387094,-1.7341516309626592,0.6220118328351747,17,0.6666666666666666,342,0.45321637426900585,1.1494694033280066,5.851531981852522,0.01710974263699568,-3.87572741293757,0.38596491228070173,342,0.45321637426900585,-3.87572741293757,0.4272385432999942,18,0.7058823529411765
SPXW,"d50ret,d80,d80_front",0.0,1,score_desc,d80_front,21,1,30,False,False,False,False,False,-22.879751969001475,19.841762987302094,-22.879751969001475,101,0.44554455445544555,1.0679066683424914,0.7420201351552265,0.007346734011437886,-1.802206303755179,0.2376237623762376,101,0.44554455445544555,-1.802206303755179,3.369180810001893,0,0.3333333333333333,124,0.46774193548387094,1.2753625051899802,4.019216143533508,0.032413033415592804,-1.7341516309626592,0.18548387096774194,124,0.46774193548387094,-1.7341516309626592,0.6220118328351747,17,0.6666666666666666,342,0.45321637426900585,1.1494694033280066,5.851531981852522,0.01710974263699568,-3.87572741293757,0.38596491228070173,342,0.45321637426900585,-3.87572741293757,0.4272385432999942,18,0.7058823529411765
SPXW,"d50ret,d80",0.0,1,score_desc,d80_front,21,1,0,False,False,False,False,False,-22.881923804116475,19.841762987302094,-22.881923804116475,101,0.44554455445544555,1.0678379322819058,0.7400966474563269,0.007327689578775514,-2.0318188986351213,0.24752475247524752,101,0.44554455445544555,-2.0318188986351213,3.377937204002164,0,0.3333333333333333,124,0.46774193548387094,1.2753625051899802,4.019216143533508,0.032413033415592804,-1.7341516309626592,0.18548387096774194,124,0.46774193548387094,-1.7341516309626592,0.6220118328351747,17,0.6666666666666666,342,0.4444444444444444,1.1000691356932921,4.088710508649336,0.011955293884939579,-5.21727057328021,0.39473684210526316,342,0.4444444444444444,-5.21727057328021,0.6114397179040807,18,0.7058823529411765
SPXW,"d50ret,d80",0.0,1,score_desc,d80_front,21,1,15,False,False,False,False,False,-22.881923804116475,19.841762987302094,-22.881923804116475,101,0.44554455445544555,1.0678379322819058,0.7400966474563269,0.007327689578775514,-2.0318188986351213,0.24752475247524752,101,0.44554455445544555,-2.0318188986351213,3.377937204002164,0,0.3333333333333333,124,0.46774193548387094,1.2753625051899802,4.019216143533508,0.032413033415592804,-1.7341516309626592,0.18548387096774194,124,0.46774193548387094,-1.7341516309626592,0.6220118328351747,17,0.6666666666666666,342,0.4444444444444444,1.1000691356932921,4.088710508649336,0.011955293884939579,-5.21727057328021,0.39473684210526316,342,0.4444444444444444,-5.21727057328021,0.6114397179040807,18,0.7058823529411765
SPXW,"d50ret,d80",0.0,1,score_desc,d80_front,21,1,30,False,False,False,False,False,-22.881923804116475,19.841762987302094,-22.881923804116475,101,0.44554455445544555,1.0678379322819058,0.7400966474563269,0.007327689578775514,-2.0318188986351213,0.24752475247524752,101,0.44554455445544555,-2.0318188986351213,3.377937204002164,0,0.3333333333333333,124,0.46774193548387094,1.2753625051899802,4.019216143533508,0.032413033415592804,-1.7341516309626592,0.18548387096774194,124,0.46774193548387094,-1.7341516309626592,0.6220118328351747,17,0.6666666666666666,342,0.4444444444444444,1.1000691356932921,4.088710508649336,0.011955293884939579,-5.21727057328021,0.39473684210526316,342,0.4444444444444444,-5.21727057328021,0.6114397179040807,18,0.7058823529411765
SPXW,"d50ret,d80",-999999.0,1,score_desc,d80_front,21,1,0,False,False,False,False,False,-22.881923804116475,20.49751564606741,-22.881923804116475,101,0.44554455445544555,1.0678379322819058,0.7400966474563269,0.007327689578775514,-2.0318188986351213,0.24752475247524752,101,0.44554455445544555,-2.0318188986351213,3.377937204002164,0,0.3333333333333333,127,0.4566929133858268,1.221235959780081,3.4578745875354446,0.027227358956972005,-1.760814701749882,0.2047244094488189,127,0.4566929133858268,-1.760814701749882,0.7229874701100257,19,0.6666666666666666,350,0.4228571428571429,1.0469367207097207,2.046514480266057,0.005847184229331591,-5.344957445706811,0.4085714285714286,350,0.4228571428571429,-5.344957445706811,1.2215892064809568,19,0.5882352941176471
SPXW,"d50ret,d80",-999999.0,1,score_desc,d80_front,21,1,15,False,False,False,False,False,-22.881923804116475,20.49751564606741,-22.881923804116475,101,0.44554455445544555,1.0678379322819058,0.7400966474563269,0.007327689578775514,-2.0318188986351213,0.24752475247524752,101,0.44554455445544555,-2.0318188986351213,3.377937204002164,0,0.3333333333333333,127,0.4566929133858268,1.221235959780081,3.4578745875354446,0.027227358956972005,-1.760814701749882,0.2047244094488189,127,0.4566929133858268,-1.760814701749882,0.7229874701100257,19,0.6666666666666666,350,0.4228571428571429,1.0469367207097207,2.046514480266057,0.005847184229331591,-5.344957445706811,0.4085714285714286,350,0.4228571428571429,-5.344957445706811,1.2215892064809568,19,0.5882352941176471
SPXW,"d50ret,d80",-999999.0,1,score_desc,d80_front,21,1,30,False,False,False,False,False,-22.881923804116475,20.49751564606741,-22.881923804116475,101,0.44554455445544555,1.0678379322819058,0.7400966474563269,0.007327689578775514,-2.0318188986351213,0.24752475247524752,101,0.44554455445544555,-2.0318188986351213,3.377937204002164,0,0.3333333333333333,127,0.4566929133858268,1.221235959780081,3.4578745875354446,0.027227358956972005,-1.760814701749882,0.2047244094488189,127,0.4566929133858268,-1.760814701749882,0.7229874701100257,19,0.6666666666666666,350,0.4228571428571429,1.0469367207097207,2.046514480266057,0.005847184229331591,-5.344957445706811,0.4085714285714286,350,0.4228571428571429,-5.344957445706811,1.2215892064809568,19,0.5882352941176471
SPXW,"d50ret,d65ret,d80_front",0.0,1,score_desc,d65win,21,1,0,False,False,False,False,False,-22.957877002273737,14.643055924398485,-22.957877002273737,103,0.42718446601941745,1.085279147648476,1.2456850176304146,0.012094029297382666,-3.5383286326186414,0.17475728155339806,103,0.42718446601941745,-3.5383286326186414,2.0069278867587146,0,0.5,128,0.4375,1.0472118661904075,0.827737017239452,0.006466695447183219,-3.7437907871268,0.234375,128,0.4375,-3.7437907871268,3.0202829496953463,20,0.5,346,0.4479768786127168,1.0576798716549383,2.5110222987178394,0.007257289880687397,-3.7699165402647496,0.4277456647398844,346,0.4479768786127168,-3.7699165402647496,0.995610433757013,19,0.4117647058823529
SPXW,"d50ret,d65ret,d80_front",0.0,1,score_desc,d65win,21,1,15,False,False,False,False,False,-22.957877002273737,14.643055924398485,-22.957877002273737,103,0.42718446601941745,1.085279147648476,1.2456850176304146,0.012094029297382666,-3.5383286326186414,0.17475728155339806,103,0.42718446601941745,-3.5383286326186414,2.0069278867587146,0,0.5,128,0.4375,1.0472118661904075,0.827737017239452,0.006466695447183219,-3.7437907871268,0.234375,128,0.4375,-3.7437907871268,3.0202829496953463,20,0.5,346,0.4479768786127168,1.0576798716549383,2.5110222987178394,0.007257289880687397,-3.7699165402647496,0.4277456647398844,346,0.4479768786127168,-3.7699165402647496,0.995610433757013,19,0.4117647058823529
SPXW,"d50ret,d65ret,d80_front",0.0,1,score_desc,d65win,21,1,30,False,False,False,False,False,-22.957877002273737,14.643055924398485,-22.957877002273737,103,0.42718446601941745,1.085279147648476,1.2456850176304146,0.012094029297382666,-3.5383286326186414,0.17475728155339806,103,0.42718446601941745,-3.5383286326186414,2.0069278867587146,0,0.5,128,0.4375,1.0472118661904075,0.827737017239452,0.006466695447183219,-3.7437907871268,0.234375,128,0.4375,-3.7437907871268,3.0202829496953463,20,0.5,346,0.4479768786127168,1.0576798716549383,2.5110222987178394,0.007257289880687397,-3.7699165402647496,0.4277456647398844,346,0.4479768786127168,-3.7699165402647496,0.995610433757013,19,0.4117647058823529
SPXW,"d50ret,d65ret,d80_front",-999999.0,1,score_desc,d65win,21,1,0,False,False,False,False,False,-22.957877002273737,14.643055924398485,-22.957877002273737,103,0.42718446601941745,1.085279147648476,1.2456850176304146,0.012094029297382666,-3.5383286326186414,0.17475728155339806,103,0.42718446601941745,-3.5383286326186414,2.0069278867587146,0,0.5,128,0.4375,1.0472118661904075,0.827737017239452,0.006466695447183219,-3.7437907871268,0.234375,128,0.4375,-3.7437907871268,3.0202829496953463,20,0.5,350,0.44285714285714284,1.0398056105809084,1.7590808294975069,0.005025945227135734,-3.3976513412124665,0.4228571428571429,350,0.44285714285714284,-3.3976513412124665,1.421196773950485,19,0.4117647058823529
SPXW,"d50ret,d65ret,d80_front",-999999.0,1,score_desc,d65win,21,1,15,False,False,False,False,False,-22.957877002273737,14.643055924398485,-22.957877002273737,103,0.42718446601941745,1.085279147648476,1.2456850176304146,0.012094029297382666,-3.5383286326186414,0.17475728155339806,103,0.42718446601941745,-3.5383286326186414,2.0069278867587146,0,0.5,128,0.4375,1.0472118661904075,0.827737017239452,0.006466695447183219,-3.7437907871268,0.234375,128,0.4375,-3.7437907871268,3.0202829496953463,20,0.5,350,0.44285714285714284,1.0398056105809084,1.7590808294975069,0.005025945227135734,-3.3976513412124665,0.4228571428571429,350,0.44285714285714284,-3.3976513412124665,1.421196773950485,19,0.4117647058823529
SPXW,"d50ret,d65ret,d80_front",-999999.0,1,score_desc,d65win,21,1,30,False,False,False,False,False,-22.957877002273737,14.643055924398485,-22.957877002273737,103,0.42718446601941745,1.085279147648476,1.2456850176304146,0.012094029297382666,-3.5383286326186414,0.17475728155339806,103,0.42718446601941745,-3.5383286326186414,2.0069278867587146,0,0.5,128,0.4375,1.0472118661904075,0.827737017239452,0.006466695447183219,-3.7437907871268,0.234375,128,0.4375,-3.7437907871268,3.0202829496953463,20,0.5,350,0.44285714285714284,1.0398056105809084,1.7590808294975069,0.005025945227135734,-3.3976513412124665,0.4228571428571429,350,0.44285714285714284,-3.3976513412124665,1.421196773950485,19,0.4117647058823529
SPXW,"d50ret,d80,d80_front",0.0,1,score_desc,d65win,22,3,0,False,False,False,False,False,-23.012190822382454,23.99368544295269,-23.012190822382454,109,0.44036697247706424,1.0567482565644528,0.7957174888372907,0.007300160448048538,-2.4,0.21100917431192662,93,0.4731182795698925,-2.4,3.4986059468711432,0,0.5,139,0.4892086330935252,1.3816830036577705,7.607581888596502,0.05473080495393167,-2.293075087385292,0.1510791366906475,125,0.48,-2.293075087385292,0.4228683052941102,22,0.5,390,0.45897435897435895,1.1930181540343046,10.077498777746037,0.02583974045575907,-3.047956714046401,0.31794871794871793,344,0.4563953488372093,-3.047956714046401,0.4328959474294335,19,0.7058823529411765
SPXW,"d50ret,d80,d80_front",0.0,1,score_desc,d80_front,21,2,0,False,False,False,False,False,-23.042606201709994,24.84479120302011,-23.042606201709994,105,0.42857142857142855,1.082651719771197,1.0660549450039616,0.010152904238132967,-1.9000000000000004,0.23809523809523808,101,0.44554455445544555,-1.9000000000000004,2.345094886259085,0,0.3333333333333333,136,0.49264705882352944,1.4239117001558166,8.056703695142412,0.05924046834663538,-2.231396877954877,0.16176470588235295,124,0.47580645161290325,-2.1371168871273962,0.4076083695744315,21,0.6666666666666666,379,0.45118733509234826,1.1941442139509362,9.716789310327405,0.02563796651801426,-2.918125918680703,0.32981530343007914,341,0.44868035190615835,-2.918125918680703,0.33866557862871727,18,0.7058823529411765
SPXW,"d50ret,d80,d80_front",0.0,1,score_desc,d80_front,21,3,0,False,False,False,False,False,-23.042606201709994,24.84479120302011,-23.042606201709994,105,0.42857142857142855,1.082651719771197,1.0660549450039616,0.010152904238132967,-1.9000000000000004,0.23809523809523808,101,0.44554455445544555,-1.9000000000000004,2.345094886259085,0,0.3333333333333333,136,0.49264705882352944,1.4239117001558166,8.056703695142412,0.05924046834663538,-2.231396877954877,0.16176470588235295,124,0.47580645161290325,-2.1371168871273962,0.4076083695744315,21,0.6666666666666666,379,0.45118733509234826,1.1922608931375565,9.679164086964063,0.02553869152233262,-2.9181259186807003,0.32981530343007914,341,0.44868035190615835,-2.9181259186807003,0.3476910981569672,18,0.7058823529411765
SPXW,"d50ret,d80,d80_front",0.0,1,score_desc,d80_front,21,4,0,False,False,False,False,False,-23.042606201709994,24.84479120302011,-23.042606201709994,105,0.42857142857142855,1.082651719771197,1.0660549450039616,0.010152904238132967,-1.9000000000000004,0.23809523809523808,101,0.44554455445544555,-1.9000000000000004,2.345094886259085,0,0.3333333333333333,136,0.49264705882352944,1.4239117001558166,8.056703695142412,0.05924046834663538,-2.231396877954877,0.16176470588235295,124,0.47580645161290325,-2.1371168871273962,0.4076083695744315,21,0.6666666666666666,379,0.45118733509234826,1.1922608931375565,9.679164086964063,0.02553869152233262,-2.9181259186807003,0.32981530343007914,341,0.44868035190615835,-2.9181259186807003,0.3476910981569672,18,0.7058823529411765
SPXW,"d50ret,d80,d80_front",0.0,1,score_desc,d80_front,21,2,30,False,False,False,False,False,-23.042606201709994,24.820391424437968,-23.042606201709994,105,0.42857142857142855,1.082651719771197,1.0660549450039616,0.010152904238132967,-1.9000000000000004,0.23809523809523808,101,0.44554455445544555,-1.9000000000000004,2.345094886259085,0,0.3333333333333333,136,0.49264705882352944,1.4218441191737505,8.01740804151432,0.05895152971701706,-2.231396877954877,0.16176470588235295,124,0.47580645161290325,-2.1371168871273962,0.41215376274197274,21,0.6666666666666666,377,0.4482758620689655,1.173948524170889,8.603848064700802,0.022821878155705046,-3.5319031842068336,0.33156498673740054,341,0.44574780058651026,-3.5319031842068336,0.3625192557872437,18,0.7058823529411765
SPXW,"d50ret,d80,d80_front",0.0,1,score_desc,d80_front,21,2,15,False,False,False,False,False,-23.042606201709994,24.857473682417403,-23.042606201709994,105,0.42857142857142855,1.082651719771197,1.0660549450039616,0.010152904238132967,-1.9000000000000004,0.23809523809523808,101,0.44554455445544555,-1.9000000000000004,2.345094886259085,0,0.3333333333333333,136,0.49264705882352944,1.4249863842198132,8.077128729568994,0.059390652423301424,-2.231396877954877,0.16176470588235295,124,0.47580645161290325,-2.1371168871273962,0.40910637955428564,21,0.6666666666666666,379,0.44591029023746703,1.1731033258714256,8.669152037440082,0.022873752077678316,-3.0319031842068336,0.3324538258575198,341,0.44868035190615835,-3.0319031842068336,0.3461937711115852,18,0.7058823529411765
SPXW,"d50ret,d80,d80_front",0.0,1,score_desc,d80_front,21,3,30,False,False,False,False,False,-23.042606201709994,24.820391424437968,-23.042606201709994,105,0.42857142857142855,1.082651719771197,1.0660549450039616,0.010152904238132967,-1.9000000000000004,0.23809523809523808,101,0.44554455445544555,-1.9000000000000004,2.345094886259085,0,0.3333333333333333,136,0.49264705882352944,1.4218441191737505,8.01740804151432,0.05895152971701706,-2.231396877954877,0.16176470588235295,124,0.47580645161290325,-2.1371168871273962,0.41215376274197274,21,0.6666666666666666,377,0.4482758620689655,1.1721625353156266,8.56622284133746,0.02272207650222138,-3.5319031842068336,0.33156498673740054,341,0.44574780058651026,-3.5319031842068336,0.3804404818050569,18,0.7058823529411765
SPXW,"d50ret,d80,d80_front",0.0,1,score_desc,d80_front,21,4,30,False,False,False,False,False,-23.042606201709994,24.820391424437968,-23.042606201709994,105,0.42857142857142855,1.082651719771197,1.0660549450039616,0.010152904238132967,-1.9000000000000004,0.23809523809523808,101,0.44554455445544555,-1.9000000000000004,2.345094886259085,0,0.3333333333333333,136,0.49264705882352944,1.4218441191737505,8.01740804151432,0.05895152971701706,-2.231396877954877,0.16176470588235295,124,0.47580645161290325,-2.1371168871273962,0.41215376274197274,21,0.6666666666666666,377,0.4482758620689655,1.1721625353156266,8.56622284133746,0.02272207650222138,-3.5319031842068336,0.33156498673740054,341,0.44574780058651026,-3.5319031842068336,0.3804404818050569,18,0.7058823529411765
SPXW,"d50ret,d80,d80_front",0.0,1,score_desc,d80_front,21,3,15,False,False,False,False,False,-23.042606201709994,24.857473682417403,-23.042606201709994,105,0.42857142857142855,1.082651719771197,1.0660549450039616,0.010152904238132967,-1.9000000000000004,0.23809523809523808,101,0.44554455445544555,-1.9000000000000004,2.345094886259085,0,0.3333333333333333,136,0.49264705882352944,1.4249863842198132,8.077128729568994,0.059390652423301424,-2.231396877954877,0.16176470588235295,124,0.47580645161290325,-2.1371168871273962,0.40910637955428564,21,0.6666666666666666,379,0.44591029023746703,1.1713442165035415,8.63152681407674,0.022774477081996675,-3.0319031842068336,0.3324538258575198,341,0.44868035190615835,-3.0319031842068336,0.3639082460758249,18,0.7058823529411765
SPXW,"d50ret,d80,d80_front",0.0,1,score_desc,d80_front,21,4,15,False,False,False,False,False,-23.042606201709994,24.857473682417403,-23.042606201709994,105,0.42857142857142855,1.082651719771197,1.0660549450039616,0.010152904238132967,-1.9000000000000004,0.23809523809523808,101,0.44554455445544555,-1.9000000000000004,2.345094886259085,0,0.3333333333333333,136,0.49264705882352944,1.4249863842198132,8.077128729568994,0.059390652423301424,-2.231396877954877,0.16176470588235295,124,0.47580645161290325,-2.1371168871273962,0.40910637955428564,21,0.6666666666666666,379,0.44591029023746703,1.1713442165035415,8.63152681407674,0.022774477081996675,-3.0319031842068336,0.3324538258575198,341,0.44868035190615835,-3.0319031842068336,0.3639082460758249,18,0.7058823529411765
SPXW,"d50ret,d80,d80_front",0.0,1,score_desc,d80_front,22,1,0,False,False,False,False,False,-23.055560172636206,22.094027123902674,-23.055560172636206,102,0.4411764705882353,1.0672450391992925,0.7352460016952695,0.007208294134267349,-1.808980437215136,0.23529411764705882,102,0.4411764705882353,-1.808980437215136,3.400222502721139,0,0.3333333333333333,124,0.49193548387096775,1.3866825722094973,5.250144559090451,0.04233987547653589,-1.7341516309626595,0.1774193548387097,124,0.49193548387096775,-1.7341516309626595,0.47617736461586246,17,0.8333333333333334,342,0.45321637426900585,1.156253286107967,6.081222272449992,0.017781351673830385,-3.6460371223401014,0.391812865497076,342,0.45321637426900585,-3.6460371223401014,0.4111015660989488,18,0.7058823529411765
SPXW,"d50ret,d80,d80_front",0.0,1,score_desc,d80_front,22,1,15,False,False,False,False,False,-23.055560172636206,22.094027123902674,-23.055560172636206,102,0.4411764705882353,1.0672450391992925,0.7352460016952695,0.007208294134267349,-1.808980437215136,0.23529411764705882,102,0.4411764705882353,-1.808980437215136,3.400222502721139,0,0.3333333333333333,124,0.49193548387096775,1.3866825722094973,5.250144559090451,0.04233987547653589,-1.7341516309626595,0.1774193548387097,124,0.49193548387096775,-1.7341516309626595,0.47617736461586246,17,0.8333333333333334,342,0.45321637426900585,1.156253286107967,6.081222272449992,0.017781351673830385,-3.6460371223401014,0.391812865497076,342,0.45321637426900585,-3.6460371223401014,0.4111015660989488,18,0.7058823529411765
SPXW,"d50ret,d80,d80_front",0.0,1,score_desc,d80_front,22,1,30,False,False,False,False,False,-23.055560172636206,22.094027123902674,-23.055560172636206,102,0.4411764705882353,1.0672450391992925,0.7352460016952695,0.007208294134267349,-1.808980437215136,0.23529411764705882,102,0.4411764705882353,-1.808980437215136,3.400222502721139,0,0.3333333333333333,124,0.49193548387096775,1.3866825722094973,5.250144559090451,0.04233987547653589,-1.7341516309626595,0.1774193548387097,124,0.49193548387096775,-1.7341516309626595,0.47617736461586246,17,0.8333333333333334,342,0.45321637426900585,1.156253286107967,6.081222272449992,0.017781351673830385,-3.6460371223401014,0.391812865497076,342,0.45321637426900585,-3.6460371223401014,0.4111015660989488,18,0.7058823529411765
SPXW,d80,-999999.0,1,score_desc,d65win,22,2,0,False,False,False,False,False,-23.143258851505745,23.84578376300179,-23.143258851505745,102,0.4411764705882353,1.0626249442991038,0.897364944372091,0.008797695533059716,-2.3399299258154955,0.22549019607843138,89,0.4606741573033708,-2.3399299258154955,3.1511959364308533,0,0.3333333333333333,138,0.5,1.3033180795476216,5.632427517162045,0.040814692153348146,-2.2774802861251215,0.15217391304347827,125,0.472,-2.060967633818602,0.5074207341950882,22,0.8333333333333334,368,0.42934782608695654,1.1218906715319685,5.805374935143996,0.015775475367239118,-3.1904611199544015,0.42391304347826086,312,0.4391025641025641,-3.1904611199544015,0.6251176931076465,0,0.5294117647058824
SPXW,d80,-999999.0,1,score_desc,d65win,22,2,15,False,False,False,False,False,-23.143258851505745,23.84578376300179,-23.143258851505745,102,0.4411764705882353,1.0626249442991038,0.897364944372091,0.008797695533059716,-2.3399299258154955,0.22549019607843138,89,0.4606741573033708,-2.3399299258154955,3.1511959364308533,0,0.3333333333333333,138,0.5,1.3033180795476216,5.632427517162045,0.040814692153348146,-2.2774802861251215,0.15217391304347827,125,0.472,-2.060967633818602,0.5074207341950882,22,0.8333333333333334,364,0.42857142857142855,1.0943663057398194,4.486239244192847,0.012324833088441886,-3.4635616069229704,0.4368131868131868,313,0.44089456869009586,-3.463561606922971,0.8915653027216289,0,0.47058823529411764
SPXW,d80,0.0,1,score_desc,d65win,22,2,0,False,False,False,False,False,-23.143258851505745,23.84578376300179,-23.143258851505745,102,0.4411764705882353,1.0626249442991038,0.897364944372091,0.008797695533059716,-2.3399299258154955,0.22549019607843138,89,0.4606741573033708,-2.3399299258154955,3.1511959364308533,0,0.3333333333333333,138,0.5,1.3033180795476216,5.632427517162045,0.040814692153348146,-2.2774802861251215,0.15217391304347827,125,0.472,-2.060967633818602,0.5074207341950882,22,0.8333333333333334,364,0.4258241758241758,1.0938284826075115,4.465838119643978,0.012268786042977962,-4.527651691042768,0.4065934065934066,305,0.43278688524590164,-4.527651691042768,0.8251815029085707,0,0.5294117647058824
SPXW,d80,0.0,1,score_desc,d65win,22,2,15,False,False,False,False,False,-23.143258851505745,23.84578376300179,-23.143258851505745,102,0.4411764705882353,1.0626249442991038,0.897364944372091,0.008797695533059716,-2.3399299258154955,0.22549019607843138,89,0.4606741573033708,-2.3399299258154955,3.1511959364308533,0,0.3333333333333333,138,0.5,1.3033180795476216,5.632427517162045,0.040814692153348146,-2.2774802861251215,0.15217391304347827,125,0.472,-2.060967633818602,0.5074207341950882,22,0.8333333333333334,361,0.42382271468144045,1.0562493329068552,2.689513425824555,0.007450175694804861,-4.27815220804311,0.4155124653739612,307,0.4364820846905538,-4.278152208043109,1.487174301278749,0,0.47058823529411764
SPXW,"d50ret,d80,d80_front",0.0,1,score_desc,d65win,22,4,0,False,False,False,False,False,-23.27135639359099,23.99368544295269,-23.27135639359099,110,0.43636363636363634,1.052734654699473,0.7422583756590322,0.006747803415082111,-2.4,0.20909090909090908,93,0.4731182795698925,-2.4,3.7505833949044525,0,0.5,139,0.4892086330935252,1.3816830036577705,7.607581888596502,0.05473080495393167,-2.293075087385292,0.1510791366906475,125,0.48,-2.293075087385292,0.4228683052941102,22,0.5,390,0.45897435897435895,1.1930181540343046,10.077498777746037,0.02583974045575907,-3.047956714046401,0.31794871794871793,344,0.4563953488372093,-3.047956714046401,0.4328959474294335,19,0.7058823529411765
SPXW,"d65ret,d80_zero",-999999.0,1,score_desc,d80_front,21,1,0,False,False,False,False,False,-23.32037725524982,-11.692082223581714,-23.32037725524982,82,0.43902439024390244,1.0609261614364827,0.6199891597723761,0.007560843411858246,-3.3486666549017845,0.2926829268292683,82,0.43902439024390244,-3.3486666549017845,4.032328566708899,0,0.3333333333333333,128,0.4140625,0.9145472551856906,-1.5638007153413889,-0.0122171930886046,-2.764257983207779,0.234375,128,0.4140625,-2.764257983207779,-1.5986691753458062,20,0.5,349,0.45272206303724927,1.1448561940153705,5.987504134517506,0.017156172305207752,-5.055244113552762,0.47564469914040114,349,0.45272206303724927,-5.055244113552762,0.4175362461276127,19,0.5882352941176471
SPXW,"d65ret,d80_zero",-999999.0,1,score_desc,d80_front,21,1,15,False,False,False,False,False,-23.32037725524982,-11.692082223581714,-23.32037725524982,82,0.43902439024390244,1.0609261614364827,0.6199891597723761,0.007560843411858246,-3.3486666549017845,0.2926829268292683,82,0.43902439024390244,-3.3486666549017845,4.032328566708899,0,0.3333333333333333,128,0.4140625,0.9145472551856906,-1.5638007153413889,-0.0122171930886046,-2.764257983207779,0.234375,128,0.4140625,-2.764257983207779,-1.5986691753458062,20,0.5,349,0.45272206303724927,1.1448561940153705,5.987504134517506,0.017156172305207752,-5.055244113552762,0.47564469914040114,349,0.45272206303724927,-5.055244113552762,0.4175362461276127,19,0.5882352941176471
SPXW,"d65ret,d80_zero",-999999.0,1,score_desc,d80_front,21,1,30,False,False,False,False,False,-23.32037725524982,-11.692082223581714,-23.32037725524982,82,0.43902439024390244,1.0609261614364827,0.6199891597723761,0.007560843411858246,-3.3486666549017845,0.2926829268292683,82,0.43902439024390244,-3.3486666549017845,4.032328566708899,0,0.3333333333333333,128,0.4140625,0.9145472551856906,-1.5638007153413889,-0.0122171930886046,-2.764257983207779,0.234375,128,0.4140625,-2.764257983207779,-1.5986691753458062,20,0.5,349,0.45272206303724927,1.1448561940153705,5.987504134517506,0.017156172305207752,-5.055244113552762,0.47564469914040114,349,0.45272206303724927,-5.055244113552762,0.4175362461276127,19,0.5882352941176471
SPXW,"d65ret,d80_zero",0.0,1,score_desc,d80_front,21,1,0,False,False,False,False,False,-23.32037725524982,-11.692082223581714,-23.32037725524982,82,0.43902439024390244,1.0609261614364827,0.6199891597723761,0.007560843411858246,-3.3486666549017845,0.2926829268292683,82,0.43902439024390244,-3.3486666549017845,4.032328566708899,0,0.3333333333333333,128,0.4140625,0.9145472551856906,-1.5638007153413889,-0.0122171930886046,-2.764257983207779,0.234375,128,0.4140625,-2.764257983207779,-1.5986691753458062,20,0.5,341,0.44868035190615835,1.1077915108281227,4.191577486579018,0.012292016089674538,-6.482181952895392,0.45454545454545453,341,0.44868035190615835,-6.482181952895392,0.5964341606482839,18,0.6470588235294118
SPXW,"d65ret,d80_zero",0.0,1,score_desc,d80_front,21,1,15,False,False,False,False,False,-23.32037725524982,-11.692082223581714,-23.32037725524982,82,0.43902439024390244,1.0609261614364827,0.6199891597723761,0.007560843411858246,-3.3486666549017845,0.2926829268292683,82,0.43902439024390244,-3.3486666549017845,4.032328566708899,0,0.3333333333333333,128,0.4140625,0.9145472551856906,-1.5638007153413889,-0.0122171930886046,-2.764257983207779,0.234375,128,0.4140625,-2.764257983207779,-1.5986691753458062,20,0.5,341,0.44868035190615835,1.1077915108281227,4.191577486579018,0.012292016089674538,-6.482181952895392,0.45454545454545453,341,0.44868035190615835,-6.482181952895392,0.5964341606482839,18,0.6470588235294118
SPXW,"d65ret,d80_zero",0.0,1,score_desc,d80_front,21,1,30,False,False,False,False,False,-23.32037725524982,-11.692082223581714,-23.32037725524982,82,0.43902439024390244,1.0609261614364827,0.6199891597723761,0.007560843411858246,-3.3486666549017845,0.2926829268292683,82,0.43902439024390244,-3.3486666549017845,4.032328566708899,0,0.3333333333333333,128,0.4140625,0.9145472551856906,-1.5638007153413889,-0.0122171930886046,-2.764257983207779,0.234375,128,0.4140625,-2.764257983207779,-1.5986691753458062,20,0.5,341,0.44868035190615835,1.1077915108281227,4.191577486579018,0.012292016089674538,-6.482181952895392,0.45454545454545453,341,0.44868035190615835,-6.482181952895392,0.5964341606482839,18,0.6470588235294118
SPXW,d80,-999999.0,1,score_desc,d65win,21,3,0,False,False,False,False,False,-23.404465493075826,22.394536530575298,-23.404465493075826,101,0.43564356435643564,1.0490123607714765,0.690224050170511,0.006833901486836743,-2.911394949653225,0.2376237623762376,88,0.45454545454545453,-2.80872504123466,4.096891097176731,0,0.5,136,0.49264705882352944,1.2588749250122855,4.882667891475457,0.03590196979026071,-2.2774802861251224,0.15441176470588236,124,0.4596774193548387,-2.2774802861251224,0.6278598751666392,21,0.8333333333333334,360,0.4361111111111111,1.147787462253792,6.877572862296017,0.019104369061933378,-3.190461119954401,0.425,310,0.44193548387096776,-3.190461119954401,0.5959366432464382,0,0.5294117647058824
SPXW,d80,-999999.0,1,score_desc,d65win,21,3,30,False,False,False,False,False,-23.404465493075826,22.30630123645765,-23.404465493075826,101,0.43564356435643564,1.0490123607714765,0.690224050170511,0.006833901486836743,-2.911394949653225,0.2376237623762376,88,0.45454545454545453,-2.80872504123466,4.096891097176731,0,0.5,136,0.49264705882352944,1.2588749250122855,4.882667891475457,0.03590196979026071,-2.2774802861251224,0.14705882352941177,124,0.4596774193548387,-2.2774802861251224,0.7211420029541514,21,0.8333333333333334,354,0.4350282485875706,1.1206673557286506,5.509770983231339,0.015564324811387963,-3.181040121699863,0.4350282485875706,311,0.4405144694533762,-3.181040121699862,0.7386395563888212,0,0.47058823529411764
SPXW,d80,0.0,1,score_desc,d65win,21,3,0,False,False,False,False,False,-23.404465493075826,22.394536530575298,-23.404465493075826,101,0.43564356435643564,1.0490123607714765,0.690224050170511,0.006833901486836743,-2.911394949653225,0.2376237623762376,88,0.45454545454545453,-2.80872504123466,4.096891097176731,0,0.5,136,0.49264705882352944,1.2588749250122855,4.882667891475457,0.03590196979026071,-2.2774802861251224,0.15441176470588236,124,0.4596774193548387,-2.2774802861251224,0.6278598751666392,21,0.8333333333333334,354,0.4322033898305085,1.1139505449090517,5.2725430564750475,0.014894189425070755,-4.209751975064736,0.4096045197740113,302,0.4370860927152318,-4.209751975064735,0.7780832529561013,0,0.5294117647058824
SPXW,d80,-999999.0,1,score_desc,d65win,21,3,15,False,False,False,False,False,-23.404465493075826,22.394536530575298,-23.404465493075826,101,0.43564356435643564,1.0490123607714765,0.690224050170511,0.006833901486836743,-2.911394949653225,0.2376237623762376,88,0.45454545454545453,-2.80872504123466,4.096891097176731,0,0.5,136,0.49264705882352944,1.2588749250122855,4.882667891475457,0.03590196979026071,-2.2774802861251224,0.15441176470588236,124,0.4596774193548387,-2.2774802861251224,0.6278598751666392,21,0.8333333333333334,357,0.43137254901960786,1.106207135401954,4.945091818878313,0.013851797811984071,-3.2987714107807657,0.4369747899159664,311,0.4405144694533762,-3.298771410780766,0.8932343125332265,0,0.47058823529411764
SPXW,d80,0.0,1,score_desc,d65win,21,3,30,False,False,False,False,False,-23.404465493075826,22.30630123645765,-23.404465493075826,101,0.43564356435643564,1.0490123607714765,0.690224050170511,0.006833901486836743,-2.911394949653225,0.2376237623762376,88,0.45454545454545453,-2.80872504123466,4.096891097176731,0,0.5,136,0.49264705882352944,1.2588749250122855,4.882667891475457,0.03590196979026071,-2.2774802861251224,0.14705882352941177,124,0.4596774193548387,-2.2774802861251224,0.7211420029541514,21,0.8333333333333334,349,0.4297994269340974,1.0853281296820625,3.8938872733385814,0.011157270124179317,-4.557330193450937,0.4154727793696275,305,0.4360655737704918,-4.557330193450937,1.045159890149733,0,0.47058823529411764
SPXW,d80,0.0,1,score_desc,d65win,21,3,15,False,False,False,False,False,-23.404465493075826,22.394536530575298,-23.404465493075826,101,0.43564356435643564,1.0490123607714765,0.690224050170511,0.006833901486836743,-2.911394949653225,0.2376237623762376,88,0.45454545454545453,-2.80872504123466,4.096891097176731,0,0.5,136,0.49264705882352944,1.2588749250122855,4.882667891475457,0.03590196979026071,-2.2774802861251224,0.15441176470588236,124,0.4596774193548387,-2.2774802861251224,0.6278598751666392,21,0.8333333333333334,352,0.4289772727272727,1.074517108207611,3.4662657164880555,0.00984734578547743,-3.831332528979005,0.41761363636363635,304,0.4375,-3.831332528979004,1.2743182584758066,0,0.47058823529411764
SPXW,d80,-999999.0,1,score_desc,d65win,22,1,0,False,False,False,False,False,-23.477500189890566,20.37399093296139,-23.477500189890566,91,0.45054945054945056,1.0460681288395592,0.53206720982936,0.005846892415707252,-2.1991356941642675,0.18681318681318682,91,0.45054945054945056,-2.1991356941642675,4.69865451923222,0,0.3333333333333333,126,0.49206349206349204,1.2073622795395829,3.246191657994511,0.025763425857099294,-1.9904981501099557,0.15079365079365079,126,0.49206349206349204,-1.9904981501099557,0.7701332094311689,18,0.8333333333333334,326,0.46319018404907975,1.1206356183049393,4.294991687674292,0.013174821127835253,-3.2620377400456504,0.4785276073619632,326,0.46319018404907975,-3.2620377400456504,0.5820733034651652,0,0.5294117647058824
SPXW,d80,-999999.0,1,score_desc,d65win,22,1,15,False,False,False,False,False,-23.477500189890566,20.37399093296139,-23.477500189890566,91,0.45054945054945056,1.0460681288395592,0.53206720982936,0.005846892415707252,-2.1991356941642675,0.18681318681318682,91,0.45054945054945056,-2.1991356941642675,4.69865451923222,0,0.3333333333333333,126,0.49206349206349204,1.2073622795395829,3.246191657994511,0.025763425857099294,-1.9904981501099557,0.15079365079365079,126,0.49206349206349204,-1.9904981501099557,0.7701332094311689,18,0.8333333333333334,326,0.46319018404907975,1.1206356183049393,4.294991687674292,0.013174821127835253,-3.2620377400456504,0.4785276073619632,326,0.46319018404907975,-3.2620377400456504,0.5820733034651652,0,0.5294117647058824
SPXW,d80,-999999.0,1,score_desc,d65win,22,1,30,False,False,False,False,False,-23.477500189890566,20.37399093296139,-23.477500189890566,91,0.45054945054945056,1.0460681288395592,0.53206720982936,0.005846892415707252,-2.1991356941642675,0.18681318681318682,91,0.45054945054945056,-2.1991356941642675,4.69865451923222,0,0.3333333333333333,126,0.49206349206349204,1.2073622795395829,3.246191657994511,0.025763425857099294,-1.9904981501099557,0.15079365079365079,126,0.49206349206349204,-1.9904981501099557,0.7701332094311689,18,0.8333333333333334,326,0.46319018404907975,1.1206356183049393,4.294991687674292,0.013174821127835253,-3.2620377400456504,0.4785276073619632,326,0.46319018404907975,-3.2620377400456504,0.5820733034651652,0,0.5294117647058824
SPXW,d80,0.0,1,score_desc,d65win,22,1,0,False,False,False,False,False,-23.477500189890566,20.37399093296139,-23.477500189890566,91,0.45054945054945056,1.0460681288395592,0.53206720982936,0.005846892415707252,-2.1991356941642675,0.18681318681318682,91,0.45054945054945056,-2.1991356941642675,4.69865451923222,0,0.3333333333333333,126,0.49206349206349204,1.2073622795395829,3.246191657994511,0.025763425857099294,-1.9904981501099557,0.15079365079365079,126,0.49206349206349204,-1.9904981501099557,0.7701332094311689,18,0.8333333333333334,326,0.4570552147239264,1.080535912730525,2.920616505623479,0.00895894633626834,-3.262037740045652,0.4539877300613497,326,0.4570552147239264,-3.262037740045652,0.8559836579661841,0,0.5294117647058824
SPXW,d80,0.0,1,score_desc,d65win,22,1,15,False,False,False,False,False,-23.477500189890566,20.37399093296139,-23.477500189890566,91,0.45054945054945056,1.0460681288395592,0.53206720982936,0.005846892415707252,-2.1991356941642675,0.18681318681318682,91,0.45054945054945056,-2.1991356941642675,4.69865451923222,0,0.3333333333333333,126,0.49206349206349204,1.2073622795395829,3.246191657994511,0.025763425857099294,-1.9904981501099557,0.15079365079365079,126,0.49206349206349204,-1.9904981501099557,0.7701332094311689,18,0.8333333333333334,326,0.4570552147239264,1.080535912730525,2.920616505623479,0.00895894633626834,-3.262037740045652,0.4539877300613497,326,0.4570552147239264,-3.262037740045652,0.8559836579661841,0,0.5294117647058824
SPXW,d80,0.0,1,score_desc,d65win,22,1,30,False,False,False,False,False,-23.477500189890566,20.37399093296139,-23.477500189890566,91,0.45054945054945056,1.0460681288395592,0.53206720982936,0.005846892415707252,-2.1991356941642675,0.18681318681318682,91,0.45054945054945056,-2.1991356941642675,4.69865451923222,0,0.3333333333333333,126,0.49206349206349204,1.2073622795395829,3.246191657994511,0.025763425857099294,-1.9904981501099557,0.15079365079365079,126,0.49206349206349204,-1.9904981501099557,0.7701332094311689,18,0.8333333333333334,326,0.4570552147239264,1.080535912730525,2.920616505623479,0.00895894633626834,-3.262037740045652,0.4539877300613497,326,0.4570552147239264,-3.262037740045652,0.8559836579661841,0,0.5294117647058824
SPXW,"d50ret,d80,d80_front",0.0,1,score_desc,d80_front,22,2,0,False,False,False,False,False,-23.499282270190086,24.527670782849373,-23.499282270190086,108,0.42592592592592593,1.069855056640006,0.9224312858487715,0.008541030424525663,-1.8089804372151355,0.23148148148148148,102,0.4411764705882353,-1.8089804372151355,2.7102289767845793,0,0.3333333333333333,138,0.4855072463768116,1.399142902978282,7.74510156323155,0.05612392437124312,-2.231396877954877,0.15942028985507245,124,0.47580645161290325,-2.2116319170877814,0.42400733295885856,22,0.6666666666666666,389,0.4524421593830334,1.1867273303096084,9.52009892508702,0.024473262018218558,-2.9181259186807003,0.33676092544987146,341,0.44868035190615835,-2.9181259186807003,0.35988707172249884,18,0.5882352941176471
SPXW,"d50ret,d80,d80_front",0.0,1,score_desc,d80_front,22,3,0,False,False,False,False,False,-23.499282270190086,24.60526023826715,-23.499282270190086,108,0.42592592592592593,1.069855056640006,0.9224312858487715,0.008541030424525663,-1.8089804372151355,0.23148148148148148,102,0.4411764705882353,-1.8089804372151355,2.7102289767845793,0,0.3333333333333333,138,0.4855072463768116,1.4068230519453557,7.8258428816374765,0.05670900638867737,-2.231396877954877,0.15942028985507245,124,0.47580645161290325,-2.1371168871273944,0.4123161385759261,22,0.6666666666666666,389,0.4524421593830334,1.184920941611743,9.482473701723677,0.024376539078981175,-2.9181259186806985,0.33676092544987146,341,0.44868035190615835,-2.9181259186806985,0.36687124101151586,18,0.6470588235294118
SPXW,"d50ret,d80,d80_front",0.0,1,score_desc,d80_front,22,4,0,False,False,False,False,False,-23.499282270190086,24.60526023826715,-23.499282270190086,108,0.42592592592592593,1.069855056640006,0.9224312858487715,0.008541030424525663,-1.8089804372151355,0.23148148148148148,102,0.4411764705882353,-1.8089804372151355,2.7102289767845793,0,0.3333333333333333,138,0.4855072463768116,1.4068230519453557,7.8258428816374765,0.05670900638867737,-2.231396877954877,0.15942028985507245,124,0.47580645161290325,-2.1371168871273944,0.4123161385759261,22,0.6666666666666666,389,0.4524421593830334,1.184920941611743,9.482473701723677,0.024376539078981175,-2.9181259186806985,0.33676092544987146,341,0.44868035190615835,-2.9181259186806985,0.36687124101151586,18,0.6470588235294118
SPXW,"d50ret,d80,d80_front",0.0,1,score_desc,d80_front,22,2,15,False,False,False,False,False,-23.499282270190086,24.540176603812235,-23.499282270190086,108,0.42592592592592593,1.069855056640006,0.9224312858487715,0.008541030424525663,-1.8089804372151355,0.23148148148148148,102,0.4411764705882353,-1.8089804372151355,2.7102289767845793,0,0.3333333333333333,138,0.4855072463768116,1.4001955047379746,7.765526597658132,0.05627193186708791,-2.231396877954877,0.15942028985507245,124,0.47580645161290325,-2.2116319170877814,0.42552231972837423,22,0.6666666666666666,389,0.4473007712082262,1.1660376475224175,8.470762109278,0.021775738070123396,-3.0319031842068336,0.33676092544987146,342,0.4473684210526316,-3.0319031842068336,0.3803773691861559,18,0.5882352941176471
SPXW,"d50ret,d80,d80_front",0.0,1,score_desc,d80_front,22,2,30,False,False,False,False,False,-23.499282270190086,24.503610876822883,-23.499282270190086,108,0.42592592592592593,1.069855056640006,0.9224312858487715,0.008541030424525663,-1.8089804372151355,0.23148148148148148,102,0.4411764705882353,-1.8089804372151355,2.7102289767845793,0,0.3333333333333333,138,0.4855072463768116,1.3971178060656726,7.70580590960346,0.05583917325799609,-2.231396877954877,0.15942028985507245,124,0.47580645161290325,-2.2116319170877814,0.4288201559332971,22,0.6666666666666666,388,0.4484536082474227,1.165154911914759,8.335148427136188,0.02148234130705203,-3.602212893609365,0.33762886597938147,342,0.4444444444444444,-3.602212893609365,0.39828196318857567,18,0.6470588235294118
SPXW,"d50ret,d80,d80_front",0.0,1,score_desc,d80_front,22,3,15,False,False,False,False,False,-23.499282270190086,24.97520202190375,-23.499282270190086,108,0.42592592592592593,1.069855056640006,0.9224312858487715,0.008541030424525663,-1.8089804372151355,0.23148148148148148,102,0.4411764705882353,-1.8089804372151355,2.7102289767845793,0,0.3333333333333333,138,0.4927536231884058,1.427517706337275,8.195591711100235,0.0593883457326104,-2.231396877954877,0.15942028985507245,124,0.47580645161290325,-2.1371168871273962,0.40319296131752647,22,0.6666666666666666,389,0.4473007712082262,1.1643512001794998,8.433136885914658,0.02167901513088601,-3.0319031842068336,0.33676092544987146,342,0.4473684210526316,-3.0319031842068336,0.3962656495182444,18,0.6470588235294118
SPXW,"d50ret,d80,d80_front",0.0,1,score_desc,d80_front,22,4,15,False,False,False,False,False,-23.499282270190086,24.97520202190375,-23.499282270190086,108,0.42592592592592593,1.069855056640006,0.9224312858487715,0.008541030424525663,-1.8089804372151355,0.23148148148148148,102,0.4411764705882353,-1.8089804372151355,2.7102289767845793,0,0.3333333333333333,138,0.4927536231884058,1.427517706337275,8.195591711100235,0.0593883457326104,-2.231396877954877,0.15942028985507245,124,0.47580645161290325,-2.1371168871273962,0.40319296131752647,22,0.6666666666666666,389,0.4473007712082262,1.1643512001794998,8.433136885914658,0.02167901513088601,-3.0319031842068336,0.33676092544987146,342,0.4473684210526316,-3.0319031842068336,0.3962656495182444,18,0.6470588235294118
SPXW,"d50ret,d80,d80_front",0.0,1,score_desc,d80_front,22,3,30,False,False,False,False,False,-23.499282270190086,24.938335557775808,-23.499282270190086,108,0.42592592592592593,1.069855056640006,0.9224312858487715,0.008541030424525663,-1.8089804372151355,0.23148148148148148,102,0.4411764705882353,-1.8089804372151355,2.7102289767845793,0,0.3333333333333333,138,0.4927536231884058,1.424402415522649,8.135871023045564,0.058955587123518574,-2.231396877954877,0.15942028985507245,124,0.47580645161290325,-2.1371168871273962,0.40615256588850324,22,0.6666666666666666,388,0.4484536082474227,1.1634553663998923,8.297523203772846,0.02138536908188878,-3.602212893609365,0.33762886597938147,342,0.4444444444444444,-3.6022128936093654,0.4064376279956523,18,0.6470588235294118
SPXW,"d50ret,d80,d80_front",0.0,1,score_desc,d80_front,22,4,30,False,False,False,False,False,-23.499282270190086,24.938335557775808,-23.499282270190086,108,0.42592592592592593,1.069855056640006,0.9224312858487715,0.008541030424525663,-1.8089804372151355,0.23148148148148148,102,0.4411764705882353,-1.8089804372151355,2.7102289767845793,0,0.3333333333333333,138,0.4927536231884058,1.424402415522649,8.135871023045564,0.058955587123518574,-2.231396877954877,0.15942028985507245,124,0.47580645161290325,-2.1371168871273962,0.40615256588850324,22,0.6666666666666666,388,0.4484536082474227,1.1634553663998923,8.297523203772846,0.02138536908188878,-3.602212893609365,0.33762886597938147,342,0.4444444444444444,-3.6022128936093654,0.4064376279956523,18,0.6470588235294118
SPXW,"d50ret,d80",0.0,1,score_desc,d80_front,22,2,0,False,False,False,False,False,-23.540766480917036,24.92462976825253,-23.540766480917036,108,0.4351851851851852,1.056658661334803,0.7638749552237789,0.007072916252072027,-1.9680995098006613,0.25925925925925924,102,0.4411764705882353,-1.9680995098006613,3.2727869697830574,0,0.3333333333333333,138,0.4927536231884058,1.4062341835759862,7.924506135904373,0.05742395750655343,-2.2774802861251215,0.17391304347826086,121,0.47107438016528924,-2.134986534096865,0.44550475377126003,22,0.6666666666666666,387,0.4444444444444444,1.1446875188313228,7.625203207557434,0.01970336746138872,-3.537991867288521,0.35142118863049093,334,0.4431137724550898,-3.537991867288521,0.46464650462492507,18,0.6470588235294118
SPXW,"d50ret,d80",-999999.0,1,score_desc,d80_front,22,2,0,False,False,False,False,False,-23.540766480917036,24.150736788914543,-23.540766480917036,108,0.4351851851851852,1.056658661334803,0.7638749552237789,0.007072916252072027,-1.9680995098006613,0.25925925925925924,102,0.4411764705882353,-1.9680995098006613,3.2727869697830574,0,0.3333333333333333,139,0.48201438848920863,1.3764095888183236,7.5246385213361675,0.05413409008155516,-2.2774802861251215,0.17985611510791366,127,0.4645669291338583,-2.134986534096865,0.42004765396594623,22,0.5,391,0.4322250639386189,1.142939070944824,7.672055323126351,0.01962162486733082,-3.4814246575746095,0.3657289002557545,348,0.4339080459770115,-3.4814246575746095,0.3980407307996932,21,0.6470588235294118
SPXW,"d50ret,d80",0.0,1,score_desc,d80_front,22,3,0,False,False,False,False,False,-23.540766480917036,24.507827673897424,-23.540766480917036,108,0.4351851851851852,1.056658661334803,0.7638749552237789,0.007072916252072027,-1.9680995098006613,0.25925925925925924,102,0.4411764705882353,-1.9680995098006613,3.2727869697830574,0,0.3333333333333333,138,0.4855072463768116,1.3817473206913062,7.47214409255951,0.054145971685213845,-2.2774802861251215,0.17391304347826086,121,0.47107438016528924,-2.2774802861251215,0.46481258559115807,22,0.6666666666666666,387,0.4444444444444444,1.1422484138038165,7.544665436651797,0.01949525952623203,-3.537991867288521,0.35142118863049093,333,0.43843843843843844,-3.537991867288521,0.4696065116730566,18,0.7058823529411765
SPXW,"d50ret,d80",0.0,1,score_desc,d80_front,22,4,0,False,False,False,False,False,-23.540766480917036,24.507827673897424,-23.540766480917036,108,0.4351851851851852,1.056658661334803,0.7638749552237789,0.007072916252072027,-1.9680995098006613,0.25925925925925924,102,0.4411764705882353,-1.9680995098006613,3.2727869697830574,0,0.3333333333333333,138,0.4855072463768116,1.3817473206913062,7.47214409255951,0.054145971685213845,-2.2774802861251215,0.17391304347826086,121,0.47107438016528924,-2.2774802861251215,0.46481258559115807,22,0.6666666666666666,387,0.4444444444444444,1.1422484138038165,7.544665436651797,0.01949525952623203,-3.537991867288521,0.35142118863049093,333,0.43843843843843844,-3.537991867288521,0.4696065116730566,18,0.7058823529411765
SPXW,"d50ret,d80",-999999.0,1,score_desc,d80_front,22,3,0,False,False,False,False,False,-23.540766480917036,23.740382368523072,-23.540766480917036,108,0.4351851851851852,1.056658661334803,0.7638749552237789,0.007072916252072027,-1.9680995098006613,0.25925925925925924,102,0.4411764705882353,-1.9680995098006613,3.2727869697830574,0,0.3333333333333333,139,0.4748201438848921,1.3526113877127235,7.072276477991305,0.050879686892023775,-2.2774802861251215,0.17985611510791366,127,0.4645669291338583,-2.2774802861251215,0.43881884824840217,22,0.5,391,0.4322250639386189,1.1357975983114774,7.334575664501193,0.018758505535808677,-3.4814246575746095,0.3657289002557545,348,0.43103448275862066,-3.4814246575746095,0.41635544402834523,21,0.6470588235294118
SPXW,"d50ret,d80",-999999.0,1,score_desc,d80_front,22,4,0,False,False,False,False,False,-23.540766480917036,23.740382368523072,-23.540766480917036,108,0.4351851851851852,1.056658661334803,0.7638749552237789,0.007072916252072027,-1.9680995098006613,0.25925925925925924,102,0.4411764705882353,-1.9680995098006613,3.2727869697830574,0,0.3333333333333333,139,0.4748201438848921,1.3526113877127235,7.072276477991305,0.050879686892023775,-2.2774802861251215,0.17985611510791366,127,0.4645669291338583,-2.2774802861251215,0.43881884824840217,22,0.5,391,0.4322250639386189,1.1357975983114774,7.334575664501193,0.018758505535808677,-3.4814246575746095,0.3657289002557545,348,0.43103448275862066,-3.4814246575746095,0.41635544402834523,21,0.6470588235294118
SPXW,"d50ret,d80",0.0,1,score_desc,d80_front,22,2,15,False,False,False,False,False,-23.540766480917036,24.93709116810669,-23.540766480917036,108,0.4351851851851852,1.056658661334803,0.7638749552237789,0.007072916252072027,-1.9680995098006613,0.25925925925925924,102,0.4411764705882353,-1.9680995098006613,3.2727869697830574,0,0.3333333333333333,138,0.4927536231884058,1.4072812326970916,7.944931170330955,0.05757196500239822,-2.2774802861251215,0.17391304347826086,121,0.47107438016528924,-2.134986534096865,0.4469302644837872,22,0.6666666666666666,387,0.4392764857881137,1.1232647563285905,6.508579405380138,0.01681803463922516,-3.643681827466445,0.35142118863049093,335,0.4417910447761194,-3.643681827466445,0.5232999977527679,18,0.6470588235294118
SPXW,"d50ret,d80",0.0,1,score_desc,d80_front,22,3,15,False,False,False,False,False,-23.540766480917036,24.87422709720085,-23.540766480917036,108,0.4351851851851852,1.056658661334803,0.7638749552237789,0.007072916252072027,-1.9680995098006613,0.25925925925925924,102,0.4411764705882353,-1.9680995098006613,3.2727869697830574,0,0.3333333333333333,138,0.4927536231884058,1.4019991800415792,7.84189292202227,0.05682531102914688,-2.2774802861251215,0.17391304347826086,121,0.47107438016528924,-2.2774802861251215,0.4528026873830113,22,0.6666666666666666,387,0.4392764857881137,1.1209663149037583,6.428041634474502,0.01660992670406848,-3.6436818274664455,0.35142118863049093,334,0.437125748502994,-3.6436818274664455,0.5380528246445054,18,0.7058823529411765
SPXW,"d50ret,d80",0.0,1,score_desc,d80_front,22,4,15,False,False,False,False,False,-23.540766480917036,24.87422709720085,-23.540766480917036,108,0.4351851851851852,1.056658661334803,0.7638749552237789,0.007072916252072027,-1.9680995098006613,0.25925925925925924,102,0.4411764705882353,-1.9680995098006613,3.2727869697830574,0,0.3333333333333333,138,0.4927536231884058,1.4019991800415792,7.84189292202227,0.05682531102914688,-2.2774802861251215,0.17391304347826086,121,0.47107438016528924,-2.2774802861251215,0.4528026873830113,22,0.6666666666666666,387,0.4392764857881137,1.1209663149037583,6.428041634474502,0.01660992670406848,-3.6436818274664455,0.35142118863049093,334,0.437125748502994,-3.6436818274664455,0.5380528246445054,18,0.7058823529411765
SPXW,"d50ret,d80",0.0,1,score_desc,d80_front,22,2,30,False,False,False,False,False,-23.540766480917036,24.318893724648007,-23.540766480917036,108,0.4351851851851852,1.056658661334803,0.7638749552237789,0.007072916252072027,-1.9680995098006613,0.25925925925925924,102,0.4411764705882353,-1.9680995098006613,3.2727869697830574,0,0.3333333333333333,138,0.4855072463768116,1.3731167582800055,7.3074794514600985,0.052952749648261584,-2.2774802861251215,0.16666666666666666,121,0.47107438016528924,-2.134986534096865,0.4521948934235632,22,0.6666666666666666,387,0.4392764857881137,1.119116698266266,6.244440847456584,0.016135506065779286,-4.213991536868977,0.35142118863049093,336,0.44047619047619047,-4.213991536868977,0.5503459566305252,18,0.7058823529411765
SPXW,"d50ret,d80",0.0,1,score_desc,d80_front,22,3,30,False,False,False,False,False,-23.540766480917036,24.256197365802027,-23.540766480917036,108,0.4351851851851852,1.056658661334803,0.7638749552237789,0.007072916252072027,-1.9680995098006613,0.25925925925925924,102,0.4411764705882353,-1.9680995098006613,3.2727869697830574,0,0.3333333333333333,138,0.4855072463768116,1.3678556696319755,7.204441203151413,0.05220609567501024,-2.2774802861251215,0.16666666666666666,121,0.47107438016528924,-2.2774802861251215,0.4586622055160147,22,0.6666666666666666,387,0.4392764857881137,1.117914467512073,6.2212101784141804,0.016075478497194266,-4.213991536868977,0.35142118863049093,335,0.43582089552238806,-4.213991536868976,0.5559410242016789,18,0.7058823529411765
SPXW,"d50ret,d80",0.0,1,score_desc,d80_front,22,4,30,False,False,False,False,False,-23.540766480917036,24.256197365802027,-23.540766480917036,108,0.4351851851851852,1.056658661334803,0.7638749552237789,0.007072916252072027,-1.9680995098006613,0.25925925925925924,102,0.4411764705882353,-1.9680995098006613,3.2727869697830574,0,0.3333333333333333,138,0.4855072463768116,1.3678556696319755,7.204441203151413,0.05220609567501024,-2.2774802861251215,0.16666666666666666,121,0.47107438016528924,-2.2774802861251215,0.4586622055160147,22,0.6666666666666666,387,0.4392764857881137,1.117914467512073,6.2212101784141804,0.016075478497194266,-4.213991536868977,0.35142118863049093,335,0.43582089552238806,-4.213991536868976,0.5559410242016789,18,0.7058823529411765
SPXW,"d50ret,d80",-999999.0,1,score_desc,d80_front,22,2,30,False,False,False,False,False,-23.540766480917036,24.12715197432245,-23.540766480917036,108,0.4351851851851852,1.056658661334803,0.7638749552237789,0.007072916252072027,-1.9680995098006613,0.25925925925925924,102,0.4411764705882353,-1.9680995098006613,3.2727869697830574,0,0.3333333333333333,139,0.48201438848920863,1.374443878335015,7.485342867708076,0.053851387537468175,-2.2774802861251215,0.17985611510791366,127,0.4645669291338583,-2.134986534096865,0.4249814401928192,22,0.5,391,0.42710997442455245,1.1166514225408928,6.220789506161246,0.015909947586090142,-4.157424327155066,0.36828644501278773,348,0.43103448275862066,-4.157424327155066,0.44435756374665814,21,0.7058823529411765
SPXW,"d50ret,d80",-999999.0,1,score_desc,d80_front,22,2,15,False,False,False,False,False,-23.540766480917036,24.162995667582063,-23.540766480917036,108,0.4351851851851852,1.056658661334803,0.7638749552237789,0.007072916252072027,-1.9680995098006613,0.25925925925925924,102,0.4411764705882353,-1.9680995098006613,3.2727869697830574,0,0.3333333333333333,139,0.48201438848920863,1.3774313227910997,7.545063555762749,0.05428103277527157,-2.2774802861251215,0.17985611510791366,127,0.4645669291338583,-2.134986534096865,0.4216176270411863,22,0.5,391,0.42710997442455245,1.1143983628175171,6.143965616683337,0.015713467050341014,-3.587114617752534,0.3657289002557545,348,0.43103448275862066,-3.587114617752534,0.4499137921658488,21,0.6470588235294118
SPXW,"d50ret,d80",-999999.0,1,score_desc,d80_front,22,3,30,False,False,False,False,False,-23.540766480917036,24.065309562811667,-23.540766480917036,108,0.4351851851851852,1.056658661334803,0.7638749552237789,0.007072916252072027,-1.9680995098006613,0.25925925925925924,102,0.4411764705882353,-1.9680995098006613,3.2727869697830574,0,0.3333333333333333,139,0.48201438848920863,1.3692895331038841,7.382304619399391,0.05311010517553519,-2.2774802861251215,0.17985611510791366,127,0.4645669291338583,-2.2774802861251215,0.43091310319221643,22,0.5,391,0.42710997442455245,1.1096292735523408,5.883309847536087,0.015046828254567999,-4.157424327155066,0.36828644501278773,348,0.4281609195402299,-4.157424327155066,0.46984689590949386,21,0.7058823529411765
SPXW,"d50ret,d80",-999999.0,1,score_desc,d80_front,22,4,30,False,False,False,False,False,-23.540766480917036,24.065309562811667,-23.540766480917036,108,0.4351851851851852,1.056658661334803,0.7638749552237789,0.007072916252072027,-1.9680995098006613,0.25925925925925924,102,0.4411764705882353,-1.9680995098006613,3.2727869697830574,0,0.3333333333333333,139,0.48201438848920863,1.3692895331038841,7.382304619399391,0.05311010517553519,-2.2774802861251215,0.17985611510791366,127,0.4645669291338583,-2.2774802861251215,0.43091310319221643,22,0.5,391,0.42710997442455245,1.1096292735523408,5.883309847536087,0.015046828254567999,-4.157424327155066,0.36828644501278773,348,0.4281609195402299,-4.157424327155066,0.46984689590949386,21,0.7058823529411765
SPXW,"d50ret,d80",-999999.0,1,score_desc,d80_front,22,3,15,False,False,False,False,False,-23.540766480917036,24.101153256071278,-23.540766480917036,108,0.4351851851851852,1.056658661334803,0.7638749552237789,0.007072916252072027,-1.9680995098006613,0.25925925925925924,102,0.4411764705882353,-1.9680995098006613,3.2727869697830574,0,0.3333333333333333,139,0.48201438848920863,1.3722769775599688,7.442025307454063,0.05353975041333858,-2.2774802861251215,0.17985611510791366,127,0.4645669291338583,-2.2774802861251215,0.4274551161589505,22,0.5,391,0.42710997442455245,1.107439494134411,5.806485958058179,0.014850347718818872,-3.587114617752535,0.3657289002557545,348,0.4281609195402299,-3.587114617752535,0.4760633005066317,21,0.6470588235294118
SPXW,"d50ret,d80",-999999.0,1,score_desc,d80_front,22,4,15,False,False,False,False,False,-23.540766480917036,24.101153256071278,-23.540766480917036,108,0.4351851851851852,1.056658661334803,0.7638749552237789,0.007072916252072027,-1.9680995098006613,0.25925925925925924,102,0.4411764705882353,-1.9680995098006613,3.2727869697830574,0,0.3333333333333333,139,0.48201438848920863,1.3722769775599688,7.442025307454063,0.05353975041333858,-2.2774802861251215,0.17985611510791366,127,0.4645669291338583,-2.2774802861251215,0.4274551161589505,22,0.5,391,0.42710997442455245,1.107439494134411,5.806485958058179,0.014850347718818872,-3.587114617752535,0.3657289002557545,348,0.4281609195402299,-3.587114617752535,0.4760633005066317,21,0.6470588235294118
SPXW,"d65ret,d80_front",0.0,1,score_desc,d65win,22,1,0,False,False,False,False,False,-23.604655762688456,-8.031490517561526,-23.604655762688456,103,0.42718446601941745,1.0712552291901372,0.999949158830201,0.009708244260487388,-2.9166284259415445,0.1553398058252427,103,0.42718446601941745,-2.9166284259415445,2.5001271093868875,0,0.5,128,0.4453125,0.9670893709589984,-0.5423451354129023,-0.004237071370413299,-3.6437907871268003,0.1953125,128,0.4453125,-3.6437907871268003,-4.609610811935616,20,0.5,347,0.45244956772334294,1.0018148927348118,0.07797853888440032,0.00022472201407608162,-4.343544348111951,0.4322766570605187,347,0.45244956772334294,-4.343544348111951,32.06010314845906,19,0.35294117647058826
SPXW,"d65ret,d80_front",0.0,1,score_desc,d65win,22,1,15,False,False,False,False,False,-23.604655762688456,-8.031490517561526,-23.604655762688456,103,0.42718446601941745,1.0712552291901372,0.999949158830201,0.009708244260487388,-2.9166284259415445,0.1553398058252427,103,0.42718446601941745,-2.9166284259415445,2.5001271093868875,0,0.5,128,0.4453125,0.9670893709589984,-0.5423451354129023,-0.004237071370413299,-3.6437907871268003,0.1953125,128,0.4453125,-3.6437907871268003,-4.609610811935616,20,0.5,347,0.45244956772334294,1.0018148927348118,0.07797853888440032,0.00022472201407608162,-4.343544348111951,0.4322766570605187,347,0.45244956772334294,-4.343544348111951,32.06010314845906,19,0.35294117647058826
SPXW,"d65ret,d80_front",0.0,1,score_desc,d65win,22,1,30,False,False,False,False,False,-23.604655762688456,-8.031490517561526,-23.604655762688456,103,0.42718446601941745,1.0712552291901372,0.999949158830201,0.009708244260487388,-2.9166284259415445,0.1553398058252427,103,0.42718446601941745,-2.9166284259415445,2.5001271093868875,0,0.5,128,0.4453125,0.9670893709589984,-0.5423451354129023,-0.004237071370413299,-3.6437907871268003,0.1953125,128,0.4453125,-3.6437907871268003,-4.609610811935616,20,0.5,347,0.45244956772334294,1.0018148927348118,0.07797853888440032,0.00022472201407608162,-4.343544348111951,0.4322766570605187,347,0.45244956772334294,-4.343544348111951,32.06010314845906,19,0.35294117647058826
SPXW,"d65ret,d80_front",-999999.0,1,score_desc,d65win,22,1,0,False,False,False,False,False,-23.604655762688456,-8.031490517561526,-23.604655762688456,103,0.42718446601941745,1.0712552291901372,0.999949158830201,0.009708244260487388,-2.9166284259415445,0.1553398058252427,103,0.42718446601941745,-2.9166284259415445,2.5001271093868875,0,0.5,128,0.4453125,0.9670893709589984,-0.5423451354129023,-0.004237071370413299,-3.6437907871268003,0.1953125,128,0.4453125,-3.6437907871268003,-4.609610811935616,20,0.5,349,0.4469914040114613,0.9838512652426239,-0.7007405954258126,-0.002007852708956483,-5.122263482422161,0.4326647564469914,349,0.4469914040114613,-5.122263482422161,-3.5676540167918316,19,0.35294117647058826
SPXW,"d65ret,d80_front",-999999.0,1,score_desc,d65win,22,1,15,False,False,False,False,False,-23.604655762688456,-8.031490517561526,-23.604655762688456,103,0.42718446601941745,1.0712552291901372,0.999949158830201,0.009708244260487388,-2.9166284259415445,0.1553398058252427,103,0.42718446601941745,-2.9166284259415445,2.5001271093868875,0,0.5,128,0.4453125,0.9670893709589984,-0.5423451354129023,-0.004237071370413299,-3.6437907871268003,0.1953125,128,0.4453125,-3.6437907871268003,-4.609610811935616,20,0.5,349,0.4469914040114613,0.9838512652426239,-0.7007405954258126,-0.002007852708956483,-5.122263482422161,0.4326647564469914,349,0.4469914040114613,-5.122263482422161,-3.5676540167918316,19,0.35294117647058826
SPXW,"d65ret,d80_front",-999999.0,1,score_desc,d65win,22,1,30,False,False,False,False,False,-23.604655762688456,-8.031490517561526,-23.604655762688456,103,0.42718446601941745,1.0712552291901372,0.999949158830201,0.009708244260487388,-2.9166284259415445,0.1553398058252427,103,0.42718446601941745,-2.9166284259415445,2.5001271093868875,0,0.5,128,0.4453125,0.9670893709589984,-0.5423451354129023,-0.004237071370413299,-3.6437907871268003,0.1953125,128,0.4453125,-3.6437907871268003,-4.609610811935616,20,0.5,349,0.4469914040114613,0.9838512652426239,-0.7007405954258126,-0.002007852708956483,-5.122263482422161,0.4326647564469914,349,0.4469914040114613,-5.122263482422161,-3.5676540167918316,19,0.35294117647058826
SPXW,d80,-999999.0,1,score_desc,d65win,22,4,30,False,False,False,False,False,-23.642881170257496,23.708465978957413,-23.642881170257496,106,0.4339622641509434,1.0426008115556202,0.6342810993120973,0.005983783955774503,-2.964004602146364,0.22641509433962265,89,0.4606741573033708,-2.8613346937277986,4.925953920468597,0,0.5,139,0.49640287769784175,1.3040569683106693,5.737365311041336,0.04127600943195206,-2.2774802861251215,0.14388489208633093,125,0.464,-2.2774802861251215,0.6176767094760424,22,0.8333333333333334,362,0.43370165745856354,1.116571335341399,5.4488640712696155,0.01505211069411496,-3.181040121699863,0.43922651933701656,312,0.4423076923076923,-3.1810401216998625,0.7475757614431915,0,0.47058823529411764
SPXW,d80,0.0,1,score_desc,d65win,22,4,30,False,False,False,False,False,-23.642881170257496,23.708465978957413,-23.642881170257496,106,0.4339622641509434,1.0426008115556202,0.6342810993120973,0.005983783955774503,-2.964004602146364,0.22641509433962265,89,0.4606741573033708,-2.8613346937277986,4.925953920468597,0,0.5,139,0.49640287769784175,1.3040569683106693,5.737365311041336,0.04127600943195206,-2.2774802861251215,0.14388489208633093,125,0.464,-2.2774802861251215,0.6176767094760424,22,0.8333333333333334,358,0.4273743016759777,1.0751439048090992,3.5329803613768584,0.00986866022730966,-5.007477392476652,0.41899441340782123,306,0.43790849673202614,-5.007477392476651,1.1529751910345598,0,0.47058823529411764
SPXW,"d50ret,d80,d80_front",0.0,1,score_desc,d65win,21,1,0,False,False,False,False,False,-23.72874552448046,25.327315941720755,-23.72874552448046,93,0.46236559139784944,1.0151094955236517,0.16623150791007235,0.0017874355689255091,-4.0504407685543695,0.1935483870967742,93,0.46236559139784944,-4.0504407685543695,15.039266811875676,0,0.5,127,0.5196850393700787,1.4161243068432408,6.5204788259502635,0.05134235296023829,-1.8735526698790252,0.18110236220472442,127,0.5196850393700787,-1.8735526698790252,0.38340742554833185,19,0.8333333333333334,349,0.4584527220630373,1.0568124581571012,2.4284883016258196,0.006958419202366246,-4.064092305831198,0.4040114613180516,349,0.4584527220630373,-4.064092305831198,1.029447001382014,19,0.5294117647058824
SPXW,"d50ret,d80,d80_front",0.0,1,score_desc,d65win,21,1,15,False,False,False,False,False,-23.72874552448046,25.327315941720755,-23.72874552448046,93,0.46236559139784944,1.0151094955236517,0.16623150791007235,0.0017874355689255091,-4.0504407685543695,0.1935483870967742,93,0.46236559139784944,-4.0504407685543695,15.039266811875676,0,0.5,127,0.5196850393700787,1.4161243068432408,6.5204788259502635,0.05134235296023829,-1.8735526698790252,0.18110236220472442,127,0.5196850393700787,-1.8735526698790252,0.38340742554833185,19,0.8333333333333334,349,0.4584527220630373,1.0568124581571012,2.4284883016258196,0.006958419202366246,-4.064092305831198,0.4040114613180516,349,0.4584527220630373,-4.064092305831198,1.029447001382014,19,0.5294117647058824
SPXW,"d50ret,d80,d80_front",0.0,1,score_desc,d65win,21,1,30,False,False,False,False,False,-23.72874552448046,25.327315941720755,-23.72874552448046,93,0.46236559139784944,1.0151094955236517,0.16623150791007235,0.0017874355689255091,-4.0504407685543695,0.1935483870967742,93,0.46236559139784944,-4.0504407685543695,15.039266811875676,0,0.5,127,0.5196850393700787,1.4161243068432408,6.5204788259502635,0.05134235296023829,-1.8735526698790252,0.18110236220472442,127,0.5196850393700787,-1.8735526698790252,0.38340742554833185,19,0.8333333333333334,349,0.4584527220630373,1.0568124581571012,2.4284883016258196,0.006958419202366246,-4.064092305831198,0.4040114613180516,349,0.4584527220630373,-4.064092305831198,1.029447001382014,19,0.5294117647058824
SPXW,"d50ret,d80,d80_front",0.0,1,score_desc,d65win,22,4,15,False,False,False,False,False,-23.786989823145436,23.98534280642634,-23.786989823145436,110,0.43636363636363634,1.0463595153879544,0.6595260050508722,0.005995690955007929,-2.4,0.20909090909090908,93,0.4731182795698925,-2.4,4.221064699732018,0,0.3333333333333333,139,0.4892086330935252,1.380986991372572,7.593709197372705,0.05463100141994752,-2.293075087385292,0.1510791366906475,125,0.48,-2.293075087385292,0.4218139628656575,22,0.5,390,0.45897435897435895,1.1825440998592103,9.46476674113497,0.024268632669576844,-2.64825847859807,0.3282051282051282,344,0.45058139534883723,-2.64825847859807,0.42458707629675496,19,0.6470588235294118
SPXW,"d50ret,d80,d80_front",0.0,1,score_desc,d65win,22,4,30,False,False,False,False,False,-23.786989823145436,23.697830415525377,-23.786989823145436,110,0.43636363636363634,1.0463595153879544,0.6595260050508722,0.005995690955007929,-2.4,0.20909090909090908,93,0.4731182795698925,-2.4,4.221064699732018,0,0.3333333333333333,139,0.4892086330935252,1.3570003109530355,7.115614459649365,0.051191470932729244,-2.293075087385292,0.1510791366906475,125,0.48,-2.293075087385292,0.4517816799639169,22,0.5,389,0.4524421593830334,1.1635066185662277,8.48263816451585,0.021806267775105012,-3.4445824738900255,0.3341902313624679,344,0.44476744186046513,-3.4445824738900264,0.4327930380686397,19,0.6470588235294118
SPXW,"d65ret,d80_zero",-999999.0,1,score_desc,d80_front,22,1,0,False,False,False,False,False,-23.787152282327806,14.178257432170922,-23.787152282327806,82,0.43902439024390244,1.0444127955012328,0.4328515959649372,0.005278677999572405,-3.3486666549017845,0.25609756097560976,82,0.43902439024390244,-3.3486666549017845,5.775651570434571,0,0.3333333333333333,128,0.4375,1.0202346975311078,0.34410981514392625,0.002688357930811924,-2.429179845929862,0.234375,128,0.4375,-2.429179845929862,7.265122614867461,20,0.6666666666666666,349,0.45272206303724927,1.1407436454160478,5.807133757574073,0.01663935174089992,-5.290787496300985,0.47277936962750716,349,0.45272206303724927,-5.290787496300985,0.43050497962774215,19,0.5882352941176471
SPXW,"d65ret,d80_zero",-999999.0,1,score_desc,d80_front,22,1,15,False,False,False,False,False,-23.787152282327806,14.178257432170922,-23.787152282327806,82,0.43902439024390244,1.0444127955012328,0.4328515959649372,0.005278677999572405,-3.3486666549017845,0.25609756097560976,82,0.43902439024390244,-3.3486666549017845,5.775651570434571,0,0.3333333333333333,128,0.4375,1.0202346975311078,0.34410981514392625,0.002688357930811924,-2.429179845929862,0.234375,128,0.4375,-2.429179845929862,7.265122614867461,20,0.6666666666666666,349,0.45272206303724927,1.1407436454160478,5.807133757574073,0.01663935174089992,-5.290787496300985,0.47277936962750716,349,0.45272206303724927,-5.290787496300985,0.43050497962774215,19,0.5882352941176471
SPXW,"d65ret,d80_zero",-999999.0,1,score_desc,d80_front,22,1,30,False,False,False,False,False,-23.787152282327806,14.178257432170922,-23.787152282327806,82,0.43902439024390244,1.0444127955012328,0.4328515959649372,0.005278677999572405,-3.3486666549017845,0.25609756097560976,82,0.43902439024390244,-3.3486666549017845,5.775651570434571,0,0.3333333333333333,128,0.4375,1.0202346975311078,0.34410981514392625,0.002688357930811924,-2.429179845929862,0.234375,128,0.4375,-2.429179845929862,7.265122614867461,20,0.6666666666666666,349,0.45272206303724927,1.1407436454160478,5.807133757574073,0.01663935174089992,-5.290787496300985,0.47277936962750716,349,0.45272206303724927,-5.290787496300985,0.43050497962774215,19,0.5882352941176471
SPXW,"d65ret,d80_zero",0.0,1,score_desc,d80_front,22,1,0,False,False,False,False,False,-23.787152282327806,14.178257432170922,-23.787152282327806,82,0.43902439024390244,1.0444127955012328,0.4328515959649372,0.005278677999572405,-3.3486666549017845,0.25609756097560976,82,0.43902439024390244,-3.3486666549017845,5.775651570434571,0,0.3333333333333333,128,0.4375,1.0202346975311078,0.34410981514392625,0.002688357930811924,-2.429179845929862,0.234375,128,0.4375,-2.429179845929862,7.265122614867461,20,0.6666666666666666,342,0.4473684210526316,1.1013837255719752,3.965341215558622,0.011594564957773749,-6.708418223915787,0.4502923976608187,342,0.4473684210526316,-6.708418223915787,0.6304627682961729,18,0.6470588235294118
SPXW,"d65ret,d80_zero",0.0,1,score_desc,d80_front,22,1,15,False,False,False,False,False,-23.787152282327806,14.178257432170922,-23.787152282327806,82,0.43902439024390244,1.0444127955012328,0.4328515959649372,0.005278677999572405,-3.3486666549017845,0.25609756097560976,82,0.43902439024390244,-3.3486666549017845,5.775651570434571,0,0.3333333333333333,128,0.4375,1.0202346975311078,0.34410981514392625,0.002688357930811924,-2.429179845929862,0.234375,128,0.4375,-2.429179845929862,7.265122614867461,20,0.6666666666666666,342,0.4473684210526316,1.1013837255719752,3.965341215558622,0.011594564957773749,-6.708418223915787,0.4502923976608187,342,0.4473684210526316,-6.708418223915787,0.6304627682961729,18,0.6470588235294118
SPXW,"d65ret,d80_zero",0.0,1,score_desc,d80_front,22,1,30,False,False,False,False,False,-23.787152282327806,14.178257432170922,-23.787152282327806,82,0.43902439024390244,1.0444127955012328,0.4328515959649372,0.005278677999572405,-3.3486666549017845,0.25609756097560976,82,0.43902439024390244,-3.3486666549017845,5.775651570434571,0,0.3333333333333333,128,0.4375,1.0202346975311078,0.34410981514392625,0.002688357930811924,-2.429179845929862,0.234375,128,0.4375,-2.429179845929862,7.265122614867461,20,0.6666666666666666,342,0.4473684210526316,1.1013837255719752,3.965341215558622,0.011594564957773749,-6.708418223915787,0.4502923976608187,342,0.4473684210526316,-6.708418223915787,0.6304627682961729,18,0.6470588235294118
SPXW,"d50ret,d80",0.0,1,score_desc,d80_front,21,2,0,False,False,False,False,False,-23.932136569279205,24.74513966717118,-23.932136569279205,105,0.42857142857142855,1.0514249281378036,0.6778860194990273,0.006456057328562165,-2.0318188986351204,0.26666666666666666,101,0.43564356435643564,-2.0318188986351204,3.6879356235249623,0,0.3333333333333333,136,0.49264705882352944,1.3982389043722372,7.703004906064445,0.05663974195635621,-2.2774802861251215,0.17647058823529413,121,0.47107438016528924,-2.2774802861251215,0.45831531952621357,21,0.6666666666666666,376,0.44148936170212766,1.1449888288524706,7.511410265303293,0.019977154960913013,-3.537991867288521,0.3484042553191489,333,0.44144144144144143,-3.537991867288521,0.45657688664878665,18,0.6470588235294118
SPXW,"d50ret,d80",0.0,1,score_desc,d80_front,21,3,0,False,False,False,False,False,-23.932136569279205,24.74513966717118,-23.932136569279205,105,0.42857142857142855,1.0514249281378036,0.6778860194990273,0.006456057328562165,-2.0318188986351204,0.26666666666666666,101,0.43564356435643564,-2.0318188986351204,3.6879356235249623,0,0.3333333333333333,136,0.49264705882352944,1.3982389043722372,7.703004906064445,0.05663974195635621,-2.2774802861251215,0.17647058823529413,121,0.47107438016528924,-2.2774802861251215,0.45831531952621357,21,0.6666666666666666,376,0.44148936170212766,1.1425059390565073,7.430872494397659,0.0197629587616959,-3.537991867288521,0.3484042553191489,332,0.4367469879518072,-3.537991867288521,0.46861558801494846,18,0.7058823529411765
SPXW,"d50ret,d80",0.0,1,score_desc,d80_front,21,4,0,False,False,False,False,False,-23.932136569279205,24.74513966717118,-23.932136569279205,105,0.42857142857142855,1.0514249281378036,0.6778860194990273,0.006456057328562165,-2.0318188986351204,0.26666666666666666,101,0.43564356435643564,-2.0318188986351204,3.6879356235249623,0,0.3333333333333333,136,0.49264705882352944,1.3982389043722372,7.703004906064445,0.05663974195635621,-2.2774802861251215,0.17647058823529413,121,0.47107438016528924,-2.2774802861251215,0.45831531952621357,21,0.6666666666666666,376,0.44148936170212766,1.1425059390565073,7.430872494397659,0.0197629587616959,-3.537991867288521,0.3484042553191489,332,0.4367469879518072,-3.537991867288521,0.46861558801494846,18,0.7058823529411765
SPXW,"d50ret,d80",-999999.0,1,score_desc,d80_front,21,2,0,False,False,False,False,False,-23.932136569279205,24.30216798612719,-23.932136569279205,105,0.42857142857142855,1.0514249281378036,0.6778860194990273,0.006456057328562165,-2.0318188986351204,0.26666666666666666,101,0.43564356435643564,-2.0318188986351204,3.6879356235249623,0,0.3333333333333333,137,0.48175182481751827,1.3683616657351836,7.303137291496239,0.053307571470775465,-2.2774802861251215,0.18248175182481752,127,0.4645669291338583,-2.2774802861251215,0.43278753112164076,21,0.6666666666666666,382,0.42670157068062825,1.1260505509341074,6.728483209425842,0.017613830391167123,-3.4814246575746095,0.3612565445026178,348,0.4281609195402299,-3.4814246575746095,0.45085784193700856,21,0.7058823529411765
SPXW,"d50ret,d80",0.0,1,score_desc,d80_front,21,2,15,False,False,False,False,False,-23.932136569279205,24.75767233148993,-23.932136569279205,105,0.42857142857142855,1.0514249281378036,0.6778860194990273,0.006456057328562165,-2.0318188986351204,0.26666666666666666,101,0.43564356435643564,-2.0318188986351204,3.6879356235249623,0,0.3333333333333333,136,0.49264705882352944,1.399294861551416,7.723429940491027,0.056789926033022256,-2.2774802861251215,0.17647058823529413,121,0.47107438016528924,-2.2774802861251215,0.45974783439749184,21,0.6666666666666666,376,0.43617021276595747,1.1232331464269472,6.396486006047693,0.017011930867148122,-3.6436818274664455,0.35106382978723405,333,0.44144144144144143,-3.6436818274664455,0.5101840448474735,18,0.5882352941176471
SPXW,"d50ret,d80",0.0,1,score_desc,d80_front,21,3,15,False,False,False,False,False,-23.932136569279205,24.75767233148993,-23.932136569279205,105,0.42857142857142855,1.0514249281378036,0.6778860194990273,0.006456057328562165,-2.0318188986351204,0.26666666666666666,101,0.43564356435643564,-2.0318188986351204,3.6879356235249623,0,0.3333333333333333,136,0.49264705882352944,1.399294861551416,7.723429940491027,0.056789926033022256,-2.2774802861251215,0.17647058823529413,121,0.47107438016528924,-2.2774802861251215,0.45974783439749184,21,0.6666666666666666,376,0.43617021276595747,1.120895486868207,6.3159482351420575,0.016797734667931004,-3.6436818274664464,0.35106382978723405,332,0.4367469879518072,-3.6436818274664455,0.5296335767251322,18,0.6470588235294118
SPXW,"d50ret,d80",0.0,1,score_desc,d80_front,21,4,15,False,False,False,False,False,-23.932136569279205,24.75767233148993,-23.932136569279205,105,0.42857142857142855,1.0514249281378036,0.6778860194990273,0.006456057328562165,-2.0318188986351204,0.26666666666666666,101,0.43564356435643564,-2.0318188986351204,3.6879356235249623,0,0.3333333333333333,136,0.49264705882352944,1.399294861551416,7.723429940491027,0.056789926033022256,-2.2774802861251215,0.17647058823529413,121,0.47107438016528924,-2.2774802861251215,0.45974783439749184,21,0.6666666666666666,376,0.43617021276595747,1.120895486868207,6.3159482351420575,0.016797734667931004,-3.6436818274664464,0.35106382978723405,332,0.4367469879518072,-3.6436818274664455,0.5296335767251322,18,0.6470588235294118
SPXW,"d50ret,d80",0.0,1,score_desc,d80_front,21,2,30,False,False,False,False,False,-23.932136569279205,24.134217681461948,-23.932136569279205,105,0.42857142857142855,1.0514249281378036,0.6778860194990273,0.006456057328562165,-2.0318188986351204,0.26666666666666666,101,0.43564356435643564,-2.0318188986351204,3.6879356235249623,0,0.3333333333333333,136,0.4852941176470588,1.3648728526814549,7.085978221620171,0.052102781041324785,-2.2774802861251215,0.16911764705882354,121,0.47107438016528924,-2.2774802861251215,0.46633009422266375,21,0.6666666666666666,375,0.43733333333333335,1.1205417293068174,6.202657157526671,0.01654041908673779,-4.1436818274664455,0.34933333333333333,334,0.44011976047904194,-4.1436818274664455,0.5357566899552626,18,0.7058823529411765
SPXW,"d50ret,d80",0.0,1,score_desc,d80_front,21,3,30,False,False,False,False,False,-23.932136569279205,24.134217681461948,-23.932136569279205,105,0.42857142857142855,1.0514249281378036,0.6778860194990273,0.006456057328562165,-2.0318188986351204,0.26666666666666666,101,0.43564356435643564,-2.0318188986351204,3.6879356235249623,0,0.3333333333333333,136,0.4852941176470588,1.3648728526814549,7.085978221620171,0.052102781041324785,-2.2774802861251215,0.16911764705882354,121,0.47107438016528924,-2.2774802861251215,0.46633009422266375,21,0.6666666666666666,375,0.43733333333333335,1.119307782155199,6.1794264884842685,0.01647847063595805,-4.143681827466446,0.34933333333333333,333,0.43543543543543545,-4.143681827466446,0.5462968843608977,18,0.7058823529411765
SPXW,"d50ret,d80",0.0,1,score_desc,d80_front,21,4,30,False,False,False,False,False,-23.932136569279205,24.134217681461948,-23.932136569279205,105,0.42857142857142855,1.0514249281378036,0.6778860194990273,0.006456057328562165,-2.0318188986351204,0.26666666666666666,101,0.43564356435643564,-2.0318188986351204,3.6879356235249623,0,0.3333333333333333,136,0.4852941176470588,1.3648728526814549,7.085978221620171,0.052102781041324785,-2.2774802861251215,0.16911764705882354,121,0.47107438016528924,-2.2774802861251215,0.46633009422266375,21,0.6666666666666666,375,0.43733333333333335,1.119307782155199,6.1794264884842685,0.01647847063595805,-4.143681827466446,0.34933333333333333,333,0.43543543543543545,-4.143681827466446,0.5462968843608977,18,0.7058823529411765
SPXW,"d50ret,d80",-999999.0,1,score_desc,d80_front,21,3,0,False,False,False,False,False,-23.932136569279205,24.30216798612719,-23.932136569279205,105,0.42857142857142855,1.0514249281378036,0.6778860194990273,0.006456057328562165,-2.0318188986351204,0.26666666666666666,101,0.43564356435643564,-2.0318188986351204,3.6879356235249623,0,0.3333333333333333,137,0.48175182481751827,1.3683616657351836,7.303137291496239,0.053307571470775465,-2.2774802861251215,0.18248175182481752,127,0.4645669291338583,-2.2774802861251215,0.43278753112164076,21,0.6666666666666666,382,0.42670157068062825,1.1189760474215789,6.391003550800685,0.016730375787436347,-3.4814246575746095,0.3612565445026178,348,0.42528735632183906,-3.4814246575746095,0.4746655818914503,21,0.7058823529411765
SPXW,"d50ret,d80",-999999.0,1,score_desc,d80_front,21,4,0,False,False,False,False,False,-23.932136569279205,24.30216798612719,-23.932136569279205,105,0.42857142857142855,1.0514249281378036,0.6778860194990273,0.006456057328562165,-2.0318188986351204,0.26666666666666666,101,0.43564356435643564,-2.0318188986351204,3.6879356235249623,0,0.3333333333333333,137,0.48175182481751827,1.3683616657351836,7.303137291496239,0.053307571470775465,-2.2774802861251215,0.18248175182481752,127,0.4645669291338583,-2.2774802861251215,0.43278753112164076,21,0.6666666666666666,382,0.42670157068062825,1.1189760474215789,6.391003550800685,0.016730375787436347,-3.4814246575746095,0.3612565445026178,348,0.42528735632183906,-3.4814246575746095,0.4746655818914503,21,0.7058823529411765
SPXW,"d50ret,d80",-999999.0,1,score_desc,d80_front,21,2,30,False,False,False,False,False,-23.932136569279205,24.278452642545265,-23.932136569279205,105,0.42857142857142855,1.0514249281378036,0.6778860194990273,0.006456057328562165,-2.0318188986351204,0.26666666666666666,101,0.43564356435643564,-2.0318188986351204,3.6879356235249623,0,0.3333333333333333,137,0.48175182481751827,1.3663796391281455,7.263841637868149,0.05302074188224926,-2.2774802861251215,0.18248175182481752,127,0.4645669291338583,-2.2774802861251215,0.4379406863265882,21,0.6666666666666666,381,0.4225721784776903,1.1010018864815196,5.349226644784965,0.014039964946942166,-4.087114617752535,0.3648293963254593,348,0.42528735632183906,-4.087114617752535,0.5129814015212922,21,0.7058823529411765
SPXW,"d50ret,d80",-999999.0,1,score_desc,d80_front,21,2,15,False,False,False,False,False,-23.932136569279205,24.314494710952367,-23.932136569279205,105,0.42857142857142855,1.0514249281378036,0.6778860194990273,0.006456057328562165,-2.0318188986351204,0.26666666666666666,101,0.43564356435643564,-2.0318188986351204,3.6879356235249623,0,0.3333333333333333,137,0.48175182481751827,1.3693918804776664,7.32356232592282,0.05345665931330526,-2.2774802861251215,0.18248175182481752,127,0.4645669291338583,-2.2774802861251215,0.4343694571964718,21,0.6666666666666666,382,0.4214659685863874,1.0973979542736985,5.202093045904525,0.013618044622786716,-3.587114617752535,0.36387434554973824,348,0.42528735632183906,-3.587114617752535,0.5274903307346942,21,0.6470588235294118
SPXW,"d50ret,d80",-999999.0,1,score_desc,d80_front,21,3,30,False,False,False,False,False,-23.932136569279205,24.278452642545265,-23.932136569279205,105,0.42857142857142855,1.0514249281378036,0.6778860194990273,0.006456057328562165,-2.0318188986351204,0.26666666666666666,101,0.43564356435643564,-2.0318188986351204,3.6879356235249623,0,0.3333333333333333,137,0.48175182481751827,1.3663796391281455,7.263841637868149,0.05302074188224926,-2.2774802861251215,0.18248175182481752,127,0.4645669291338583,-2.2774802861251215,0.4379406863265882,21,0.6666666666666666,381,0.4225721784776903,1.0940305581051595,5.011746986159806,0.0131541915647239,-4.087114617752535,0.3648293963254593,348,0.4224137931034483,-4.087114617752535,0.5475244039403176,21,0.7058823529411765
SPXW,"d50ret,d80",-999999.0,1,score_desc,d80_front,21,4,30,False,False,False,False,False,-23.932136569279205,24.278452642545265,-23.932136569279205,105,0.42857142857142855,1.0514249281378036,0.6778860194990273,0.006456057328562165,-2.0318188986351204,0.26666666666666666,101,0.43564356435643564,-2.0318188986351204,3.6879356235249623,0,0.3333333333333333,137,0.48175182481751827,1.3663796391281455,7.263841637868149,0.05302074188224926,-2.2774802861251215,0.18248175182481752,127,0.4645669291338583,-2.2774802861251215,0.4379406863265882,21,0.6666666666666666,381,0.4225721784776903,1.0940305581051595,5.011746986159806,0.0131541915647239,-4.087114617752535,0.3648293963254593,348,0.4224137931034483,-4.087114617752535,0.5475244039403176,21,0.7058823529411765
SPXW,"d50ret,d80",-999999.0,1,score_desc,d80_front,21,3,15,False,False,False,False,False,-23.932136569279205,24.314494710952367,-23.932136569279205,105,0.42857142857142855,1.0514249281378036,0.6778860194990273,0.006456057328562165,-2.0318188986351204,0.26666666666666666,101,0.43564356435643564,-2.0318188986351204,3.6879356235249623,0,0.3333333333333333,137,0.48175182481751827,1.3693918804776664,7.32356232592282,0.05345665931330526,-2.2774802861251215,0.18248175182481752,127,0.4645669291338583,-2.2774802861251215,0.4343694571964718,21,0.6666666666666666,382,0.4214659685863874,1.0905074980727743,4.864613387279367,0.012734590019055934,-3.587114617752535,0.36387434554973824,348,0.4224137931034483,-3.587114617752535,0.5640846584997576,21,0.6470588235294118
SPXW,"d50ret,d80",-999999.0,1,score_desc,d80_front,21,4,15,False,False,False,False,False,-23.932136569279205,24.314494710952367,-23.932136569279205,105,0.42857142857142855,1.0514249281378036,0.6778860194990273,0.006456057328562165,-2.0318188986351204,0.26666666666666666,101,0.43564356435643564,-2.0318188986351204,3.6879356235249623,0,0.3333333333333333,137,0.48175182481751827,1.3693918804776664,7.32356232592282,0.05345665931330526,-2.2774802861251215,0.18248175182481752,127,0.4645669291338583,-2.2774802861251215,0.4343694571964718,21,0.6666666666666666,382,0.4214659685863874,1.0905074980727743,4.864613387279367,0.012734590019055934,-3.587114617752535,0.36387434554973824,348,0.4224137931034483,-3.587114617752535,0.5640846584997576,21,0.6470588235294118
SPXW,"d50ret,d80,d80_front",0.0,1,score_desc,d65win,22,1,0,False,False,False,False,False,-23.985286853871244,25.575904069451568,-23.985286853871244,94,0.4574468085106383,1.0064023552716035,0.07104677937790094,0.0007558168018925632,-4.0504407685543695,0.20212765957446807,94,0.4574468085106383,-4.0504407685543695,35.188083427432936,0,0.5,127,0.5196850393700787,1.4405544002492303,6.786215728364722,0.05343476951468285,-1.8735526698790252,0.18110236220472442,127,0.5196850393700787,-1.8735526698790252,0.3683938295021497,19,0.8333333333333334,349,0.46418338108882523,1.0948229822741178,3.962657775429334,0.011354320273436488,-3.479775633001967,0.4154727793696275,349,0.46418338108882523,-3.479775633001967,0.6308897062727395,19,0.5294117647058824
SPXW,"d50ret,d80,d80_front",0.0,1,score_desc,d65win,22,1,15,False,False,False,False,False,-23.985286853871244,25.575904069451568,-23.985286853871244,94,0.4574468085106383,1.0064023552716035,0.07104677937790094,0.0007558168018925632,-4.0504407685543695,0.20212765957446807,94,0.4574468085106383,-4.0504407685543695,35.188083427432936,0,0.5,127,0.5196850393700787,1.4405544002492303,6.786215728364722,0.05343476951468285,-1.8735526698790252,0.18110236220472442,127,0.5196850393700787,-1.8735526698790252,0.3683938295021497,19,0.8333333333333334,349,0.46418338108882523,1.0948229822741178,3.962657775429334,0.011354320273436488,-3.479775633001967,0.4154727793696275,349,0.46418338108882523,-3.479775633001967,0.6308897062727395,19,0.5294117647058824
SPXW,"d50ret,d80,d80_front",0.0,1,score_desc,d65win,22,1,30,False,False,False,False,False,-23.985286853871244,25.575904069451568,-23.985286853871244,94,0.4574468085106383,1.0064023552716035,0.07104677937790094,0.0007558168018925632,-4.0504407685543695,0.20212765957446807,94,0.4574468085106383,-4.0504407685543695,35.188083427432936,0,0.5,127,0.5196850393700787,1.4405544002492303,6.786215728364722,0.05343476951468285,-1.8735526698790252,0.18110236220472442,127,0.5196850393700787,-1.8735526698790252,0.3683938295021497,19,0.8333333333333334,349,0.46418338108882523,1.0948229822741178,3.962657775429334,0.011354320273436488,-3.479775633001967,0.4154727793696275,349,0.46418338108882523,-3.479775633001967,0.6308897062727395,19,0.5294117647058824
SPXW,d80,-999999.0,1,score_desc,d65ret,21,3,0,False,False,False,False,False,-24.032917120415583,19.883602163186875,-24.032917120415583,107,0.42990654205607476,1.0275385595199924,0.49060415253494033,0.004585085537709723,-3.529512423735747,0.18691588785046728,100,0.44,-3.529512423735747,6.114909514114524,0,0.6666666666666666,131,0.44274809160305345,1.2074039928495668,4.309181312920719,0.03289451383908946,-2.2774802861251224,0.16030534351145037,124,0.45161290322580644,-2.2774802861251224,0.8122192467291973,20,0.8333333333333334,375,0.44533333333333336,1.207743684917567,10.56705107092095,0.0281788028557892,-3.1858701757513943,0.424,332,0.45180722891566266,-3.1858701757513943,0.5142204597360067,19,0.7058823529411765
SPXW,d80,-999999.0,1,score_desc,d65ret,21,4,0,False,False,False,False,False,-24.032917120415583,19.883602163186875,-24.032917120415583,107,0.42990654205607476,1.0275385595199924,0.49060415253494033,0.004585085537709723,-3.529512423735747,0.18691588785046728,100,0.44,-3.529512423735747,6.114909514114524,0,0.6666666666666666,131,0.44274809160305345,1.2074039928495668,4.309181312920719,0.03289451383908946,-2.2774802861251224,0.16030534351145037,124,0.45161290322580644,-2.2774802861251224,0.8122192467291973,20,0.8333333333333334,375,0.44533333333333336,1.207743684917567,10.56705107092095,0.0281788028557892,-3.1858701757513943,0.424,332,0.45180722891566266,-3.1858701757513943,0.5142204597360067,19,0.7058823529411765
SPXW,d80,-999999.0,1,score_desc,d65ret,21,3,15,False,False,False,False,False,-24.032917120415583,19.883602163186875,-24.032917120415583,107,0.42990654205607476,1.0275385595199924,0.49060415253494033,0.004585085537709723,-3.529512423735747,0.18691588785046728,100,0.44,-3.529512423735747,6.114909514114524,0,0.6666666666666666,131,0.44274809160305345,1.2074039928495668,4.309181312920719,0.03289451383908946,-2.2774802861251224,0.16030534351145037,124,0.45161290322580644,-2.2774802861251224,0.8122192467291973,20,0.8333333333333334,371,0.4420485175202156,1.1951073928243277,9.924216761004487,0.026749910407020183,-3.6858701757513948,0.4339622641509434,333,0.45045045045045046,-3.6858701757513948,0.5475287360806141,19,0.7058823529411765
SPXW,d80,-999999.0,1,score_desc,d65ret,21,4,15,False,False,False,False,False,-24.032917120415583,19.883602163186875,-24.032917120415583,107,0.42990654205607476,1.0275385595199924,0.49060415253494033,0.004585085537709723,-3.529512423735747,0.18691588785046728,100,0.44,-3.529512423735747,6.114909514114524,0,0.6666666666666666,131,0.44274809160305345,1.2074039928495668,4.309181312920719,0.03289451383908946,-2.2774802861251224,0.16030534351145037,124,0.45161290322580644,-2.2774802861251224,0.8122192467291973,20,0.8333333333333334,371,0.4420485175202156,1.1951073928243277,9.924216761004487,0.026749910407020183,-3.6858701757513948,0.4339622641509434,333,0.45045045045045046,-3.6858701757513948,0.5475287360806141,19,0.7058823529411765
SPXW,d80,-999999.0,1,score_desc,d65ret,21,2,0,False,False,False,False,False,-24.032917120415583,19.883602163186875,-24.032917120415583,107,0.42990654205607476,1.0275385595199924,0.49060415253494033,0.004585085537709723,-3.529512423735747,0.18691588785046728,100,0.44,-3.529512423735747,6.114909514114524,0,0.6666666666666666,131,0.44274809160305345,1.2074039928495668,4.309181312920719,0.03289451383908946,-2.2774802861251224,0.16030534351145037,124,0.45161290322580644,-2.2774802861251224,0.8122192467291973,20,0.8333333333333334,375,0.44266666666666665,1.1940708234811748,9.92979112853078,0.026479443009415415,-3.1858701757513943,0.424,333,0.45045045045045046,-3.1858701757513943,0.5035352642648994,19,0.7058823529411765
SPXW,d80,-999999.0,1,score_desc,d65ret,21,3,30,False,False,False,False,False,-24.032917120415583,19.883602163186875,-24.032917120415583,107,0.42990654205607476,1.0275385595199924,0.49060415253494033,0.004585085537709723,-3.529512423735747,0.18691588785046728,100,0.44,-3.529512423735747,6.114909514114524,0,0.6666666666666666,131,0.44274809160305345,1.2074039928495668,4.309181312920719,0.03289451383908946,-2.2774802861251224,0.16030534351145037,124,0.45161290322580644,-2.2774802861251224,0.8122192467291973,20,0.8333333333333334,369,0.44173441734417346,1.1882127188234342,9.572043305845508,0.025940496763808964,-3.6858701757513948,0.43360433604336046,333,0.4444444444444444,-3.6858701757513948,0.5676733468625758,19,0.7058823529411765
SPXW,d80,-999999.0,1,score_desc,d65ret,21,4,30,False,False,False,False,False,-24.032917120415583,19.883602163186875,-24.032917120415583,107,0.42990654205607476,1.0275385595199924,0.49060415253494033,0.004585085537709723,-3.529512423735747,0.18691588785046728,100,0.44,-3.529512423735747,6.114909514114524,0,0.6666666666666666,131,0.44274809160305345,1.2074039928495668,4.309181312920719,0.03289451383908946,-2.2774802861251224,0.16030534351145037,124,0.45161290322580644,-2.2774802861251224,0.8122192467291973,20,0.8333333333333334,369,0.44173441734417346,1.1882127188234342,9.572043305845508,0.025940496763808964,-3.6858701757513948,0.43360433604336046,333,0.4444444444444444,-3.6858701757513948,0.5676733468625758,19,0.7058823529411765
SPXW,d80,-999999.0,1,score_desc,d65ret,21,2,15,False,False,False,False,False,-24.032917120415583,19.883602163186875,-24.032917120415583,107,0.42990654205607476,1.0275385595199924,0.49060415253494033,0.004585085537709723,-3.529512423735747,0.18691588785046728,100,0.44,-3.529512423735747,6.114909514114524,0,0.6666666666666666,131,0.44274809160305345,1.2074039928495668,4.309181312920719,0.03289451383908946,-2.2774802861251224,0.16030534351145037,124,0.45161290322580644,-2.2774802861251224,0.8122192467291973,20,0.8333333333333334,371,0.4393530997304582,1.1718203277256252,8.791256837168365,0.023696110073230095,-3.685870175751395,0.4339622641509434,334,0.4491017964071856,-3.685870175751395,0.5687468916686187,19,0.7058823529411765
SPXW,d80,-999999.0,1,score_desc,d65ret,21,2,30,False,False,False,False,False,-24.032917120415583,19.883602163186875,-24.032917120415583,107,0.42990654205607476,1.0275385595199924,0.49060415253494033,0.004585085537709723,-3.529512423735747,0.18691588785046728,100,0.44,-3.529512423735747,6.114909514114524,0,0.6666666666666666,131,0.44274809160305345,1.2074039928495668,4.309181312920719,0.03289451383908946,-2.2774802861251224,0.16030534351145037,124,0.45161290322580644,-2.2774802861251224,0.8122192467291973,20,0.8333333333333334,369,0.43902439024390244,1.164962523022929,8.439083382009384,0.0228701446666921,-3.685870175751395,0.43360433604336046,334,0.4431137724550898,-3.685870175751395,0.5924814074783412,19,0.7058823529411765
SPXW,d80,0.0,1,score_desc,d65ret,21,3,0,False,False,False,False,False,-24.032917120415583,19.883602163186875,-24.032917120415583,107,0.42990654205607476,1.0275385595199924,0.49060415253494033,0.004585085537709723,-3.529512423735747,0.18691588785046728,100,0.44,-3.529512423735747,6.114909514114524,0,0.6666666666666666,131,0.44274809160305345,1.2074039928495668,4.309181312920719,0.03289451383908946,-2.2774802861251224,0.16030534351145037,124,0.45161290322580644,-2.2774802861251224,0.8122192467291973,20,0.8333333333333334,367,0.4332425068119891,1.1632189720138648,8.380976588655852,0.022836448470451912,-4.615885476525338,0.4223433242506812,322,0.4472049689440994,-4.6158854765253405,0.6070714328197033,17,0.6470588235294118
SPXW,d80,0.0,1,score_desc,d65ret,21,4,0,False,False,False,False,False,-24.032917120415583,19.883602163186875,-24.032917120415583,107,0.42990654205607476,1.0275385595199924,0.49060415253494033,0.004585085537709723,-3.529512423735747,0.18691588785046728,100,0.44,-3.529512423735747,6.114909514114524,0,0.6666666666666666,131,0.44274809160305345,1.2074039928495668,4.309181312920719,0.03289451383908946,-2.2774802861251224,0.16030534351145037,124,0.45161290322580644,-2.2774802861251224,0.8122192467291973,20,0.8333333333333334,367,0.4332425068119891,1.1632189720138648,8.380976588655852,0.022836448470451912,-4.615885476525338,0.4223433242506812,322,0.4472049689440994,-4.6158854765253405,0.6070714328197033,17,0.6470588235294118
SPXW,d80,0.0,1,score_desc,d65ret,21,2,0,False,False,False,False,False,-24.032917120415583,19.883602163186875,-24.032917120415583,107,0.42990654205607476,1.0275385595199924,0.49060415253494033,0.004585085537709723,-3.529512423735747,0.18691588785046728,100,0.44,-3.529512423735747,6.114909514114524,0,0.6666666666666666,131,0.44274809160305345,1.2074039928495668,4.309181312920719,0.03289451383908946,-2.2774802861251224,0.16030534351145037,124,0.45161290322580644,-2.2774802861251224,0.8122192467291973,20,0.8333333333333334,367,0.4305177111716621,1.1499323991256503,7.743716646265682,0.021100045357672157,-4.615885476525339,0.4223433242506812,323,0.4458204334365325,-4.615885476525339,0.6010108348431409,17,0.6470588235294118
SPXW,d80,0.0,1,score_desc,d65ret,21,3,15,False,False,False,False,False,-24.032917120415583,19.883602163186875,-24.032917120415583,107,0.42990654205607476,1.0275385595199924,0.49060415253494033,0.004585085537709723,-3.529512423735747,0.18691588785046728,100,0.44,-3.529512423735747,6.114909514114524,0,0.6666666666666666,131,0.44274809160305345,1.2074039928495668,4.309181312920719,0.03289451383908946,-2.2774802861251224,0.16030534351145037,124,0.45161290322580644,-2.2774802861251224,0.8122192467291973,20,0.8333333333333334,366,0.43169398907103823,1.1489144629225032,7.691081879427743,0.02101388491646924,-5.855237307377007,0.42896174863387976,325,0.4430769230769231,-5.855237307377009,0.7065057874727939,17,0.6470588235294118
SPXW,d80,0.0,1,score_desc,d65ret,21,4,15,False,False,False,False,False,-24.032917120415583,19.883602163186875,-24.032917120415583,107,0.42990654205607476,1.0275385595199924,0.49060415253494033,0.004585085537709723,-3.529512423735747,0.18691588785046728,100,0.44,-3.529512423735747,6.114909514114524,0,0.6666666666666666,131,0.44274809160305345,1.2074039928495668,4.309181312920719,0.03289451383908946,-2.2774802861251224,0.16030534351145037,124,0.45161290322580644,-2.2774802861251224,0.8122192467291973,20,0.8333333333333334,366,0.43169398907103823,1.1489144629225032,7.691081879427743,0.02101388491646924,-5.855237307377007,0.42896174863387976,325,0.4430769230769231,-5.855237307377009,0.7065057874727939,17,0.6470588235294118
SPXW,d80,0.0,1,score_desc,d65ret,21,3,30,False,False,False,False,False,-24.032917120415583,19.883602163186875,-24.032917120415583,107,0.42990654205607476,1.0275385595199924,0.49060415253494033,0.004585085537709723,-3.529512423735747,0.18691588785046728,100,0.44,-3.529512423735747,6.114909514114524,0,0.6666666666666666,131,0.44274809160305345,1.2074039928495668,4.309181312920719,0.03289451383908946,-2.2774802861251224,0.16030534351145037,124,0.45161290322580644,-2.2774802861251224,0.8122192467291973,20,0.8333333333333334,364,0.43131868131868134,1.1421172287567638,7.338908424268762,0.02016183633040869,-5.855237307377008,0.42857142857142855,325,0.4369230769230769,-5.85523730737701,0.740409001667608,17,0.6470588235294118
SPXW,d80,0.0,1,score_desc,d65ret,21,4,30,False,False,False,False,False,-24.032917120415583,19.883602163186875,-24.032917120415583,107,0.42990654205607476,1.0275385595199924,0.49060415253494033,0.004585085537709723,-3.529512423735747,0.18691588785046728,100,0.44,-3.529512423735747,6.114909514114524,0,0.6666666666666666,131,0.44274809160305345,1.2074039928495668,4.309181312920719,0.03289451383908946,-2.2774802861251224,0.16030534351145037,124,0.45161290322580644,-2.2774802861251224,0.8122192467291973,20,0.8333333333333334,364,0.43131868131868134,1.1421172287567638,7.338908424268762,0.02016183633040869,-5.855237307377008,0.42857142857142855,325,0.4369230769230769,-5.85523730737701,0.740409001667608,17,0.6470588235294118
SPXW,d80,0.0,1,score_desc,d65ret,21,2,15,False,False,False,False,False,-24.032917120415583,19.883602163186875,-24.032917120415583,107,0.42990654205607476,1.0275385595199924,0.49060415253494033,0.004585085537709723,-3.529512423735747,0.18691588785046728,100,0.44,-3.529512423735747,6.114909514114524,0,0.6666666666666666,131,0.44274809160305345,1.2074039928495668,4.309181312920719,0.03289451383908946,-2.2774802861251224,0.16030534351145037,124,0.45161290322580644,-2.2774802861251224,0.8122192467291973,20,0.8333333333333334,366,0.42896174863387976,1.1262448274270012,6.558121955591617,0.0179183659988842,-5.855237307377008,0.42896174863387976,326,0.44171779141104295,-5.855237307377008,0.7096631684918119,17,0.6470588235294118
SPXW,d80,0.0,1,score_desc,d65ret,21,2,30,False,False,False,False,False,-24.032917120415583,19.883602163186875,-24.032917120415583,107,0.42990654205607476,1.0275385595199924,0.49060415253494033,0.004585085537709723,-3.529512423735747,0.18691588785046728,100,0.44,-3.529512423735747,6.114909514114524,0,0.6666666666666666,131,0.44274809160305345,1.2074039928495668,4.309181312920719,0.03289451383908946,-2.2774802861251224,0.16030534351145037,124,0.45161290322580644,-2.2774802861251224,0.8122192467291973,20,0.8333333333333334,364,0.42857142857142855,1.1194834375207807,6.205948500432637,0.01704930906712263,-5.85523730737701,0.42857142857142855,326,0.43558282208588955,-5.85523730737701,0.8056786161940328,17,0.6470588235294118
SPXW,d80,-999999.0,1,score_desc,d65win,22,3,0,False,False,False,False,False,-24.184482171831103,23.79479691420921,-24.184482171831103,104,0.4326923076923077,1.037044112243861,0.5439058311938323,0.005229863761479157,-2.4577131686299047,0.23076923076923078,89,0.4606741573033708,-2.35504326021134,5.199011674491675,0,0.3333333333333333,139,0.49640287769784175,1.3040569683106693,5.737365311041336,0.04127600943195206,-2.2774802861251215,0.1510791366906475,125,0.464,-2.2774802861251215,0.542688892037052,22,0.8333333333333334,368,0.4320652173913043,1.133533362972035,6.3534677968934545,0.017264858143732215,-3.190461119954401,0.4266304347826087,311,0.4405144694533762,-3.190461119954401,0.6450961610671115,0,0.5294117647058824
SPXW,d80,-999999.0,1,score_desc,d65win,22,3,15,False,False,False,False,False,-24.184482171831103,23.79479691420921,-24.184482171831103,104,0.4326923076923077,1.037044112243861,0.5439058311938323,0.005229863761479157,-2.4577131686299047,0.23076923076923078,89,0.4606741573033708,-2.35504326021134,5.199011674491675,0,0.3333333333333333,139,0.49640287769784175,1.3040569683106693,5.737365311041336,0.04127600943195206,-2.2774802861251215,0.1510791366906475,125,0.464,-2.2774802861251215,0.542688892037052,22,0.8333333333333334,364,0.43131868131868134,1.1060024605534147,5.0343321059423065,0.01383058270863271,-3.4635616069229704,0.43956043956043955,312,0.4423076923076923,-3.463561606922971,0.8781362672226439,0,0.47058823529411764
SPXW,d80,0.0,1,score_desc,d65win,22,3,0,False,False,False,False,False,-24.184482171831103,23.79479691420921,-24.184482171831103,104,0.4326923076923077,1.037044112243861,0.5439058311938323,0.005229863761479157,-2.4577131686299047,0.23076923076923078,89,0.4606741573033708,-2.35504326021134,5.199011674491675,0,0.3333333333333333,139,0.49640287769784175,1.3040569683106693,5.737365311041336,0.04127600943195206,-2.2774802861251215,0.1510791366906475,125,0.464,-2.2774802861251215,0.542688892037052,22,0.8333333333333334,364,0.42857142857142855,1.1054506157828954,5.013930981393438,0.013774535663168785,-4.527651691042768,0.40934065934065933,304,0.4342105263157895,-4.527651691042767,0.8223804152591493,0,0.5294117647058824
SPXW,d80,0.0,1,score_desc,d65win,22,3,15,False,False,False,False,False,-24.184482171831103,23.79479691420921,-24.184482171831103,104,0.4326923076923077,1.037044112243861,0.5439058311938323,0.005229863761479157,-2.4577131686299047,0.23076923076923078,89,0.4606741573033708,-2.35504326021134,5.199011674491675,0,0.3333333333333333,139,0.49640287769784175,1.3040569683106693,5.737365311041336,0.04127600943195206,-2.2774802861251215,0.1510791366906475,125,0.464,-2.2774802861251215,0.542688892037052,22,0.8333333333333334,361,0.4265927977839335,1.0677804956666255,3.237606287574015,0.008968438469734113,-4.149232244957037,0.4182825484764543,306,0.43790849673202614,-4.1492322449570365,1.3654623851079437,0,0.47058823529411764
SPXW,"d50ret,d80,d80_front",0.0,1,score_desc,d65win,22,2,30,False,False,False,False,False,-24.4692334451734,24.081907153201094,-24.4692334451734,108,0.4351851851851852,1.0126242524220737,0.1793466259300946,0.001660616906760135,-3.1399299258154953,0.21296296296296297,93,0.46236559139784944,-3.139929925815496,15.522466196607578,0,0.5,139,0.4892086330935252,1.3543290587264478,7.044526894165784,0.05068004959831499,-2.293075087385292,0.15827338129496402,125,0.488,-2.293075087385292,0.4432088599589845,22,0.6666666666666666,389,0.4524421593830334,1.1635066185662277,8.48263816451585,0.021806267775105012,-3.4445824738900255,0.3341902313624679,344,0.44476744186046513,-3.4445824738900264,0.4327930380686397,19,0.6470588235294118
SPXW,d80,0.0,1,score_desc,d80_zero,22,1,0,False,False,False,False,False,-19.805033408206416,-24.61004803017056,-24.61004803017056,61,0.47540983606557374,1.1723201968295323,1.6169232181232727,0.026506938002020863,-2.05375388134711,0.16393442622950818,61,0.47540983606557374,-2.05375388134711,1.5461463920975143,0,0.3333333333333333,103,0.4174757281553398,1.0518634818513626,0.9049182117063268,0.008785613705886668,-2.4015154137290606,0.11650485436893204,103,0.4174757281553398,-2.4015154137290606,2.762680613185985,0,0.6666666666666666,288,0.4479166666666667,1.3115705701382394,12.48816110794045,0.043361670513682116,-3.5131869830281195,0.4618055555555556,288,0.4479166666666667,-3.5131869830281195,0.2001896018470169,0,0.5882352941176471
SPXW,d80,0.0,1,score_desc,d80_zero,22,1,15,False,False,False,False,False,-19.805033408206416,-24.61004803017056,-24.61004803017056,61,0.47540983606557374,1.1723201968295323,1.6169232181232727,0.026506938002020863,-2.05375388134711,0.16393442622950818,61,0.47540983606557374,-2.05375388134711,1.5461463920975143,0,0.3333333333333333,103,0.4174757281553398,1.0518634818513626,0.9049182117063268,0.008785613705886668,-2.4015154137290606,0.11650485436893204,103,0.4174757281553398,-2.4015154137290606,2.762680613185985,0,0.6666666666666666,288,0.4479166666666667,1.3115705701382394,12.48816110794045,0.043361670513682116,-3.5131869830281195,0.4618055555555556,288,0.4479166666666667,-3.5131869830281195,0.2001896018470169,0,0.5882352941176471
SPXW,d80,0.0,1,score_desc,d80_zero,22,1,30,False,False,False,False,False,-19.805033408206416,-24.61004803017056,-24.61004803017056,61,0.47540983606557374,1.1723201968295323,1.6169232181232727,0.026506938002020863,-2.05375388134711,0.16393442622950818,61,0.47540983606557374,-2.05375388134711,1.5461463920975143,0,0.3333333333333333,103,0.4174757281553398,1.0518634818513626,0.9049182117063268,0.008785613705886668,-2.4015154137290606,0.11650485436893204,103,0.4174757281553398,-2.4015154137290606,2.762680613185985,0,0.6666666666666666,288,0.4479166666666667,1.3115705701382394,12.48816110794045,0.043361670513682116,-3.5131869830281195,0.4618055555555556,288,0.4479166666666667,-3.5131869830281195,0.2001896018470169,0,0.5882352941176471
SPXW,d80,-999999.0,1,score_desc,d80_zero,22,1,0,False,False,False,False,False,-19.805033408206416,-24.61004803017056,-24.61004803017056,61,0.47540983606557374,1.1723201968295323,1.6169232181232727,0.026506938002020863,-2.05375388134711,0.16393442622950818,61,0.47540983606557374,-2.05375388134711,1.5461463920975143,0,0.3333333333333333,103,0.4174757281553398,1.0518634818513626,0.9049182117063268,0.008785613705886668,-2.4015154137290606,0.11650485436893204,103,0.4174757281553398,-2.4015154137290606,2.762680613185985,0,0.6666666666666666,299,0.451505016722408,1.3069209842582774,12.476638613282217,0.041727888338736516,-3.513186983028123,0.47491638795986624,299,0.451505016722408,-3.513186983028123,0.2003744820611044,0,0.6470588235294118
SPXW,d80,-999999.0,1,score_desc,d80_zero,22,1,15,False,False,False,False,False,-19.805033408206416,-24.61004803017056,-24.61004803017056,61,0.47540983606557374,1.1723201968295323,1.6169232181232727,0.026506938002020863,-2.05375388134711,0.16393442622950818,61,0.47540983606557374,-2.05375388134711,1.5461463920975143,0,0.3333333333333333,103,0.4174757281553398,1.0518634818513626,0.9049182117063268,0.008785613705886668,-2.4015154137290606,0.11650485436893204,103,0.4174757281553398,-2.4015154137290606,2.762680613185985,0,0.6666666666666666,299,0.451505016722408,1.3069209842582774,12.476638613282217,0.041727888338736516,-3.513186983028123,0.47491638795986624,299,0.451505016722408,-3.513186983028123,0.2003744820611044,0,0.6470588235294118
SPXW,d80,-999999.0,1,score_desc,d80_zero,22,1,30,False,False,False,False,False,-19.805033408206416,-24.61004803017056,-24.61004803017056,61,0.47540983606557374,1.1723201968295323,1.6169232181232727,0.026506938002020863,-2.05375388134711,0.16393442622950818,61,0.47540983606557374,-2.05375388134711,1.5461463920975143,0,0.3333333333333333,103,0.4174757281553398,1.0518634818513626,0.9049182117063268,0.008785613705886668,-2.4015154137290606,0.11650485436893204,103,0.4174757281553398,-2.4015154137290606,2.762680613185985,0,0.6666666666666666,299,0.451505016722408,1.3069209842582774,12.476638613282217,0.041727888338736516,-3.513186983028123,0.47491638795986624,299,0.451505016722408,-3.513186983028123,0.2003744820611044,0,0.6470588235294118
SPXW,"d65ret,d80,d80_front",0.0,1,score_desc,d65win,22,1,0,False,False,False,False,False,-24.644775363022244,14.024099379789861,-24.644775363022244,103,0.4368932038834951,1.0149095813982631,0.2116640108815776,0.0020549903969085204,-3.952844625661772,0.17475728155339806,103,0.4368932038834951,-3.952844625661772,11.811171817011004,0,0.5,128,0.4453125,1.0248569369646923,0.4515950935393116,0.003528086668275872,-3.214046173727644,0.1796875,128,0.4453125,-3.214046173727644,5.535932599281825,20,0.5,349,0.45558739255014324,1.0499997405781059,2.1490202015994986,0.00615765100744842,-3.998878496435364,0.42120343839541546,349,0.45558739255014324,-3.998878496435364,1.1633208464672737,19,0.47058823529411764
SPXW,"d65ret,d80,d80_front",0.0,1,score_desc,d65win,22,1,15,False,False,False,False,False,-24.644775363022244,14.024099379789861,-24.644775363022244,103,0.4368932038834951,1.0149095813982631,0.2116640108815776,0.0020549903969085204,-3.952844625661772,0.17475728155339806,103,0.4368932038834951,-3.952844625661772,11.811171817011004,0,0.5,128,0.4453125,1.0248569369646923,0.4515950935393116,0.003528086668275872,-3.214046173727644,0.1796875,128,0.4453125,-3.214046173727644,5.535932599281825,20,0.5,349,0.45558739255014324,1.0499997405781059,2.1490202015994986,0.00615765100744842,-3.998878496435364,0.42120343839541546,349,0.45558739255014324,-3.998878496435364,1.1633208464672737,19,0.47058823529411764
SPXW,"d65ret,d80,d80_front",0.0,1,score_desc,d65win,22,1,30,False,False,False,False,False,-24.644775363022244,14.024099379789861,-24.644775363022244,103,0.4368932038834951,1.0149095813982631,0.2116640108815776,0.0020549903969085204,-3.952844625661772,0.17475728155339806,103,0.4368932038834951,-3.952844625661772,11.811171817011004,0,0.5,128,0.4453125,1.0248569369646923,0.4515950935393116,0.003528086668275872,-3.214046173727644,0.1796875,128,0.4453125,-3.214046173727644,5.535932599281825,20,0.5,349,0.45558739255014324,1.0499997405781059,2.1490202015994986,0.00615765100744842,-3.998878496435364,0.42120343839541546,349,0.45558739255014324,-3.998878496435364,1.1633208464672737,19,0.47058823529411764
SPXW,"d65ret,d80,d80_front",-999999.0,1,score_desc,d65win,22,1,0,False,False,False,False,False,-24.644775363022244,14.024099379789861,-24.644775363022244,103,0.4368932038834951,1.0149095813982631,0.2116640108815776,0.0020549903969085204,-3.952844625661772,0.17475728155339806,103,0.4368932038834951,-3.952844625661772,11.811171817011004,0,0.5,128,0.4453125,1.0248569369646923,0.4515950935393116,0.003528086668275872,-3.214046173727644,0.1796875,128,0.4453125,-3.214046173727644,5.535932599281825,20,0.5,351,0.452991452991453,1.0456385257592384,1.968978248487819,0.005609624639566436,-3.998878496435364,0.4188034188034188,351,0.452991452991453,-3.998878496435364,1.269694066920245,19,0.47058823529411764
SPXW,"d65ret,d80,d80_front",-999999.0,1,score_desc,d65win,22,1,15,False,False,False,False,False,-24.644775363022244,14.024099379789861,-24.644775363022244,103,0.4368932038834951,1.0149095813982631,0.2116640108815776,0.0020549903969085204,-3.952844625661772,0.17475728155339806,103,0.4368932038834951,-3.952844625661772,11.811171817011004,0,0.5,128,0.4453125,1.0248569369646923,0.4515950935393116,0.003528086668275872,-3.214046173727644,0.1796875,128,0.4453125,-3.214046173727644,5.535932599281825,20,0.5,351,0.452991452991453,1.0456385257592384,1.968978248487819,0.005609624639566436,-3.998878496435364,0.4188034188034188,351,0.452991452991453,-3.998878496435364,1.269694066920245,19,0.47058823529411764
SPXW,"d65ret,d80,d80_front",-999999.0,1,score_desc,d65win,22,1,30,False,False,False,False,False,-24.644775363022244,14.024099379789861,-24.644775363022244,103,0.4368932038834951,1.0149095813982631,0.2116640108815776,0.0020549903969085204,-3.952844625661772,0.17475728155339806,103,0.4368932038834951,-3.952844625661772,11.811171817011004,0,0.5,128,0.4453125,1.0248569369646923,0.4515950935393116,0.003528086668275872,-3.214046173727644,0.1796875,128,0.4453125,-3.214046173727644,5.535932599281825,20,0.5,351,0.452991452991453,1.0456385257592384,1.968978248487819,0.005609624639566436,-3.998878496435364,0.4188034188034188,351,0.452991452991453,-3.998878496435364,1.269694066920245,19,0.47058823529411764
SPXW,"d65ret,d80",-999999.0,1,score_desc,d65win,22,1,0,False,False,False,False,False,-24.698678356638435,13.88963252009907,-24.698678356638435,103,0.4368932038834951,1.0130096790205767,0.1891363518998444,0.001836275261163538,-3.5542164098565996,0.17475728155339806,103,0.4368932038834951,-3.5542164098565996,13.217977268187209,0,0.5,128,0.4453125,1.0203192814264435,0.3691560150577029,0.002884031367638304,-3.214046173727645,0.1796875,128,0.4453125,-3.214046173727645,6.772204428550959,20,0.5,348,0.4482758620689655,1.042491892016791,1.8312300563419144,0.005262155334315846,-3.8387168841044295,0.4281609195402299,348,0.4482758620689655,-3.8387168841044295,1.3652025813698296,19,0.47058823529411764
SPXW,"d65ret,d80",-999999.0,1,score_desc,d65win,22,1,15,False,False,False,False,False,-24.698678356638435,13.88963252009907,-24.698678356638435,103,0.4368932038834951,1.0130096790205767,0.1891363518998444,0.001836275261163538,-3.5542164098565996,0.17475728155339806,103,0.4368932038834951,-3.5542164098565996,13.217977268187209,0,0.5,128,0.4453125,1.0203192814264435,0.3691560150577029,0.002884031367638304,-3.214046173727645,0.1796875,128,0.4453125,-3.214046173727645,6.772204428550959,20,0.5,348,0.4482758620689655,1.042491892016791,1.8312300563419144,0.005262155334315846,-3.8387168841044295,0.4281609195402299,348,0.4482758620689655,-3.8387168841044295,1.3652025813698296,19,0.47058823529411764
SPXW,"d65ret,d80",-999999.0,1,score_desc,d65win,22,1,30,False,False,False,False,False,-24.698678356638435,13.88963252009907,-24.698678356638435,103,0.4368932038834951,1.0130096790205767,0.1891363518998444,0.001836275261163538,-3.5542164098565996,0.17475728155339806,103,0.4368932038834951,-3.5542164098565996,13.217977268187209,0,0.5,128,0.4453125,1.0203192814264435,0.3691560150577029,0.002884031367638304,-3.214046173727645,0.1796875,128,0.4453125,-3.214046173727645,6.772204428550959,20,0.5,348,0.4482758620689655,1.042491892016791,1.8312300563419144,0.005262155334315846,-3.8387168841044295,0.4281609195402299,348,0.4482758620689655,-3.8387168841044295,1.3652025813698296,19,0.47058823529411764
SPXW,"d65ret,d80",0.0,1,score_desc,d65win,22,1,0,False,False,False,False,False,-24.698678356638435,13.88963252009907,-24.698678356638435,103,0.4368932038834951,1.0130096790205767,0.1891363518998444,0.001836275261163538,-3.5542164098565996,0.17475728155339806,103,0.4368932038834951,-3.5542164098565996,13.217977268187209,0,0.5,128,0.4453125,1.0203192814264435,0.3691560150577029,0.002884031367638304,-3.214046173727645,0.1796875,128,0.4453125,-3.214046173727645,6.772204428550959,20,0.5,347,0.44668587896253603,1.029101830793646,1.2617448522841168,0.0036361523120579733,-3.8387168841044303,0.4265129682997118,347,0.44668587896253603,-3.8387168841044303,1.981383157992909,19,0.47058823529411764
SPXW,"d65ret,d80",0.0,1,score_desc,d65win,22,1,15,False,False,False,False,False,-24.698678356638435,13.88963252009907,-24.698678356638435,103,0.4368932038834951,1.0130096790205767,0.1891363518998444,0.001836275261163538,-3.5542164098565996,0.17475728155339806,103,0.4368932038834951,-3.5542164098565996,13.217977268187209,0,0.5,128,0.4453125,1.0203192814264435,0.3691560150577029,0.002884031367638304,-3.214046173727645,0.1796875,128,0.4453125,-3.214046173727645,6.772204428550959,20,0.5,347,0.44668587896253603,1.029101830793646,1.2617448522841168,0.0036361523120579733,-3.8387168841044303,0.4265129682997118,347,0.44668587896253603,-3.8387168841044303,1.981383157992909,19,0.47058823529411764
SPXW,"d65ret,d80",0.0,1,score_desc,d65win,22,1,30,False,False,False,False,False,-24.698678356638435,13.88963252009907,-24.698678356638435,103,0.4368932038834951,1.0130096790205767,0.1891363518998444,0.001836275261163538,-3.5542164098565996,0.17475728155339806,103,0.4368932038834951,-3.5542164098565996,13.217977268187209,0,0.5,128,0.4453125,1.0203192814264435,0.3691560150577029,0.002884031367638304,-3.214046173727645,0.1796875,128,0.4453125,-3.214046173727645,6.772204428550959,20,0.5,347,0.44668587896253603,1.029101830793646,1.2617448522841168,0.0036361523120579733,-3.8387168841044303,0.4265129682997118,347,0.44668587896253603,-3.8387168841044303,1.981383157992909,19,0.47058823529411764
SPXW,d80,-999999.0,1,score_desc,d65win,21,4,0,False,False,False,False,False,-24.756773236220162,22.394536530575298,-24.756773236220162,103,0.42718446601941745,1.0126076716826924,0.1839326166540513,0.001785753559748071,-3.417686383169685,0.24271844660194175,88,0.45454545454545453,-3.3150164747511197,15.373960408117465,0,0.5,136,0.49264705882352944,1.2588749250122855,4.882667891475457,0.03590196979026071,-2.2774802861251224,0.15441176470588236,124,0.4596774193548387,-2.2774802861251224,0.6278598751666392,21,0.8333333333333334,360,0.4361111111111111,1.147787462253792,6.877572862296017,0.019104369061933378,-3.190461119954401,0.425,310,0.44193548387096776,-3.190461119954401,0.5959366432464382,0,0.5294117647058824
SPXW,d80,-999999.0,1,score_desc,d65win,21,4,30,False,False,False,False,False,-24.756773236220162,22.30630123645765,-24.756773236220162,103,0.42718446601941745,1.0126076716826924,0.1839326166540513,0.001785753559748071,-3.417686383169685,0.24271844660194175,88,0.45454545454545453,-3.3150164747511197,15.373960408117465,0,0.5,136,0.49264705882352944,1.2588749250122855,4.882667891475457,0.03590196979026071,-2.2774802861251224,0.14705882352941177,124,0.4596774193548387,-2.2774802861251224,0.7211420029541514,21,0.8333333333333334,354,0.4350282485875706,1.1206673557286506,5.509770983231339,0.015564324811387963,-3.181040121699863,0.4350282485875706,311,0.4405144694533762,-3.181040121699862,0.7386395563888212,0,0.47058823529411764
SPXW,d80,0.0,1,score_desc,d65win,21,4,0,False,False,False,False,False,-24.756773236220162,22.394536530575298,-24.756773236220162,103,0.42718446601941745,1.0126076716826924,0.1839326166540513,0.001785753559748071,-3.417686383169685,0.24271844660194175,88,0.45454545454545453,-3.3150164747511197,15.373960408117465,0,0.5,136,0.49264705882352944,1.2588749250122855,4.882667891475457,0.03590196979026071,-2.2774802861251224,0.15441176470588236,124,0.4596774193548387,-2.2774802861251224,0.6278598751666392,21,0.8333333333333334,354,0.4322033898305085,1.1139505449090517,5.2725430564750475,0.014894189425070755,-4.209751975064736,0.4096045197740113,302,0.4370860927152318,-4.209751975064735,0.7780832529561013,0,0.5294117647058824
SPXW,d80,-999999.0,1,score_desc,d65win,21,4,15,False,False,False,False,False,-24.756773236220162,22.394536530575298,-24.756773236220162,103,0.42718446601941745,1.0126076716826924,0.1839326166540513,0.001785753559748071,-3.417686383169685,0.24271844660194175,88,0.45454545454545453,-3.3150164747511197,15.373960408117465,0,0.5,136,0.49264705882352944,1.2588749250122855,4.882667891475457,0.03590196979026071,-2.2774802861251224,0.15441176470588236,124,0.4596774193548387,-2.2774802861251224,0.6278598751666392,21,0.8333333333333334,357,0.43137254901960786,1.106207135401954,4.945091818878313,0.013851797811984071,-3.2987714107807657,0.4369747899159664,311,0.4405144694533762,-3.298771410780766,0.8932343125332265,0,0.47058823529411764
SPXW,d80,0.0,1,score_desc,d65win,21,4,30,False,False,False,False,False,-24.756773236220162,22.30630123645765,-24.756773236220162,103,0.42718446601941745,1.0126076716826924,0.1839326166540513,0.001785753559748071,-3.417686383169685,0.24271844660194175,88,0.45454545454545453,-3.3150164747511197,15.373960408117465,0,0.5,136,0.49264705882352944,1.2588749250122855,4.882667891475457,0.03590196979026071,-2.2774802861251224,0.14705882352941177,124,0.4596774193548387,-2.2774802861251224,0.7211420029541514,21,0.8333333333333334,349,0.4297994269340974,1.0853281296820625,3.8938872733385814,0.011157270124179317,-4.557330193450937,0.4154727793696275,305,0.4360655737704918,-4.557330193450937,1.045159890149733,0,0.47058823529411764
SPXW,d80,0.0,1,score_desc,d65win,21,4,15,False,False,False,False,False,-24.756773236220162,22.394536530575298,-24.756773236220162,103,0.42718446601941745,1.0126076716826924,0.1839326166540513,0.001785753559748071,-3.417686383169685,0.24271844660194175,88,0.45454545454545453,-3.3150164747511197,15.373960408117465,0,0.5,136,0.49264705882352944,1.2588749250122855,4.882667891475457,0.03590196979026071,-2.2774802861251224,0.15441176470588236,124,0.4596774193548387,-2.2774802861251224,0.6278598751666392,21,0.8333333333333334,352,0.4289772727272727,1.074517108207611,3.4662657164880555,0.00984734578547743,-3.831332528979005,0.41761363636363635,304,0.4375,-3.831332528979004,1.2743182584758066,0,0.47058823529411764
SPXW,"d50ret,d65ret,d80_zero",-999999.0,1,score_desc,d65win,21,1,0,False,False,False,False,False,-24.76663844818615,-8.826268620530916,-24.76663844818615,103,0.4174757281553398,1.038691931743274,0.5883129431232808,0.005711776146827968,-3.7745448323388695,0.1650485436893204,103,0.4174757281553398,-3.7745448323388695,4.249439059980236,0,0.5,128,0.4140625,0.9752824398831248,-0.49155171457680114,-0.003840247770131259,-4.167576442886868,0.234375,128,0.4140625,-4.167576442886868,-5.085934858659504,20,0.5,350,0.4542857142857143,1.1564205188601062,6.7701055736528915,0.019343158781865405,-4.20754326285319,0.4542857142857143,350,0.4542857142857143,-4.20754326285319,0.3692704600839917,19,0.4117647058823529
SPXW,"d50ret,d65ret,d80_zero",-999999.0,1,score_desc,d65win,21,1,15,False,False,False,False,False,-24.76663844818615,-8.826268620530916,-24.76663844818615,103,0.4174757281553398,1.038691931743274,0.5883129431232808,0.005711776146827968,-3.7745448323388695,0.1650485436893204,103,0.4174757281553398,-3.7745448323388695,4.249439059980236,0,0.5,128,0.4140625,0.9752824398831248,-0.49155171457680114,-0.003840247770131259,-4.167576442886868,0.234375,128,0.4140625,-4.167576442886868,-5.085934858659504,20,0.5,350,0.4542857142857143,1.1564205188601062,6.7701055736528915,0.019343158781865405,-4.20754326285319,0.4542857142857143,350,0.4542857142857143,-4.20754326285319,0.3692704600839917,19,0.4117647058823529
SPXW,"d50ret,d65ret,d80_zero",-999999.0,1,score_desc,d65win,21,1,30,False,False,False,False,False,-24.76663844818615,-8.826268620530916,-24.76663844818615,103,0.4174757281553398,1.038691931743274,0.5883129431232808,0.005711776146827968,-3.7745448323388695,0.1650485436893204,103,0.4174757281553398,-3.7745448323388695,4.249439059980236,0,0.5,128,0.4140625,0.9752824398831248,-0.49155171457680114,-0.003840247770131259,-4.167576442886868,0.234375,128,0.4140625,-4.167576442886868,-5.085934858659504,20,0.5,350,0.4542857142857143,1.1564205188601062,6.7701055736528915,0.019343158781865405,-4.20754326285319,0.4542857142857143,350,0.4542857142857143,-4.20754326285319,0.3692704600839917,19,0.4117647058823529
SPXW,"d50ret,d65ret,d80_zero",0.0,1,score_desc,d65win,21,1,0,False,False,False,False,False,-24.76663844818615,-8.826268620530916,-24.76663844818615,103,0.4174757281553398,1.038691931743274,0.5883129431232808,0.005711776146827968,-3.7745448323388695,0.1650485436893204,103,0.4174757281553398,-3.7745448323388695,4.249439059980236,0,0.5,128,0.4140625,0.9752824398831248,-0.49155171457680114,-0.003840247770131259,-4.167576442886868,0.234375,128,0.4140625,-4.167576442886868,-5.085934858659504,20,0.5,344,0.438953488372093,1.0839162442563417,3.651234415313371,0.010614053532887706,-4.5009333617526055,0.4273255813953488,344,0.438953488372093,-4.5009333617526055,0.6846999440832765,17,0.4117647058823529
SPXW,"d50ret,d65ret,d80_zero",0.0,1,score_desc,d65win,21,1,15,False,False,False,False,False,-24.76663844818615,-8.826268620530916,-24.76663844818615,103,0.4174757281553398,1.038691931743274,0.5883129431232808,0.005711776146827968,-3.7745448323388695,0.1650485436893204,103,0.4174757281553398,-3.7745448323388695,4.249439059980236,0,0.5,128,0.4140625,0.9752824398831248,-0.49155171457680114,-0.003840247770131259,-4.167576442886868,0.234375,128,0.4140625,-4.167576442886868,-5.085934858659504,20,0.5,344,0.438953488372093,1.0839162442563417,3.651234415313371,0.010614053532887706,-4.5009333617526055,0.4273255813953488,344,0.438953488372093,-4.5009333617526055,0.6846999440832765,17,0.4117647058823529
SPXW,"d50ret,d65ret,d80_zero",0.0,1,score_desc,d65win,21,1,30,False,False,False,False,False,-24.76663844818615,-8.826268620530916,-24.76663844818615,103,0.4174757281553398,1.038691931743274,0.5883129431232808,0.005711776146827968,-3.7745448323388695,0.1650485436893204,103,0.4174757281553398,-3.7745448323388695,4.249439059980236,0,0.5,128,0.4140625,0.9752824398831248,-0.49155171457680114,-0.003840247770131259,-4.167576442886868,0.234375,128,0.4140625,-4.167576442886868,-5.085934858659504,20,0.5,344,0.438953488372093,1.0839162442563417,3.651234415313371,0.010614053532887706,-4.5009333617526055,0.4273255813953488,344,0.438953488372093,-4.5009333617526055,0.6846999440832765,17,0.4117647058823529
SPXW,d80,-999999.0,1,score_desc,d65win,21,1,0,False,False,False,False,False,-24.774531007376737,19.796871428540296,-24.774531007376737,90,0.4444444444444444,1.006786868212643,0.07838542880603899,0.0008709492089559888,-2.6528174751875886,0.18888888888888888,90,0.4444444444444444,-2.6528174751875886,31.893682768338625,0,0.3333333333333333,126,0.49206349206349204,1.1872095055419598,2.9804547555800527,0.02365440282206391,-2.0225518545563643,0.15079365079365079,126,0.49206349206349204,-2.0225518545563643,0.8387981717620313,18,0.8333333333333334,326,0.4570552147239264,1.085636604301726,3.1307593668532867,0.009603556340040757,-4.276417259892371,0.46932515337423314,326,0.4570552147239264,-4.276417259892371,0.798528314398286,0,0.5294117647058824
SPXW,d80,-999999.0,1,score_desc,d65win,21,1,15,False,False,False,False,False,-24.774531007376737,19.796871428540296,-24.774531007376737,90,0.4444444444444444,1.006786868212643,0.07838542880603899,0.0008709492089559888,-2.6528174751875886,0.18888888888888888,90,0.4444444444444444,-2.6528174751875886,31.893682768338625,0,0.3333333333333333,126,0.49206349206349204,1.1872095055419598,2.9804547555800527,0.02365440282206391,-2.0225518545563643,0.15079365079365079,126,0.49206349206349204,-2.0225518545563643,0.8387981717620313,18,0.8333333333333334,326,0.4570552147239264,1.085636604301726,3.1307593668532867,0.009603556340040757,-4.276417259892371,0.46932515337423314,326,0.4570552147239264,-4.276417259892371,0.798528314398286,0,0.5294117647058824
SPXW,d80,-999999.0,1,score_desc,d65win,21,1,30,False,False,False,False,False,-24.774531007376737,19.796871428540296,-24.774531007376737,90,0.4444444444444444,1.006786868212643,0.07838542880603899,0.0008709492089559888,-2.6528174751875886,0.18888888888888888,90,0.4444444444444444,-2.6528174751875886,31.893682768338625,0,0.3333333333333333,126,0.49206349206349204,1.1872095055419598,2.9804547555800527,0.02365440282206391,-2.0225518545563643,0.15079365079365079,126,0.49206349206349204,-2.0225518545563643,0.8387981717620313,18,0.8333333333333334,326,0.4570552147239264,1.085636604301726,3.1307593668532867,0.009603556340040757,-4.276417259892371,0.46932515337423314,326,0.4570552147239264,-4.276417259892371,0.798528314398286,0,0.5294117647058824
SPXW,d80,0.0,1,score_desc,d65win,21,1,0,False,False,False,False,False,-24.774531007376737,19.796871428540296,-24.774531007376737,90,0.4444444444444444,1.006786868212643,0.07838542880603899,0.0008709492089559888,-2.6528174751875886,0.18888888888888888,90,0.4444444444444444,-2.6528174751875886,31.893682768338625,0,0.3333333333333333,126,0.49206349206349204,1.1872095055419598,2.9804547555800527,0.02365440282206391,-2.0225518545563643,0.15079365079365079,126,0.49206349206349204,-2.0225518545563643,0.8387981717620313,18,0.8333333333333334,325,0.4492307692307692,1.0337552432354788,1.2563841848024726,0.003865797491699916,-4.276417259892372,0.4461538461538462,325,0.4492307692307692,-4.276417259892372,1.9898372092235843,0,0.47058823529411764
SPXW,d80,0.0,1,score_desc,d65win,21,1,15,False,False,False,False,False,-24.774531007376737,19.796871428540296,-24.774531007376737,90,0.4444444444444444,1.006786868212643,0.07838542880603899,0.0008709492089559888,-2.6528174751875886,0.18888888888888888,90,0.4444444444444444,-2.6528174751875886,31.893682768338625,0,0.3333333333333333,126,0.49206349206349204,1.1872095055419598,2.9804547555800527,0.02365440282206391,-2.0225518545563643,0.15079365079365079,126,0.49206349206349204,-2.0225518545563643,0.8387981717620313,18,0.8333333333333334,325,0.4492307692307692,1.0337552432354788,1.2563841848024726,0.003865797491699916,-4.276417259892372,0.4461538461538462,325,0.4492307692307692,-4.276417259892372,1.9898372092235843,0,0.47058823529411764
SPXW,d80,0.0,1,score_desc,d65win,21,1,30,False,False,False,False,False,-24.774531007376737,19.796871428540296,-24.774531007376737,90,0.4444444444444444,1.006786868212643,0.07838542880603899,0.0008709492089559888,-2.6528174751875886,0.18888888888888888,90,0.4444444444444444,-2.6528174751875886,31.893682768338625,0,0.3333333333333333,126,0.49206349206349204,1.1872095055419598,2.9804547555800527,0.02365440282206391,-2.0225518545563643,0.15079365079365079,126,0.49206349206349204,-2.0225518545563643,0.8387981717620313,18,0.8333333333333334,325,0.4492307692307692,1.0337552432354788,1.2563841848024726,0.003865797491699916,-4.276417259892372,0.4461538461538462,325,0.4492307692307692,-4.276417259892372,1.9898372092235843,0,0.47058823529411764
SPXW,"d65ret,d80,d80_front",0.0,1,score_desc,d65ret,21,1,0,False,False,False,False,False,-24.815934841838278,-10.464211201177418,-24.815934841838278,102,0.4215686274509804,1.0287735777642149,0.4640744069508967,0.004549749087753889,-2.2899608088951298,0.21568627450980393,102,0.4215686274509804,-2.2899608088951298,5.387067165426606,0,0.3333333333333333,128,0.390625,0.9658171237378586,-0.74517201530145,-0.0058216563695425785,-3.8128948721726186,0.1796875,128,0.390625,-3.8128948721726186,-3.3549300680442973,20,0.5,348,0.4281609195402299,0.978327419016489,-1.0925596409312106,-0.0031395391980781912,-6.615484942024436,0.40229885057471265,348,0.4281609195402299,-6.615484942024436,-2.288204603520957,19,0.5294117647058824
SPXW,"d65ret,d80,d80_front",0.0,1,score_desc,d65ret,21,1,15,False,False,False,False,False,-24.815934841838278,-10.464211201177418,-24.815934841838278,102,0.4215686274509804,1.0287735777642149,0.4640744069508967,0.004549749087753889,-2.2899608088951298,0.21568627450980393,102,0.4215686274509804,-2.2899608088951298,5.387067165426606,0,0.3333333333333333,128,0.390625,0.9658171237378586,-0.74517201530145,-0.0058216563695425785,-3.8128948721726186,0.1796875,128,0.390625,-3.8128948721726186,-3.3549300680442973,20,0.5,348,0.4281609195402299,0.978327419016489,-1.0925596409312106,-0.0031395391980781912,-6.615484942024436,0.40229885057471265,348,0.4281609195402299,-6.615484942024436,-2.288204603520957,19,0.5294117647058824
SPXW,"d65ret,d80,d80_front",0.0,1,score_desc,d65ret,21,1,30,False,False,False,False,False,-24.815934841838278,-10.464211201177418,-24.815934841838278,102,0.4215686274509804,1.0287735777642149,0.4640744069508967,0.004549749087753889,-2.2899608088951298,0.21568627450980393,102,0.4215686274509804,-2.2899608088951298,5.387067165426606,0,0.3333333333333333,128,0.390625,0.9658171237378586,-0.74517201530145,-0.0058216563695425785,-3.8128948721726186,0.1796875,128,0.390625,-3.8128948721726186,-3.3549300680442973,20,0.5,348,0.4281609195402299,0.978327419016489,-1.0925596409312106,-0.0031395391980781912,-6.615484942024436,0.40229885057471265,348,0.4281609195402299,-6.615484942024436,-2.288204603520957,19,0.5294117647058824
SPXW,"d65ret,d80,d80_front",-999999.0,1,score_desc,d65ret,21,1,0,False,False,False,False,False,-24.815934841838278,-10.464211201177418,-24.815934841838278,102,0.4215686274509804,1.0287735777642149,0.4640744069508967,0.004549749087753889,-2.2899608088951298,0.21568627450980393,102,0.4215686274509804,-2.2899608088951298,5.387067165426606,0,0.3333333333333333,128,0.390625,0.9658171237378586,-0.74517201530145,-0.0058216563695425785,-3.8128948721726186,0.1796875,128,0.390625,-3.8128948721726186,-3.3549300680442973,20,0.5,350,0.4257142857142857,0.9751883992322159,-1.2548303171054926,-0.003585229477444265,-6.777755618198717,0.4,350,0.4257142857142857,-6.777755618198717,-1.9923012425829258,19,0.5294117647058824
SPXW,"d65ret,d80,d80_front",-999999.0,1,score_desc,d65ret,21,1,15,False,False,False,False,False,-24.815934841838278,-10.464211201177418,-24.815934841838278,102,0.4215686274509804,1.0287735777642149,0.4640744069508967,0.004549749087753889,-2.2899608088951298,0.21568627450980393,102,0.4215686274509804,-2.2899608088951298,5.387067165426606,0,0.3333333333333333,128,0.390625,0.9658171237378586,-0.74517201530145,-0.0058216563695425785,-3.8128948721726186,0.1796875,128,0.390625,-3.8128948721726186,-3.3549300680442973,20,0.5,350,0.4257142857142857,0.9751883992322159,-1.2548303171054926,-0.003585229477444265,-6.777755618198717,0.4,350,0.4257142857142857,-6.777755618198717,-1.9923012425829258,19,0.5294117647058824
SPXW,"d65ret,d80,d80_front",-999999.0,1,score_desc,d65ret,21,1,30,False,False,False,False,False,-24.815934841838278,-10.464211201177418,-24.815934841838278,102,0.4215686274509804,1.0287735777642149,0.4640744069508967,0.004549749087753889,-2.2899608088951298,0.21568627450980393,102,0.4215686274509804,-2.2899608088951298,5.387067165426606,0,0.3333333333333333,128,0.390625,0.9658171237378586,-0.74517201530145,-0.0058216563695425785,-3.8128948721726186,0.1796875,128,0.390625,-3.8128948721726186,-3.3549300680442973,20,0.5,350,0.4257142857142857,0.9751883992322159,-1.2548303171054926,-0.003585229477444265,-6.777755618198717,0.4,350,0.4257142857142857,-6.777755618198717,-1.9923012425829258,19,0.5294117647058824
SPXW,"d65ret,d80_front,d80_zero",0.0,1,score_desc,d65win,21,1,0,False,False,False,False,False,-24.912865704258817,-15.386199280951647,-24.912865704258817,103,0.42718446601941745,1.021641879851013,0.3261105932198892,0.0031661222642707693,-4.457903057029166,0.1650485436893204,103,0.42718446601941745,-4.457903057029166,7.666110981909456,0,0.5,128,0.40625,0.856342160601083,-2.868968436038724,-0.02241381590655253,-4.828164538923956,0.21875,128,0.40625,-4.828164538923956,-0.871393344240423,20,0.3333333333333333,346,0.45664739884393063,1.0462626008103866,1.9544550325483323,0.005648713966902695,-5.27180425349465,0.43352601156069365,346,0.45664739884393063,-5.27180425349465,1.2791289430385893,19,0.47058823529411764
SPXW,"d65ret,d80_front,d80_zero",0.0,1,score_desc,d65win,21,1,15,False,False,False,False,False,-24.912865704258817,-15.386199280951647,-24.912865704258817,103,0.42718446601941745,1.021641879851013,0.3261105932198892,0.0031661222642707693,-4.457903057029166,0.1650485436893204,103,0.42718446601941745,-4.457903057029166,7.666110981909456,0,0.5,128,0.40625,0.856342160601083,-2.868968436038724,-0.02241381590655253,-4.828164538923956,0.21875,128,0.40625,-4.828164538923956,-0.871393344240423,20,0.3333333333333333,346,0.45664739884393063,1.0462626008103866,1.9544550325483323,0.005648713966902695,-5.27180425349465,0.43352601156069365,346,0.45664739884393063,-5.27180425349465,1.2791289430385893,19,0.47058823529411764
SPXW,"d65ret,d80_front,d80_zero",0.0,1,score_desc,d65win,21,1,30,False,False,False,False,False,-24.912865704258817,-15.386199280951647,-24.912865704258817,103,0.42718446601941745,1.021641879851013,0.3261105932198892,0.0031661222642707693,-4.457903057029166,0.1650485436893204,103,0.42718446601941745,-4.457903057029166,7.666110981909456,0,0.5,128,0.40625,0.856342160601083,-2.868968436038724,-0.02241381590655253,-4.828164538923956,0.21875,128,0.40625,-4.828164538923956,-0.871393344240423,20,0.3333333333333333,346,0.45664739884393063,1.0462626008103866,1.9544550325483323,0.005648713966902695,-5.27180425349465,0.43352601156069365,346,0.45664739884393063,-5.27180425349465,1.2791289430385893,19,0.47058823529411764
SPXW,"d65ret,d80_front,d80_zero",-999999.0,1,score_desc,d65win,21,1,0,False,False,False,False,False,-24.912865704258817,-15.386199280951647,-24.912865704258817,103,0.42718446601941745,1.021641879851013,0.3261105932198892,0.0031661222642707693,-4.457903057029166,0.1650485436893204,103,0.42718446601941745,-4.457903057029166,7.666110981909456,0,0.5,128,0.40625,0.856342160601083,-2.868968436038724,-0.02241381590655253,-4.828164538923956,0.21875,128,0.40625,-4.828164538923956,-0.871393344240423,20,0.3333333333333333,349,0.44412607449856734,0.9894620433435121,-0.45995689433654374,-0.001317928064001558,-6.240260268145251,0.4383954154727794,349,0.44412607449856734,-6.240260268145251,-5.435291938837178,19,0.4117647058823529
SPXW,"d65ret,d80_front,d80_zero",-999999.0,1,score_desc,d65win,21,1,15,False,False,False,False,False,-24.912865704258817,-15.386199280951647,-24.912865704258817,103,0.42718446601941745,1.021641879851013,0.3261105932198892,0.0031661222642707693,-4.457903057029166,0.1650485436893204,103,0.42718446601941745,-4.457903057029166,7.666110981909456,0,0.5,128,0.40625,0.856342160601083,-2.868968436038724,-0.02241381590655253,-4.828164538923956,0.21875,128,0.40625,-4.828164538923956,-0.871393344240423,20,0.3333333333333333,349,0.44412607449856734,0.9894620433435121,-0.45995689433654374,-0.001317928064001558,-6.240260268145251,0.4383954154727794,349,0.44412607449856734,-6.240260268145251,-5.435291938837178,19,0.4117647058823529
SPXW,"d65ret,d80_front,d80_zero",-999999.0,1,score_desc,d65win,21,1,30,False,False,False,False,False,-24.912865704258817,-15.386199280951647,-24.912865704258817,103,0.42718446601941745,1.021641879851013,0.3261105932198892,0.0031661222642707693,-4.457903057029166,0.1650485436893204,103,0.42718446601941745,-4.457903057029166,7.666110981909456,0,0.5,128,0.40625,0.856342160601083,-2.868968436038724,-0.02241381590655253,-4.828164538923956,0.21875,128,0.40625,-4.828164538923956,-0.871393344240423,20,0.3333333333333333,349,0.44412607449856734,0.9894620433435121,-0.45995689433654374,-0.001317928064001558,-6.240260268145251,0.4383954154727794,349,0.44412607449856734,-6.240260268145251,-5.435291938837178,19,0.4117647058823529
SPXW,"d50ret,d65ret,d80",-999999.0,1,score_desc,d65win,21,1,0,False,False,False,False,False,-25.12173844680614,15.19556128087109,-25.12173844680614,103,0.42718446601941745,1.0023951880822006,0.03624399489488567,0.00035188344558141426,-4.574544832338868,0.1941747572815534,103,0.42718446601941745,-4.574544832338868,68.9769438289147,0,0.5,128,0.453125,1.0484541427007537,0.8975178532574681,0.00701185822857397,-4.3797830761420995,0.21875,128,0.453125,-4.3797830761420995,2.785459911383883,20,0.5,350,0.4542857142857143,1.0766617598353894,3.391088130208531,0.009688823229167231,-4.029597309685429,0.42,350,0.4542857142857143,-4.029597309685429,0.7372264901432288,19,0.5294117647058824
SPXW,"d50ret,d65ret,d80",-999999.0,1,score_desc,d65win,21,1,15,False,False,False,False,False,-25.12173844680614,15.19556128087109,-25.12173844680614,103,0.42718446601941745,1.0023951880822006,0.03624399489488567,0.00035188344558141426,-4.574544832338868,0.1941747572815534,103,0.42718446601941745,-4.574544832338868,68.9769438289147,0,0.5,128,0.453125,1.0484541427007537,0.8975178532574681,0.00701185822857397,-4.3797830761420995,0.21875,128,0.453125,-4.3797830761420995,2.785459911383883,20,0.5,350,0.4542857142857143,1.0766617598353894,3.391088130208531,0.009688823229167231,-4.029597309685429,0.42,350,0.4542857142857143,-4.029597309685429,0.7372264901432288,19,0.5294117647058824
SPXW,"d50ret,d65ret,d80",-999999.0,1,score_desc,d65win,21,1,30,False,False,False,False,False,-25.12173844680614,15.19556128087109,-25.12173844680614,103,0.42718446601941745,1.0023951880822006,0.03624399489488567,0.00035188344558141426,-4.574544832338868,0.1941747572815534,103,0.42718446601941745,-4.574544832338868,68.9769438289147,0,0.5,128,0.453125,1.0484541427007537,0.8975178532574681,0.00701185822857397,-4.3797830761420995,0.21875,128,0.453125,-4.3797830761420995,2.785459911383883,20,0.5,350,0.4542857142857143,1.0766617598353894,3.391088130208531,0.009688823229167231,-4.029597309685429,0.42,350,0.4542857142857143,-4.029597309685429,0.7372264901432288,19,0.5294117647058824
SPXW,"d50ret,d65ret,d80",0.0,1,score_desc,d65win,21,1,0,False,False,False,False,False,-25.12173844680614,15.19556128087109,-25.12173844680614,103,0.42718446601941745,1.0023951880822006,0.03624399489488567,0.00035188344558141426,-4.574544832338868,0.1941747572815534,103,0.42718446601941745,-4.574544832338868,68.9769438289147,0,0.5,128,0.453125,1.0484541427007537,0.8975178532574681,0.00701185822857397,-4.3797830761420995,0.21875,128,0.453125,-4.3797830761420995,2.785459911383883,20,0.5,347,0.4438040345821326,1.0428273150869853,1.9109214664559138,0.005506978289498311,-4.293472312517049,0.41786743515850144,347,0.4438040345821326,-4.293472312517049,1.3082693579431182,19,0.5294117647058824
SPXW,"d50ret,d65ret,d80",0.0,1,score_desc,d65win,21,1,15,False,False,False,False,False,-25.12173844680614,15.19556128087109,-25.12173844680614,103,0.42718446601941745,1.0023951880822006,0.03624399489488567,0.00035188344558141426,-4.574544832338868,0.1941747572815534,103,0.42718446601941745,-4.574544832338868,68.9769438289147,0,0.5,128,0.453125,1.0484541427007537,0.8975178532574681,0.00701185822857397,-4.3797830761420995,0.21875,128,0.453125,-4.3797830761420995,2.785459911383883,20,0.5,347,0.4438040345821326,1.0428273150869853,1.9109214664559138,0.005506978289498311,-4.293472312517049,0.41786743515850144,347,0.4438040345821326,-4.293472312517049,1.3082693579431182,19,0.5294117647058824
SPXW,"d50ret,d65ret,d80",0.0,1,score_desc,d65win,21,1,30,False,False,False,False,False,-25.12173844680614,15.19556128087109,-25.12173844680614,103,0.42718446601941745,1.0023951880822006,0.03624399489488567,0.00035188344558141426,-4.574544832338868,0.1941747572815534,103,0.42718446601941745,-4.574544832338868,68.9769438289147,0,0.5,128,0.453125,1.0484541427007537,0.8975178532574681,0.00701185822857397,-4.3797830761420995,0.21875,128,0.453125,-4.3797830761420995,2.785459911383883,20,0.5,347,0.4438040345821326,1.0428273150869853,1.9109214664559138,0.005506978289498311,-4.293472312517049,0.41786743515850144,347,0.4438040345821326,-4.293472312517049,1.3082693579431182,19,0.5294117647058824
SPXW,"d50ret,d65ret,d80_front",-999999.0,1,score_desc,d65win,22,1,0,False,False,False,False,False,-25.25816392796176,15.486917347554416,-25.25816392796176,103,0.4174757281553398,1.0258839383889413,0.3782489521531037,0.003672319923816541,-3.5383286326186414,0.1553398058252427,103,0.4174757281553398,-3.5383286326186414,6.609403636862094,0,0.5,128,0.4375,1.0760533023868024,1.2976574274877588,0.010137948652248116,-3.7437907871268,0.234375,128,0.4375,-3.7437907871268,1.9265485227792012,20,0.5,350,0.44571428571428573,1.0535573914206384,2.3441397897397453,0.006697542256399272,-3.1305424929898678,0.4257142857142857,350,0.44571428571428573,-3.1305424929898678,1.0664892985232586,19,0.4117647058823529
SPXW,"d50ret,d65ret,d80_front",-999999.0,1,score_desc,d65win,22,1,15,False,False,False,False,False,-25.25816392796176,15.486917347554416,-25.25816392796176,103,0.4174757281553398,1.0258839383889413,0.3782489521531037,0.003672319923816541,-3.5383286326186414,0.1553398058252427,103,0.4174757281553398,-3.5383286326186414,6.609403636862094,0,0.5,128,0.4375,1.0760533023868024,1.2976574274877588,0.010137948652248116,-3.7437907871268,0.234375,128,0.4375,-3.7437907871268,1.9265485227792012,20,0.5,350,0.44571428571428573,1.0535573914206384,2.3441397897397453,0.006697542256399272,-3.1305424929898678,0.4257142857142857,350,0.44571428571428573,-3.1305424929898678,1.0664892985232586,19,0.4117647058823529
SPXW,"d50ret,d65ret,d80_front",-999999.0,1,score_desc,d65win,22,1,30,False,False,False,False,False,-25.25816392796176,15.486917347554416,-25.25816392796176,103,0.4174757281553398,1.0258839383889413,0.3782489521531037,0.003672319923816541,-3.5383286326186414,0.1553398058252427,103,0.4174757281553398,-3.5383286326186414,6.609403636862094,0,0.5,128,0.4375,1.0760533023868024,1.2976574274877588,0.010137948652248116,-3.7437907871268,0.234375,128,0.4375,-3.7437907871268,1.9265485227792012,20,0.5,350,0.44571428571428573,1.0535573914206384,2.3441397897397453,0.006697542256399272,-3.1305424929898678,0.4257142857142857,350,0.44571428571428573,-3.1305424929898678,1.0664892985232586,19,0.4117647058823529
SPXW,"d50ret,d65ret,d80_front",0.0,1,score_desc,d65win,22,1,0,False,False,False,False,False,-25.25816392796176,15.486917347554416,-25.25816392796176,103,0.4174757281553398,1.0258839383889413,0.3782489521531037,0.003672319923816541,-3.5383286326186414,0.1553398058252427,103,0.4174757281553398,-3.5383286326186414,6.609403636862094,0,0.5,128,0.4375,1.0760533023868024,1.2976574274877588,0.010137948652248116,-3.7437907871268,0.234375,128,0.4375,-3.7437907871268,1.9265485227792012,20,0.5,347,0.44668587896253603,1.0531916195983404,2.308430385681895,0.006652537134529957,-3.3152177898387096,0.42939481268011526,347,0.44668587896253603,-3.3152177898387096,1.082986957504251,19,0.4117647058823529
SPXW,"d50ret,d65ret,d80_front",0.0,1,score_desc,d65win,22,1,15,False,False,False,False,False,-25.25816392796176,15.486917347554416,-25.25816392796176,103,0.4174757281553398,1.0258839383889413,0.3782489521531037,0.003672319923816541,-3.5383286326186414,0.1553398058252427,103,0.4174757281553398,-3.5383286326186414,6.609403636862094,0,0.5,128,0.4375,1.0760533023868024,1.2976574274877588,0.010137948652248116,-3.7437907871268,0.234375,128,0.4375,-3.7437907871268,1.9265485227792012,20,0.5,347,0.44668587896253603,1.0531916195983404,2.308430385681895,0.006652537134529957,-3.3152177898387096,0.42939481268011526,347,0.44668587896253603,-3.3152177898387096,1.082986957504251,19,0.4117647058823529
SPXW,"d50ret,d65ret,d80_front",0.0,1,score_desc,d65win,22,1,30,False,False,False,False,False,-25.25816392796176,15.486917347554416,-25.25816392796176,103,0.4174757281553398,1.0258839383889413,0.3782489521531037,0.003672319923816541,-3.5383286326186414,0.1553398058252427,103,0.4174757281553398,-3.5383286326186414,6.609403636862094,0,0.5,128,0.4375,1.0760533023868024,1.2976574274877588,0.010137948652248116,-3.7437907871268,0.234375,128,0.4375,-3.7437907871268,1.9265485227792012,20,0.5,347,0.44668587896253603,1.0531916195983404,2.308430385681895,0.006652537134529957,-3.3152177898387096,0.42939481268011526,347,0.44668587896253603,-3.3152177898387096,1.082986957504251,19,0.4117647058823529
SPXW,d80,-999999.0,1,score_desc,d65ret,22,2,0,False,False,False,False,False,-25.28875308402394,21.587443018999785,-25.28875308402394,111,0.42342342342342343,1.0069224634395975,0.12928730570559227,0.0011647505018521826,-4.129512423735747,0.18018018018018017,101,0.44554455445544555,-4.129512423735747,23.204134262272248,0,0.5,133,0.45112781954887216,1.255534711375539,5.309181312920719,0.03991865648812571,-2.2774802861251224,0.15789473684210525,125,0.464,-2.2774802861251224,0.6592353498047251,20,0.8333333333333334,380,0.4421052631578947,1.190190494592441,9.845849804050014,0.02591013106328951,-3.1858701757513943,0.4236842105263158,333,0.45045045045045046,-3.1858701757513943,0.5078281813666596,19,0.7058823529411765
SPXW,d80,-999999.0,1,score_desc,d65ret,22,2,30,False,False,False,False,False,-25.28875308402394,21.587443018999785,-25.28875308402394,111,0.42342342342342343,1.0069224634395975,0.12928730570559227,0.0011647505018521826,-4.129512423735747,0.18018018018018017,101,0.44554455445544555,-4.129512423735747,23.204134262272248,0,0.5,133,0.45112781954887216,1.255534711375539,5.309181312920719,0.03991865648812571,-2.2774802861251224,0.15789473684210525,125,0.464,-2.2774802861251224,0.6592353498047251,20,0.8333333333333334,376,0.43882978723404253,1.182700673738507,9.43806130754994,0.025101226881781756,-3.836017374777109,0.43617021276595747,335,0.4507462686567164,-3.836017374777109,0.5297698157565759,19,0.7058823529411765
SPXW,d80,-999999.0,1,score_desc,d65ret,22,2,15,False,False,False,False,False,-25.28875308402394,21.587443018999785,-25.28875308402394,111,0.42342342342342343,1.0069224634395975,0.12928730570559227,0.0011647505018521826,-4.129512423735747,0.18018018018018017,101,0.44554455445544555,-4.129512423735747,23.204134262272248,0,0.5,133,0.45112781954887216,1.255534711375539,5.309181312920719,0.03991865648812571,-2.2774802861251224,0.15789473684210525,125,0.464,-2.2774802861251224,0.6592353498047251,20,0.8333333333333334,377,0.4350132625994695,1.1633792251605792,8.49023476270892,0.022520516611959997,-3.836017374777109,0.4350132625994695,334,0.45209580838323354,-3.836017374777109,0.5889118663668949,19,0.7058823529411765
SPXW,d80,0.0,1,score_desc,d65ret,22,2,0,False,False,False,False,False,-25.28875308402394,21.587443018999785,-25.28875308402394,111,0.42342342342342343,1.0069224634395975,0.12928730570559227,0.0011647505018521826,-4.129512423735747,0.18018018018018017,101,0.44554455445544555,-4.129512423735747,23.204134262272248,0,0.5,133,0.45112781954887216,1.255534711375539,5.309181312920719,0.03991865648812571,-2.2774802861251224,0.15789473684210525,125,0.464,-2.2774802861251224,0.6592353498047251,20,0.8333333333333334,374,0.42780748663101603,1.1335798475430705,7.059775321784915,0.018876404603702983,-5.21588547652534,0.4197860962566845,324,0.4444444444444444,-5.215885476525341,0.65923593800492,17,0.6470588235294118
SPXW,d80,0.0,1,score_desc,d65ret,22,2,30,False,False,False,False,False,-25.28875308402394,21.587443018999785,-25.28875308402394,111,0.42342342342342343,1.0069224634395975,0.12928730570559227,0.0011647505018521826,-4.129512423735747,0.18018018018018017,101,0.44554455445544555,-4.129512423735747,23.204134262272248,0,0.5,133,0.45112781954887216,1.255534711375539,5.309181312920719,0.03991865648812571,-2.2774802861251224,0.15789473684210525,125,0.464,-2.2774802861251224,0.6592353498047251,20,0.8333333333333334,372,0.4274193548387097,1.130921803039502,6.904926425973193,0.018561630177347292,-6.305384506402722,0.43010752688172044,327,0.4434250764525994,-6.305384506402724,0.724120677259105,17,0.6470588235294118
SPXW,d80,0.0,1,score_desc,d65ret,22,2,15,False,False,False,False,False,-25.28875308402394,21.587443018999785,-25.28875308402394,111,0.42342342342342343,1.0069224634395975,0.12928730570559227,0.0011647505018521826,-4.129512423735747,0.18018018018018017,101,0.44554455445544555,-4.129512423735747,23.204134262272248,0,0.5,133,0.45112781954887216,1.255534711375539,5.309181312920719,0.03991865648812571,-2.2774802861251224,0.15789473684210525,125,0.464,-2.2774802861251224,0.6592353498047251,20,0.8333333333333334,373,0.42359249329758714,1.1122949884525306,5.957099881132172,0.015970777161212257,-6.305384506402722,0.4289544235924933,326,0.4447852760736196,-6.305384506402723,0.7812623087119267,17,0.6470588235294118
SPXW,d80,-999999.0,1,score_desc,d65ret,22,3,30,False,False,False,False,False,-25.35060219495547,21.587443018999785,-25.35060219495547,111,0.42342342342342343,1.0048412141973897,0.09060415253494125,0.0008162536264409121,-4.129512423735747,0.18018018018018017,101,0.44554455445544555,-4.129512423735747,33.11106517819984,0,0.5,133,0.45112781954887216,1.255534711375539,5.309181312920719,0.03991865648812571,-2.2774802861251224,0.15789473684210525,125,0.464,-2.2774802861251224,0.6592353498047251,20,0.8333333333333334,376,0.44148936170212766,1.2058276688301546,10.571021231386066,0.02811441816857996,-3.8360173747771085,0.43617021276595747,334,0.45209580838323354,-3.8360173747771085,0.5140273338596215,19,0.7058823529411765
SPXW,d80,-999999.0,1,score_desc,d65ret,22,4,30,False,False,False,False,False,-25.35060219495547,21.587443018999785,-25.35060219495547,111,0.42342342342342343,1.0048412141973897,0.09060415253494125,0.0008162536264409121,-4.129512423735747,0.18018018018018017,101,0.44554455445544555,-4.129512423735747,33.11106517819984,0,0.5,133,0.45112781954887216,1.255534711375539,5.309181312920719,0.03991865648812571,-2.2774802861251224,0.15789473684210525,125,0.464,-2.2774802861251224,0.6592353498047251,20,0.8333333333333334,376,0.44148936170212766,1.2058276688301546,10.571021231386066,0.02811441816857996,-3.8360173747771085,0.43617021276595747,334,0.45209580838323354,-3.8360173747771085,0.5140273338596215,19,0.7058823529411765
SPXW,d80,-999999.0,1,score_desc,d65ret,22,3,0,False,False,False,False,False,-25.35060219495547,21.587443018999785,-25.35060219495547,111,0.42342342342342343,1.0048412141973897,0.09060415253494125,0.0008162536264409121,-4.129512423735747,0.18018018018018017,101,0.44554455445544555,-4.129512423735747,33.11106517819984,0,0.5,133,0.45112781954887216,1.255534711375539,5.309181312920719,0.03991865648812571,-2.2774802861251224,0.15789473684210525,125,0.464,-2.2774802861251224,0.6592353498047251,20,0.8333333333333334,380,0.44473684210526315,1.2036806680532726,10.483109746440185,0.027587130911684698,-3.1858701757513943,0.4236842105263158,332,0.45180722891566266,-3.1858701757513943,0.5183379732896548,19,0.7058823529411765
SPXW,d80,-999999.0,1,score_desc,d65ret,22,4,0,False,False,False,False,False,-25.35060219495547,21.587443018999785,-25.35060219495547,111,0.42342342342342343,1.0048412141973897,0.09060415253494125,0.0008162536264409121,-4.129512423735747,0.18018018018018017,101,0.44554455445544555,-4.129512423735747,33.11106517819984,0,0.5,133,0.45112781954887216,1.255534711375539,5.309181312920719,0.03991865648812571,-2.2774802861251224,0.15789473684210525,125,0.464,-2.2774802861251224,0.6592353498047251,20,0.8333333333333334,380,0.44473684210526315,1.2036806680532726,10.483109746440185,0.027587130911684698,-3.1858701757513943,0.4236842105263158,332,0.45180722891566266,-3.1858701757513943,0.5183379732896548,19,0.7058823529411765
SPXW,d80,-999999.0,1,score_desc,d65ret,22,3,15,False,False,False,False,False,-25.35060219495547,21.587443018999785,-25.35060219495547,111,0.42342342342342343,1.0048412141973897,0.09060415253494125,0.0008162536264409121,-4.129512423735747,0.18018018018018017,101,0.44554455445544555,-4.129512423735747,33.11106517819984,0,0.5,133,0.45112781954887216,1.255534711375539,5.309181312920719,0.03991865648812571,-2.2774802861251224,0.15789473684210525,125,0.464,-2.2774802861251224,0.6592353498047251,20,0.8333333333333334,377,0.4376657824933687,1.186256240934632,9.623194686545043,0.025525715348925844,-3.8360173747771085,0.4350132625994695,333,0.45345345345345345,-3.8360173747771085,0.5646559211090527,19,0.7058823529411765
SPXW,d80,-999999.0,1,score_desc,d65ret,22,4,15,False,False,False,False,False,-25.35060219495547,21.587443018999785,-25.35060219495547,111,0.42342342342342343,1.0048412141973897,0.09060415253494125,0.0008162536264409121,-4.129512423735747,0.18018018018018017,101,0.44554455445544555,-4.129512423735747,33.11106517819984,0,0.5,133,0.45112781954887216,1.255534711375539,5.309181312920719,0.03991865648812571,-2.2774802861251224,0.15789473684210525,125,0.464,-2.2774802861251224,0.6592353498047251,20,0.8333333333333334,377,0.4376657824933687,1.186256240934632,9.623194686545043,0.025525715348925844,-3.8360173747771085,0.4350132625994695,333,0.45345345345345345,-3.8360173747771085,0.5646559211090527,19,0.7058823529411765
SPXW,d80,0.0,1,score_desc,d65ret,22,3,30,False,False,False,False,False,-25.35060219495547,21.587443018999785,-25.35060219495547,111,0.42342342342342343,1.0048412141973897,0.09060415253494125,0.0008162536264409121,-4.129512423735747,0.18018018018018017,101,0.44554455445544555,-4.129512423735747,33.11106517819984,0,0.5,133,0.45112781954887216,1.255534711375539,5.309181312920719,0.03991865648812571,-2.2774802861251224,0.15789473684210525,125,0.464,-2.2774802861251224,0.6592353498047251,20,0.8333333333333334,372,0.43010752688172044,1.153275304036893,8.037886349809318,0.021607221370455156,-6.305384506402721,0.43010752688172044,326,0.4447852760736196,-6.3053845064027225,0.6760227282725562,17,0.6470588235294118
SPXW,d80,0.0,1,score_desc,d65ret,22,4,30,False,False,False,False,False,-25.35060219495547,21.587443018999785,-25.35060219495547,111,0.42342342342342343,1.0048412141973897,0.09060415253494125,0.0008162536264409121,-4.129512423735747,0.18018018018018017,101,0.44554455445544555,-4.129512423735747,33.11106517819984,0,0.5,133,0.45112781954887216,1.255534711375539,5.309181312920719,0.03991865648812571,-2.2774802861251224,0.15789473684210525,125,0.464,-2.2774802861251224,0.6592353498047251,20,0.8333333333333334,372,0.43010752688172044,1.153275304036893,8.037886349809318,0.021607221370455156,-6.305384506402721,0.43010752688172044,326,0.4447852760736196,-6.3053845064027225,0.6760227282725562,17,0.6470588235294118
SPXW,d80,0.0,1,score_desc,d65ret,22,3,0,False,False,False,False,False,-25.35060219495547,21.587443018999785,-25.35060219495547,111,0.42342342342342343,1.0048412141973897,0.09060415253494125,0.0008162536264409121,-4.129512423735747,0.18018018018018017,101,0.44554455445544555,-4.129512423735747,33.11106517819984,0,0.5,133,0.45112781954887216,1.255534711375539,5.309181312920719,0.03991865648812571,-2.2774802861251224,0.15789473684210525,125,0.464,-2.2774802861251224,0.6592353498047251,20,0.8333333333333334,374,0.4304812834224599,1.1464690224400667,7.697035264175085,0.02058030819298151,-5.215885476525339,0.4197860962566845,323,0.4458204334365325,-5.21588547652534,0.6610144414674158,17,0.6470588235294118
SPXW,d80,0.0,1,score_desc,d65ret,22,4,0,False,False,False,False,False,-25.35060219495547,21.587443018999785,-25.35060219495547,111,0.42342342342342343,1.0048412141973897,0.09060415253494125,0.0008162536264409121,-4.129512423735747,0.18018018018018017,101,0.44554455445544555,-4.129512423735747,33.11106517819984,0,0.5,133,0.45112781954887216,1.255534711375539,5.309181312920719,0.03991865648812571,-2.2774802861251224,0.15789473684210525,125,0.464,-2.2774802861251224,0.6592353498047251,20,0.8333333333333334,374,0.4304812834224599,1.1464690224400667,7.697035264175085,0.02058030819298151,-5.215885476525339,0.4197860962566845,323,0.4458204334365325,-5.21588547652534,0.6610144414674158,17,0.6470588235294118
SPXW,d80,0.0,1,score_desc,d65ret,22,3,15,False,False,False,False,False,-25.35060219495547,21.587443018999785,-25.35060219495547,111,0.42342342342342343,1.0048412141973897,0.09060415253494125,0.0008162536264409121,-4.129512423735747,0.18018018018018017,101,0.44554455445544555,-4.129512423735747,33.11106517819984,0,0.5,133,0.45112781954887216,1.255534711375539,5.309181312920719,0.03991865648812571,-2.2774802861251224,0.15789473684210525,125,0.464,-2.2774802861251224,0.6592353498047251,20,0.8333333333333334,373,0.4262734584450402,1.13441210347083,7.090059804968297,0.019008203230478006,-6.305384506402721,0.4289544235924933,325,0.4461538461538462,-6.3053845064027225,0.7663960543654582,17,0.6470588235294118
SPXW,d80,0.0,1,score_desc,d65ret,22,4,15,False,False,False,False,False,-25.35060219495547,21.587443018999785,-25.35060219495547,111,0.42342342342342343,1.0048412141973897,0.09060415253494125,0.0008162536264409121,-4.129512423735747,0.18018018018018017,101,0.44554455445544555,-4.129512423735747,33.11106517819984,0,0.5,133,0.45112781954887216,1.255534711375539,5.309181312920719,0.03991865648812571,-2.2774802861251224,0.15789473684210525,125,0.464,-2.2774802861251224,0.6592353498047251,20,0.8333333333333334,373,0.4262734584450402,1.13441210347083,7.090059804968297,0.019008203230478006,-6.305384506402721,0.4289544235924933,325,0.4461538461538462,-6.3053845064027225,0.7663960543654582,17,0.6470588235294118
SPXW,d80,-999999.0,1,score_desc,d65win,22,4,0,False,False,False,False,False,-25.47840433571076,23.79479691420921,-25.47840433571076,106,0.42452830188679247,1.0024764326985605,0.037614397677372347,0.0003548528082770976,-2.9640046021463644,0.2358490566037736,89,0.4606741573033708,-2.8613346937277995,75.17793559942959,0,0.3333333333333333,139,0.49640287769784175,1.3040569683106693,5.737365311041336,0.04127600943195206,-2.2774802861251215,0.1510791366906475,125,0.464,-2.2774802861251215,0.542688892037052,22,0.8333333333333334,368,0.4320652173913043,1.133533362972035,6.3534677968934545,0.017264858143732215,-3.190461119954401,0.4266304347826087,311,0.4405144694533762,-3.190461119954401,0.6450961610671115,0,0.5294117647058824
SPXW,d80,-999999.0,1,score_desc,d65win,22,4,15,False,False,False,False,False,-25.47840433571076,23.79479691420921,-25.47840433571076,106,0.42452830188679247,1.0024764326985605,0.037614397677372347,0.0003548528082770976,-2.9640046021463644,0.2358490566037736,89,0.4606741573033708,-2.8613346937277995,75.17793559942959,0,0.3333333333333333,139,0.49640287769784175,1.3040569683106693,5.737365311041336,0.04127600943195206,-2.2774802861251215,0.1510791366906475,125,0.464,-2.2774802861251215,0.542688892037052,22,0.8333333333333334,364,0.43131868131868134,1.1060024605534147,5.0343321059423065,0.01383058270863271,-3.4635616069229704,0.43956043956043955,312,0.4423076923076923,-3.463561606922971,0.8781362672226439,0,0.47058823529411764
SPXW,d80,0.0,1,score_desc,d65win,22,4,0,False,False,False,False,False,-25.47840433571076,23.79479691420921,-25.47840433571076,106,0.42452830188679247,1.0024764326985605,0.037614397677372347,0.0003548528082770976,-2.9640046021463644,0.2358490566037736,89,0.4606741573033708,-2.8613346937277995,75.17793559942959,0,0.3333333333333333,139,0.49640287769784175,1.3040569683106693,5.737365311041336,0.04127600943195206,-2.2774802861251215,0.1510791366906475,125,0.464,-2.2774802861251215,0.542688892037052,22,0.8333333333333334,364,0.42857142857142855,1.1054506157828954,5.013930981393438,0.013774535663168785,-4.527651691042768,0.40934065934065933,304,0.4342105263157895,-4.527651691042767,0.8223804152591493,0,0.5294117647058824
SPXW,d80,0.0,1,score_desc,d65win,22,4,15,False,False,False,False,False,-25.47840433571076,23.79479691420921,-25.47840433571076,106,0.42452830188679247,1.0024764326985605,0.037614397677372347,0.0003548528082770976,-2.9640046021463644,0.2358490566037736,89,0.4606741573033708,-2.8613346937277995,75.17793559942959,0,0.3333333333333333,139,0.49640287769784175,1.3040569683106693,5.737365311041336,0.04127600943195206,-2.2774802861251215,0.1510791366906475,125,0.464,-2.2774802861251215,0.542688892037052,22,0.8333333333333334,361,0.4265927977839335,1.0677804956666255,3.237606287574015,0.008968438469734113,-4.149232244957037,0.4182825484764543,306,0.43790849673202614,-4.1492322449570365,1.3654623851079437,0,0.47058823529411764
SPXW,d80,0.0,1,score_desc,d80_zero,21,1,0,False,False,False,False,False,-19.805033408206416,-26.64764682010116,-26.64764682010116,61,0.47540983606557374,1.1723201968295323,1.6169232181232727,0.026506938002020863,-2.05375388134711,0.16393442622950818,61,0.47540983606557374,-2.05375388134711,1.5461463920975143,0,0.3333333333333333,103,0.4077669902912621,1.0059115244094214,0.10491821170632715,0.0010186234146245354,-2.7566598400335836,0.11650485436893204,103,0.4077669902912621,-2.7566598400335836,23.828084365349856,0,0.5,288,0.4409722222222222,1.2850483307269547,11.57137712591588,0.04017839279831903,-4.4299709650526875,0.4583333333333333,288,0.4409722222222222,-4.4299709650526875,0.21605034325610778,0,0.5294117647058824
SPXW,d80,0.0,1,score_desc,d80_zero,21,1,15,False,False,False,False,False,-19.805033408206416,-26.64764682010116,-26.64764682010116,61,0.47540983606557374,1.1723201968295323,1.6169232181232727,0.026506938002020863,-2.05375388134711,0.16393442622950818,61,0.47540983606557374,-2.05375388134711,1.5461463920975143,0,0.3333333333333333,103,0.4077669902912621,1.0059115244094214,0.10491821170632715,0.0010186234146245354,-2.7566598400335836,0.11650485436893204,103,0.4077669902912621,-2.7566598400335836,23.828084365349856,0,0.5,288,0.4409722222222222,1.2850483307269547,11.57137712591588,0.04017839279831903,-4.4299709650526875,0.4583333333333333,288,0.4409722222222222,-4.4299709650526875,0.21605034325610778,0,0.5294117647058824
SPXW,d80,0.0,1,score_desc,d80_zero,21,1,30,False,False,False,False,False,-19.805033408206416,-26.64764682010116,-26.64764682010116,61,0.47540983606557374,1.1723201968295323,1.6169232181232727,0.026506938002020863,-2.05375388134711,0.16393442622950818,61,0.47540983606557374,-2.05375388134711,1.5461463920975143,0,0.3333333333333333,103,0.4077669902912621,1.0059115244094214,0.10491821170632715,0.0010186234146245354,-2.7566598400335836,0.11650485436893204,103,0.4077669902912621,-2.7566598400335836,23.828084365349856,0,0.5,288,0.4409722222222222,1.2850483307269547,11.57137712591588,0.04017839279831903,-4.4299709650526875,0.4583333333333333,288,0.4409722222222222,-4.4299709650526875,0.21605034325610778,0,0.5294117647058824
SPXW,d80,-999999.0,1,score_desc,d80_zero,21,1,0,False,False,False,False,False,-19.805033408206416,-26.64764682010116,-26.64764682010116,61,0.47540983606557374,1.1723201968295323,1.6169232181232727,0.026506938002020863,-2.05375388134711,0.16393442622950818,61,0.47540983606557374,-2.05375388134711,1.5461463920975143,0,0.3333333333333333,103,0.4077669902912621,1.0059115244094214,0.10491821170632715,0.0010186234146245354,-2.7566598400335836,0.11650485436893204,103,0.4077669902912621,-2.7566598400335836,23.828084365349856,0,0.5,299,0.44481605351170567,1.2808237340769937,11.559854631257648,0.038661721174774746,-4.429970965052692,0.47157190635451507,299,0.44481605351170567,-4.429970965052692,0.21626569535226187,0,0.5882352941176471
SPXW,d80,-999999.0,1,score_desc,d80_zero,21,1,15,False,False,False,False,False,-19.805033408206416,-26.64764682010116,-26.64764682010116,61,0.47540983606557374,1.1723201968295323,1.6169232181232727,0.026506938002020863,-2.05375388134711,0.16393442622950818,61,0.47540983606557374,-2.05375388134711,1.5461463920975143,0,0.3333333333333333,103,0.4077669902912621,1.0059115244094214,0.10491821170632715,0.0010186234146245354,-2.7566598400335836,0.11650485436893204,103,0.4077669902912621,-2.7566598400335836,23.828084365349856,0,0.5,299,0.44481605351170567,1.2808237340769937,11.559854631257648,0.038661721174774746,-4.429970965052692,0.47157190635451507,299,0.44481605351170567,-4.429970965052692,0.21626569535226187,0,0.5882352941176471
SPXW,d80,-999999.0,1,score_desc,d80_zero,21,1,30,False,False,False,False,False,-19.805033408206416,-26.64764682010116,-26.64764682010116,61,0.47540983606557374,1.1723201968295323,1.6169232181232727,0.026506938002020863,-2.05375388134711,0.16393442622950818,61,0.47540983606557374,-2.05375388134711,1.5461463920975143,0,0.3333333333333333,103,0.4077669902912621,1.0059115244094214,0.10491821170632715,0.0010186234146245354,-2.7566598400335836,0.11650485436893204,103,0.4077669902912621,-2.7566598400335836,23.828084365349856,0,0.5,299,0.44481605351170567,1.2808237340769937,11.559854631257648,0.038661721174774746,-4.429970965052692,0.47157190635451507,299,0.44481605351170567,-4.429970965052692,0.21626569535226187,0,0.5882352941176471
SPXW,"d65ret,d80_zero",-999999.0,1,score_desc,d65ret,21,2,0,False,False,False,False,False,-16.961117310674606,-26.9047711886101,-26.9047711886101,90,0.4222222222222222,1.2893458637396695,4.079451160469942,0.04532723511633269,-2.4897598032876815,0.2111111111111111,82,0.4268292682926829,-2.4897598032876815,0.8579585494036922,0,0.5,121,0.3884297520661157,0.9379050660452004,-1.283700539026782,-0.010609095363857702,-3.0889658142118055,0.256198347107438,117,0.39316239316239315,-3.0889658142118055,-1.947494703005529,11,0.3333333333333333,363,0.42699724517906334,1.0504713278566566,2.7556423494632094,0.00759130123819066,-3.9184533950882687,0.4573002754820937,334,0.4161676646706587,-3.6141533765342233,1.8144589775861097,13,0.5294117647058824
SPXW,"d65ret,d80_zero",-999999.0,1,score_desc,d65ret,21,3,0,False,False,False,False,False,-16.961117310674606,-26.9047711886101,-26.9047711886101,90,0.4222222222222222,1.2893458637396695,4.079451160469941,0.04532723511633268,-2.4897598032876815,0.2111111111111111,82,0.4146341463414634,-2.4897598032876815,0.8579585494036923,0,0.5,121,0.3884297520661157,0.9379050660452004,-1.283700539026782,-0.010609095363857702,-3.0889658142118055,0.256198347107438,117,0.39316239316239315,-3.0889658142118055,-1.947494703005529,11,0.3333333333333333,363,0.42699724517906334,1.0504713278566566,2.7556423494632094,0.00759130123819066,-3.9184533950882687,0.45454545454545453,334,0.4161676646706587,-3.6141533765342233,1.7055914389309432,13,0.5294117647058824
SPXW,"d65ret,d80_zero",-999999.0,1,score_desc,d65ret,21,4,0,False,False,False,False,False,-16.961117310674606,-26.9047711886101,-26.9047711886101,90,0.4222222222222222,1.2893458637396695,4.079451160469941,0.04532723511633268,-2.4897598032876815,0.2111111111111111,82,0.4146341463414634,-2.4897598032876815,0.8579585494036923,0,0.5,121,0.3884297520661157,0.9379050660452004,-1.283700539026782,-0.010609095363857702,-3.0889658142118055,0.256198347107438,117,0.39316239316239315,-3.0889658142118055,-1.947494703005529,11,0.3333333333333333,363,0.42699724517906334,1.0504713278566566,2.7556423494632094,0.00759130123819066,-3.9184533950882687,0.45454545454545453,334,0.4161676646706587,-3.6141533765342233,1.7055914389309432,13,0.5294117647058824
SPXW,"d65ret,d80_zero",-999999.0,1,score_desc,d65ret,22,2,0,False,False,False,False,False,-17.22407978466748,-26.9047711886101,-26.9047711886101,94,0.425531914893617,1.2750159245045964,4.031786210213996,0.04289134266185102,-2.6999999999999984,0.20212765957446807,82,0.4268292682926829,-2.699999999999999,0.9921160972936834,0,0.5,121,0.3884297520661157,0.9379050660452004,-1.283700539026782,-0.010609095363857702,-3.0889658142118055,0.256198347107438,117,0.39316239316239315,-3.0889658142118055,-1.947494703005529,11,0.3333333333333333,368,0.421195652173913,1.03405216351742,1.8887069799259046,0.005132355923711697,-3.918932049217747,0.4592391304347826,334,0.4161676646706587,-3.6146320306637016,2.6473137724074878,13,0.5294117647058824
SPXW,"d65ret,d80_zero",-999999.0,1,score_desc,d65ret,22,3,0,False,False,False,False,False,-17.319058639289732,-26.9047711886101,-26.9047711886101,94,0.425531914893617,1.2716604543512071,3.993103057043345,0.04247981975578027,-2.6999999999999984,0.20212765957446807,82,0.4146341463414634,-2.699999999999999,1.0017272138630355,0,0.5,121,0.3884297520661157,0.9379050660452004,-1.283700539026782,-0.010609095363857702,-3.0889658142118055,0.256198347107438,117,0.39316239316239315,-3.0889658142118055,-1.947494703005529,11,0.3333333333333333,368,0.421195652173913,1.03405216351742,1.8887069799259046,0.005132355923711697,-3.918932049217747,0.45652173913043476,334,0.4161676646706587,-3.6146320306637016,2.4884749460630387,13,0.5294117647058824
SPXW,"d65ret,d80_zero",-999999.0,1,score_desc,d65ret,22,4,0,False,False,False,False,False,-17.319058639289732,-26.9047711886101,-26.9047711886101,94,0.425531914893617,1.2716604543512071,3.993103057043345,0.04247981975578027,-2.6999999999999984,0.20212765957446807,82,0.4146341463414634,-2.699999999999999,1.0017272138630355,0,0.5,121,0.3884297520661157,0.9379050660452004,-1.283700539026782,-0.010609095363857702,-3.0889658142118055,0.256198347107438,117,0.39316239316239315,-3.0889658142118055,-1.947494703005529,11,0.3333333333333333,368,0.421195652173913,1.03405216351742,1.8887069799259046,0.005132355923711697,-3.918932049217747,0.45652173913043476,334,0.4161676646706587,-3.6146320306637016,2.4884749460630387,13,0.5294117647058824
SPXW,"d65ret,d80_zero",0.0,1,score_desc,d65ret,21,3,0,False,False,False,False,False,-16.961117310674606,-26.9047711886101,-26.9047711886101,90,0.4222222222222222,1.2893458637396695,4.079451160469941,0.04532723511633268,-2.4897598032876815,0.2111111111111111,82,0.4146341463414634,-2.4897598032876815,0.8579585494036923,0,0.5,121,0.3884297520661157,0.9379050660452004,-1.283700539026782,-0.010609095363857702,-3.0889658142118055,0.256198347107438,117,0.39316239316239315,-3.0889658142118055,-1.947494703005529,11,0.3333333333333333,337,0.4065281899109792,0.9699888700686046,-1.5800265100141284,-0.004688505964433615,-5.023877311809439,0.4421364985163205,297,0.39730639730639733,-5.019577293255395,-3.164503866428982,3,0.4117647058823529
SPXW,"d65ret,d80_zero",0.0,1,score_desc,d65ret,21,4,0,False,False,False,False,False,-16.961117310674606,-26.9047711886101,-26.9047711886101,90,0.4222222222222222,1.2893458637396695,4.079451160469941,0.04532723511633268,-2.4897598032876815,0.2111111111111111,82,0.4146341463414634,-2.4897598032876815,0.8579585494036923,0,0.5,121,0.3884297520661157,0.9379050660452004,-1.283700539026782,-0.010609095363857702,-3.0889658142118055,0.256198347107438,117,0.39316239316239315,-3.0889658142118055,-1.947494703005529,11,0.3333333333333333,337,0.4065281899109792,0.9699888700686046,-1.5800265100141284,-0.004688505964433615,-5.023877311809439,0.4421364985163205,297,0.39730639730639733,-5.019577293255395,-3.164503866428982,3,0.4117647058823529
SPXW,"d65ret,d80_zero",0.0,1,score_desc,d65ret,21,2,0,False,False,False,False,False,-16.961117310674606,-26.9047711886101,-26.9047711886101,90,0.4222222222222222,1.2893458637396695,4.079451160469942,0.04532723511633269,-2.4897598032876815,0.2111111111111111,82,0.4268292682926829,-2.4897598032876815,0.8579585494036922,0,0.5,121,0.3884297520661157,0.9379050660452004,-1.283700539026782,-0.010609095363857702,-3.0889658142118055,0.256198347107438,117,0.39316239316239315,-3.0889658142118055,-1.947494703005529,11,0.3333333333333333,337,0.4035608308605341,0.9550497526038042,-2.380026510014129,-0.007062393204789701,-5.823877311809438,0.44510385756676557,297,0.39730639730639733,-5.819577293255394,-2.1008169358459448,3,0.4117647058823529
SPXW,"d65ret,d80_zero",0.0,1,score_desc,d65ret,22,3,0,False,False,False,False,False,-17.319058639289732,-26.9047711886101,-26.9047711886101,94,0.425531914893617,1.2716604543512071,3.993103057043345,0.04247981975578027,-2.6999999999999984,0.20212765957446807,82,0.4146341463414634,-2.699999999999999,1.0017272138630355,0,0.5,121,0.3884297520661157,0.9379050660452004,-1.283700539026782,-0.010609095363857702,-3.0889658142118055,0.256198347107438,117,0.39316239316239315,-3.0889658142118055,-1.947494703005529,11,0.3333333333333333,346,0.40173410404624277,0.9531062191139308,-2.537654767823606,-0.007334262334750306,-5.074262994346823,0.44508670520231214,299,0.4013377926421405,-5.069962975792776,-1.9703231753183668,3,0.47058823529411764
SPXW,"d65ret,d80_zero",0.0,1,score_desc,d65ret,22,4,0,False,False,False,False,False,-17.319058639289732,-26.9047711886101,-26.9047711886101,94,0.425531914893617,1.2716604543512071,3.993103057043345,0.04247981975578027,-2.6999999999999984,0.20212765957446807,82,0.4146341463414634,-2.699999999999999,1.0017272138630355,0,0.5,121,0.3884297520661157,0.9379050660452004,-1.283700539026782,-0.010609095363857702,-3.0889658142118055,0.256198347107438,117,0.39316239316239315,-3.0889658142118055,-1.947494703005529,11,0.3333333333333333,346,0.40173410404624277,0.9531062191139308,-2.537654767823606,-0.007334262334750306,-5.074262994346823,0.44508670520231214,299,0.4013377926421405,-5.069962975792776,-1.9703231753183668,3,0.47058823529411764
SPXW,"d65ret,d80_zero",0.0,1,score_desc,d65ret,22,2,0,False,False,False,False,False,-17.22407978466748,-26.9047711886101,-26.9047711886101,94,0.425531914893617,1.2750159245045964,4.031786210213996,0.04289134266185102,-2.6999999999999984,0.20212765957446807,82,0.4268292682926829,-2.699999999999999,0.9921160972936834,0,0.5,121,0.3884297520661157,0.9379050660452004,-1.283700539026782,-0.010609095363857702,-3.0889658142118055,0.256198347107438,117,0.39316239316239315,-3.0889658142118055,-1.947494703005529,11,0.3333333333333333,346,0.3988439306358382,0.9386629123297422,-3.337654767823606,-0.009646401063074007,-5.874262994346822,0.4479768786127168,299,0.4013377926421405,-5.869962975792776,-1.498057872312649,3,0.47058823529411764
SPXW,"d65ret,d80_zero",-999999.0,1,score_desc,d65ret,21,2,15,False,False,False,False,False,-16.961117310674606,-26.955172844711356,-26.955172844711356,90,0.4222222222222222,1.2893458637396695,4.079451160469942,0.04532723511633269,-2.4897598032876815,0.2111111111111111,82,0.4268292682926829,-2.4897598032876815,0.8579585494036922,0,0.5,121,0.3884297520661157,0.9369130603877945,-1.3042084632007014,-0.010778582340501665,-3.109473738385724,0.256198347107438,117,0.39316239316239315,-3.109473738385724,-1.9168714745683115,11,0.3333333333333333,363,0.42699724517906334,1.0504713278566566,2.7556423494632094,0.00759130123819066,-3.9184533950882687,0.4573002754820937,334,0.4161676646706587,-3.6141533765342233,1.8144589775861097,13,0.5294117647058824
SPXW,"d65ret,d80_zero",-999999.0,1,score_desc,d65ret,21,2,30,False,False,False,False,False,-16.961117310674606,-26.955172844711356,-26.955172844711356,90,0.4222222222222222,1.2893458637396695,4.079451160469942,0.04532723511633269,-2.4897598032876815,0.2111111111111111,82,0.4268292682926829,-2.4897598032876815,0.8579585494036922,0,0.5,121,0.3884297520661157,0.9369130603877945,-1.3042084632007014,-0.010778582340501665,-3.109473738385724,0.256198347107438,117,0.39316239316239315,-3.109473738385724,-1.9168714745683115,11,0.3333333333333333,363,0.42699724517906334,1.0504713278566566,2.7556423494632094,0.00759130123819066,-3.9184533950882687,0.4573002754820937,334,0.4161676646706587,-3.6141533765342233,1.8144589775861097,13,0.5294117647058824
SPXW,"d65ret,d80_zero",-999999.0,1,score_desc,d65ret,21,3,15,False,False,False,False,False,-16.961117310674606,-26.955172844711356,-26.955172844711356,90,0.4222222222222222,1.2893458637396695,4.079451160469941,0.04532723511633268,-2.4897598032876815,0.2111111111111111,82,0.4146341463414634,-2.4897598032876815,0.8579585494036923,0,0.5,121,0.3884297520661157,0.9369130603877945,-1.3042084632007014,-0.010778582340501665,-3.109473738385724,0.256198347107438,117,0.39316239316239315,-3.109473738385724,-1.9168714745683115,11,0.3333333333333333,363,0.42699724517906334,1.0504713278566566,2.7556423494632094,0.00759130123819066,-3.9184533950882687,0.45454545454545453,334,0.4161676646706587,-3.6141533765342233,1.7055914389309432,13,0.5294117647058824
SPXW,"d65ret,d80_zero",-999999.0,1,score_desc,d65ret,21,3,30,False,False,False,False,False,-16.961117310674606,-26.955172844711356,-26.955172844711356,90,0.4222222222222222,1.2893458637396695,4.079451160469941,0.04532723511633268,-2.4897598032876815,0.2111111111111111,82,0.4146341463414634,-2.4897598032876815,0.8579585494036923,0,0.5,121,0.3884297520661157,0.9369130603877945,-1.3042084632007014,-0.010778582340501665,-3.109473738385724,0.256198347107438,117,0.39316239316239315,-3.109473738385724,-1.9168714745683115,11,0.3333333333333333,363,0.42699724517906334,1.0504713278566566,2.7556423494632094,0.00759130123819066,-3.9184533950882687,0.45454545454545453,334,0.4161676646706587,-3.6141533765342233,1.7055914389309432,13,0.5294117647058824
SPXW,"d65ret,d80_zero",-999999.0,1,score_desc,d65ret,21,4,15,False,False,False,False,False,-16.961117310674606,-26.955172844711356,-26.955172844711356,90,0.4222222222222222,1.2893458637396695,4.079451160469941,0.04532723511633268,-2.4897598032876815,0.2111111111111111,82,0.4146341463414634,-2.4897598032876815,0.8579585494036923,0,0.5,121,0.3884297520661157,0.9369130603877945,-1.3042084632007014,-0.010778582340501665,-3.109473738385724,0.256198347107438,117,0.39316239316239315,-3.109473738385724,-1.9168714745683115,11,0.3333333333333333,363,0.42699724517906334,1.0504713278566566,2.7556423494632094,0.00759130123819066,-3.9184533950882687,0.45454545454545453,334,0.4161676646706587,-3.6141533765342233,1.7055914389309432,13,0.5294117647058824
SPXW,"d65ret,d80_zero",-999999.0,1,score_desc,d65ret,21,4,30,False,False,False,False,False,-16.961117310674606,-26.955172844711356,-26.955172844711356,90,0.4222222222222222,1.2893458637396695,4.079451160469941,0.04532723511633268,-2.4897598032876815,0.2111111111111111,82,0.4146341463414634,-2.4897598032876815,0.8579585494036923,0,0.5,121,0.3884297520661157,0.9369130603877945,-1.3042084632007014,-0.010778582340501665,-3.109473738385724,0.256198347107438,117,0.39316239316239315,-3.109473738385724,-1.9168714745683115,11,0.3333333333333333,363,0.42699724517906334,1.0504713278566566,2.7556423494632094,0.00759130123819066,-3.9184533950882687,0.45454545454545453,334,0.4161676646706587,-3.6141533765342233,1.7055914389309432,13,0.5294117647058824
SPXW,"d65ret,d80_zero",-999999.0,1,score_desc,d65ret,22,2,30,False,False,False,False,False,-17.22407978466748,-26.955172844711356,-26.955172844711356,94,0.425531914893617,1.2750159245045964,4.031786210213996,0.04289134266185102,-2.6999999999999984,0.20212765957446807,82,0.4268292682926829,-2.699999999999999,0.9921160972936834,0,0.5,121,0.3884297520661157,0.9369130603877945,-1.3042084632007014,-0.010778582340501665,-3.109473738385724,0.256198347107438,117,0.39316239316239315,-3.109473738385724,-1.9168714745683115,11,0.3333333333333333,367,0.4250681198910082,1.0457771384865144,2.521623678396,0.006870909205438693,-3.918932049217747,0.45776566757493187,334,0.4161676646706587,-3.6146320306637016,1.9828494008989042,13,0.5294117647058824
SPXW,"d65ret,d80_zero",-999999.0,1,score_desc,d65ret,22,3,30,False,False,False,False,False,-17.319058639289732,-26.955172844711356,-26.955172844711356,94,0.425531914893617,1.2716604543512071,3.993103057043345,0.04247981975578027,-2.6999999999999984,0.20212765957446807,82,0.4146341463414634,-2.699999999999999,1.0017272138630355,0,0.5,121,0.3884297520661157,0.9369130603877945,-1.3042084632007014,-0.010778582340501665,-3.109473738385724,0.256198347107438,117,0.39316239316239315,-3.109473738385724,-1.9168714745683115,11,0.3333333333333333,367,0.4250681198910082,1.0457771384865144,2.521623678396,0.006870909205438693,-3.918932049217747,0.4550408719346049,334,0.4161676646706587,-3.614632030663702,1.86387843684497,13,0.5294117647058824
SPXW,"d65ret,d80_zero",-999999.0,1,score_desc,d65ret,22,4,30,False,False,False,False,False,-17.319058639289732,-26.955172844711356,-26.955172844711356,94,0.425531914893617,1.2716604543512071,3.993103057043345,0.04247981975578027,-2.6999999999999984,0.20212765957446807,82,0.4146341463414634,-2.699999999999999,1.0017272138630355,0,0.5,121,0.3884297520661157,0.9369130603877945,-1.3042084632007014,-0.010778582340501665,-3.109473738385724,0.256198347107438,117,0.39316239316239315,-3.109473738385724,-1.9168714745683115,11,0.3333333333333333,367,0.4250681198910082,1.0457771384865144,2.521623678396,0.006870909205438693,-3.918932049217747,0.4550408719346049,334,0.4161676646706587,-3.614632030663702,1.86387843684497,13,0.5294117647058824
SPXW,"d65ret,d80_zero",-999999.0,1,score_desc,d65ret,22,2,15,False,False,False,False,False,-17.22407978466748,-26.955172844711356,-26.955172844711356,94,0.425531914893617,1.2750159245045964,4.031786210213996,0.04289134266185102,-2.6999999999999984,0.20212765957446807,82,0.4268292682926829,-2.699999999999999,0.9921160972936834,0,0.5,121,0.3884297520661157,0.9369130603877945,-1.3042084632007014,-0.010778582340501665,-3.109473738385724,0.256198347107438,117,0.39316239316239315,-3.109473738385724,-1.9168714745683115,11,0.3333333333333333,368,0.42391304347826086,1.0442543449006192,2.441295784529133,0.0066339559362204705,-3.918932049217747,0.4592391304347826,334,0.4161676646706587,-3.6146320306637016,2.048092669346242,13,0.5294117647058824
SPXW,"d65ret,d80_zero",-999999.0,1,score_desc,d65ret,22,3,15,False,False,False,False,False,-17.319058639289732,-26.955172844711356,-26.955172844711356,94,0.425531914893617,1.2716604543512071,3.993103057043345,0.04247981975578027,-2.6999999999999984,0.20212765957446807,82,0.4146341463414634,-2.699999999999999,1.0017272138630355,0,0.5,121,0.3884297520661157,0.9369130603877945,-1.3042084632007014,-0.010778582340501665,-3.109473738385724,0.256198347107438,117,0.39316239316239315,-3.109473738385724,-1.9168714745683115,11,0.3333333333333333,368,0.42391304347826086,1.0442543449006192,2.441295784529133,0.0066339559362204705,-3.918932049217747,0.45652173913043476,334,0.4161676646706587,-3.6146320306637016,1.9252071091854674,13,0.5294117647058824
SPXW,"d65ret,d80_zero",-999999.0,1,score_desc,d65ret,22,4,15,False,False,False,False,False,-17.319058639289732,-26.955172844711356,-26.955172844711356,94,0.425531914893617,1.2716604543512071,3.993103057043345,0.04247981975578027,-2.6999999999999984,0.20212765957446807,82,0.4146341463414634,-2.699999999999999,1.0017272138630355,0,0.5,121,0.3884297520661157,0.9369130603877945,-1.3042084632007014,-0.010778582340501665,-3.109473738385724,0.256198347107438,117,0.39316239316239315,-3.109473738385724,-1.9168714745683115,11,0.3333333333333333,368,0.42391304347826086,1.0442543449006192,2.441295784529133,0.0066339559362204705,-3.918932049217747,0.45652173913043476,334,0.4161676646706587,-3.6146320306637016,1.9252071091854674,13,0.5294117647058824
SPXW,"d65ret,d80_zero",0.0,1,score_desc,d65ret,21,2,30,False,False,False,False,False,-16.961117310674606,-26.955172844711356,-26.955172844711356,90,0.4222222222222222,1.2893458637396695,4.079451160469942,0.04532723511633269,-2.4897598032876815,0.2111111111111111,82,0.4268292682926829,-2.4897598032876815,0.8579585494036922,0,0.5,121,0.3884297520661157,0.9369130603877945,-1.3042084632007014,-0.010778582340501665,-3.109473738385724,0.256198347107438,117,0.39316239316239315,-3.109473738385724,-1.9168714745683115,11,0.3333333333333333,337,0.4065281899109792,0.9699888700686046,-1.5800265100141289,-0.004688505964433617,-5.023877311809439,0.44510385756676557,297,0.39730639730639733,-5.019577293255395,-3.1645038664289813,3,0.47058823529411764
SPXW,"d65ret,d80_zero",0.0,1,score_desc,d65ret,21,3,15,False,False,False,False,False,-16.961117310674606,-26.955172844711356,-26.955172844711356,90,0.4222222222222222,1.2893458637396695,4.079451160469941,0.04532723511633268,-2.4897598032876815,0.2111111111111111,82,0.4146341463414634,-2.4897598032876815,0.8579585494036923,0,0.5,121,0.3884297520661157,0.9369130603877945,-1.3042084632007014,-0.010778582340501665,-3.109473738385724,0.256198347107438,117,0.39316239316239315,-3.109473738385724,-1.9168714745683115,11,0.3333333333333333,337,0.4065281899109792,0.9699888700686046,-1.5800265100141284,-0.004688505964433615,-5.023877311809439,0.4421364985163205,297,0.39730639730639733,-5.019577293255395,-3.164503866428982,3,0.4117647058823529
SPXW,"d65ret,d80_zero",0.0,1,score_desc,d65ret,21,3,30,False,False,False,False,False,-16.961117310674606,-26.955172844711356,-26.955172844711356,90,0.4222222222222222,1.2893458637396695,4.079451160469941,0.04532723511633268,-2.4897598032876815,0.2111111111111111,82,0.4146341463414634,-2.4897598032876815,0.8579585494036923,0,0.5,121,0.3884297520661157,0.9369130603877945,-1.3042084632007014,-0.010778582340501665,-3.109473738385724,0.256198347107438,117,0.39316239316239315,-3.109473738385724,-1.9168714745683115,11,0.3333333333333333,337,0.4065281899109792,0.9699888700686046,-1.5800265100141284,-0.004688505964433615,-5.023877311809439,0.4421364985163205,297,0.39730639730639733,-5.019577293255395,-3.164503866428982,3,0.4117647058823529
SPXW,"d65ret,d80_zero",0.0,1,score_desc,d65ret,21,4,15,False,False,False,False,False,-16.961117310674606,-26.955172844711356,-26.955172844711356,90,0.4222222222222222,1.2893458637396695,4.079451160469941,0.04532723511633268,-2.4897598032876815,0.2111111111111111,82,0.4146341463414634,-2.4897598032876815,0.8579585494036923,0,0.5,121,0.3884297520661157,0.9369130603877945,-1.3042084632007014,-0.010778582340501665,-3.109473738385724,0.256198347107438,117,0.39316239316239315,-3.109473738385724,-1.9168714745683115,11,0.3333333333333333,337,0.4065281899109792,0.9699888700686046,-1.5800265100141284,-0.004688505964433615,-5.023877311809439,0.4421364985163205,297,0.39730639730639733,-5.019577293255395,-3.164503866428982,3,0.4117647058823529
SPXW,"d65ret,d80_zero",0.0,1,score_desc,d65ret,21,4,30,False,False,False,False,False,-16.961117310674606,-26.955172844711356,-26.955172844711356,90,0.4222222222222222,1.2893458637396695,4.079451160469941,0.04532723511633268,-2.4897598032876815,0.2111111111111111,82,0.4146341463414634,-2.4897598032876815,0.8579585494036923,0,0.5,121,0.3884297520661157,0.9369130603877945,-1.3042084632007014,-0.010778582340501665,-3.109473738385724,0.256198347107438,117,0.39316239316239315,-3.109473738385724,-1.9168714745683115,11,0.3333333333333333,337,0.4065281899109792,0.9699888700686046,-1.5800265100141284,-0.004688505964433615,-5.023877311809439,0.4421364985163205,297,0.39730639730639733,-5.019577293255395,-3.164503866428982,3,0.4117647058823529
SPXW,"d65ret,d80_zero",0.0,1,score_desc,d65ret,22,2,30,False,False,False,False,False,-17.22407978466748,-26.955172844711356,-26.955172844711356,94,0.425531914893617,1.2750159245045964,4.031786210213996,0.04289134266185102,-2.6999999999999984,0.20212765957446807,82,0.4268292682926829,-2.699999999999999,0.9921160972936834,0,0.5,121,0.3884297520661157,0.9369130603877945,-1.3042084632007014,-0.010778582340501665,-3.109473738385724,0.256198347107438,117,0.39316239316239315,-3.109473738385724,-1.9168714745683115,11,0.3333333333333333,345,0.4057971014492754,0.9645528734760519,-1.90473806935351,-0.005520979911169594,-5.074262994346823,0.4463768115942029,299,0.4013377926421405,-5.069962975792777,-2.6250328485832477,3,0.5294117647058824
SPXW,"d65ret,d80_zero",0.0,1,score_desc,d65ret,22,3,30,False,False,False,False,False,-17.319058639289732,-26.955172844711356,-26.955172844711356,94,0.425531914893617,1.2716604543512071,3.993103057043345,0.04247981975578027,-2.6999999999999984,0.20212765957446807,82,0.4146341463414634,-2.699999999999999,1.0017272138630355,0,0.5,121,0.3884297520661157,0.9369130603877945,-1.3042084632007014,-0.010778582340501665,-3.109473738385724,0.256198347107438,117,0.39316239316239315,-3.109473738385724,-1.9168714745683115,11,0.3333333333333333,345,0.4057971014492754,0.9645528734760519,-1.9047380693535105,-0.005520979911169596,-5.074262994346823,0.4434782608695652,299,0.4013377926421405,-5.069962975792776,-2.625032848583247,3,0.47058823529411764
SPXW,"d65ret,d80_zero",0.0,1,score_desc,d65ret,22,4,30,False,False,False,False,False,-17.319058639289732,-26.955172844711356,-26.955172844711356,94,0.425531914893617,1.2716604543512071,3.993103057043345,0.04247981975578027,-2.6999999999999984,0.20212765957446807,82,0.4146341463414634,-2.699999999999999,1.0017272138630355,0,0.5,121,0.3884297520661157,0.9369130603877945,-1.3042084632007014,-0.010778582340501665,-3.109473738385724,0.256198347107438,117,0.39316239316239315,-3.109473738385724,-1.9168714745683115,11,0.3333333333333333,345,0.4057971014492754,0.9645528734760519,-1.9047380693535105,-0.005520979911169596,-5.074262994346823,0.4434782608695652,299,0.4013377926421405,-5.069962975792776,-2.625032848583247,3,0.47058823529411764
SPXW,"d65ret,d80_zero",0.0,1,score_desc,d65ret,22,3,15,False,False,False,False,False,-17.319058639289732,-26.955172844711356,-26.955172844711356,94,0.425531914893617,1.2716604543512071,3.993103057043345,0.04247981975578027,-2.6999999999999984,0.20212765957446807,82,0.4146341463414634,-2.699999999999999,1.0017272138630355,0,0.5,121,0.3884297520661157,0.9369130603877945,-1.3042084632007014,-0.010778582340501665,-3.109473738385724,0.256198347107438,117,0.39316239316239315,-3.109473738385724,-1.9168714745683115,11,0.3333333333333333,346,0.4046242774566474,0.9631131156403321,-1.9850659632203773,-0.005737184864798779,-5.074262994346823,0.44508670520231214,299,0.4013377926421405,-5.069962975792776,-2.518807985548494,3,0.47058823529411764
SPXW,"d65ret,d80_zero",0.0,1,score_desc,d65ret,22,4,15,False,False,False,False,False,-17.319058639289732,-26.955172844711356,-26.955172844711356,94,0.425531914893617,1.2716604543512071,3.993103057043345,0.04247981975578027,-2.6999999999999984,0.20212765957446807,82,0.4146341463414634,-2.699999999999999,1.0017272138630355,0,0.5,121,0.3884297520661157,0.9369130603877945,-1.3042084632007014,-0.010778582340501665,-3.109473738385724,0.256198347107438,117,0.39316239316239315,-3.109473738385724,-1.9168714745683115,11,0.3333333333333333,346,0.4046242774566474,0.9631131156403321,-1.9850659632203773,-0.005737184864798779,-5.074262994346823,0.44508670520231214,299,0.4013377926421405,-5.069962975792776,-2.518807985548494,3,0.47058823529411764
SPXW,"d65ret,d80_zero",0.0,1,score_desc,d65ret,21,2,15,False,False,False,False,False,-16.961117310674606,-26.955172844711356,-26.955172844711356,90,0.4222222222222222,1.2893458637396695,4.079451160469942,0.04532723511633269,-2.4897598032876815,0.2111111111111111,82,0.4268292682926829,-2.4897598032876815,0.8579585494036922,0,0.5,121,0.3884297520661157,0.9369130603877945,-1.3042084632007014,-0.010778582340501665,-3.109473738385724,0.256198347107438,117,0.39316239316239315,-3.109473738385724,-1.9168714745683115,11,0.3333333333333333,337,0.4035608308605341,0.9550497526038042,-2.380026510014129,-0.007062393204789701,-5.823877311809438,0.44510385756676557,297,0.39730639730639733,-5.819577293255394,-2.1008169358459448,3,0.4117647058823529
SPXW,"d65ret,d80_zero",0.0,1,score_desc,d65ret,22,2,15,False,False,False,False,False,-17.22407978466748,-26.955172844711356,-26.955172844711356,94,0.425531914893617,1.2750159245045964,4.031786210213996,0.04289134266185102,-2.6999999999999984,0.20212765957446807,82,0.4268292682926829,-2.699999999999999,0.9921160972936834,0,0.5,121,0.3884297520661157,0.9369130603877945,-1.3042084632007014,-0.010778582340501665,-3.109473738385724,0.256198347107438,117,0.39316239316239315,-3.109473738385724,-1.9168714745683115,11,0.3333333333333333,346,0.40173410404624277,0.9485342629389596,-2.7850659632203776,-0.008049323593122479,-5.874262994346822,0.4479768786127168,299,0.4013377926421405,-5.869962975792776,-1.795289614691384,3,0.47058823529411764
SPXW,"d65ret,d80_zero",0.0,1,score_desc,d80_zero,21,1,0,False,False,False,False,False,-20.42885200503738,-27.135298415247924,-27.135298415247924,82,0.4146341463414634,1.1910399165912275,2.553071143156777,0.031135013940936308,-2.399999999999999,0.21951219512195122,82,0.4146341463414634,-2.399999999999999,0.9792128224475732,0,0.3333333333333333,117,0.38461538461538464,0.9289284631194729,-1.4446602520900573,-0.012347523522137242,-3.8499255272750807,0.26495726495726496,117,0.38461538461538464,-3.8499255272750807,-1.730510683313349,11,0.5,305,0.4426229508196721,1.1766241598834006,7.932029689923095,0.026006654721059327,-3.9162009176430734,0.5180327868852459,305,0.4426229508196721,-3.9162009176430734,0.31517784195588894,7,0.7647058823529411
SPXW,"d65ret,d80_zero",0.0,1,score_desc,d80_zero,21,1,15,False,False,False,False,False,-20.42885200503738,-27.135298415247924,-27.135298415247924,82,0.4146341463414634,1.1910399165912275,2.553071143156777,0.031135013940936308,-2.399999999999999,0.21951219512195122,82,0.4146341463414634,-2.399999999999999,0.9792128224475732,0,0.3333333333333333,117,0.38461538461538464,0.9289284631194729,-1.4446602520900573,-0.012347523522137242,-3.8499255272750807,0.26495726495726496,117,0.38461538461538464,-3.8499255272750807,-1.730510683313349,11,0.5,305,0.4426229508196721,1.1766241598834006,7.932029689923095,0.026006654721059327,-3.9162009176430734,0.5180327868852459,305,0.4426229508196721,-3.9162009176430734,0.31517784195588894,7,0.7647058823529411
SPXW,"d65ret,d80_zero",0.0,1,score_desc,d80_zero,21,1,30,False,False,False,False,False,-20.42885200503738,-27.135298415247924,-27.135298415247924,82,0.4146341463414634,1.1910399165912275,2.553071143156777,0.031135013940936308,-2.399999999999999,0.21951219512195122,82,0.4146341463414634,-2.399999999999999,0.9792128224475732,0,0.3333333333333333,117,0.38461538461538464,0.9289284631194729,-1.4446602520900573,-0.012347523522137242,-3.8499255272750807,0.26495726495726496,117,0.38461538461538464,-3.8499255272750807,-1.730510683313349,11,0.5,305,0.4426229508196721,1.1766241598834006,7.932029689923095,0.026006654721059327,-3.9162009176430734,0.5180327868852459,305,0.4426229508196721,-3.9162009176430734,0.31517784195588894,7,0.7647058823529411
SPXW,"d65ret,d80_zero",-999999.0,1,score_desc,d80_zero,21,1,0,False,False,False,False,False,-20.42885200503738,-27.135298415247924,-27.135298415247924,82,0.4146341463414634,1.1910399165912275,2.553071143156777,0.031135013940936308,-2.399999999999999,0.21951219512195122,82,0.4146341463414634,-2.399999999999999,0.9792128224475732,0,0.3333333333333333,117,0.38461538461538464,0.9289284631194729,-1.4446602520900573,-0.012347523522137242,-3.8499255272750807,0.26495726495726496,117,0.38461538461538464,-3.8499255272750807,-1.730510683313349,11,0.5,334,0.4431137724550898,1.1657585863866224,7.992792358755718,0.0239305160441788,-3.7722141524728903,0.5149700598802395,334,0.4431137724550898,-3.7722141524728903,0.31278180237740955,7,0.7058823529411765
SPXW,"d65ret,d80_zero",-999999.0,1,score_desc,d80_zero,21,1,15,False,False,False,False,False,-20.42885200503738,-27.135298415247924,-27.135298415247924,82,0.4146341463414634,1.1910399165912275,2.553071143156777,0.031135013940936308,-2.399999999999999,0.21951219512195122,82,0.4146341463414634,-2.399999999999999,0.9792128224475732,0,0.3333333333333333,117,0.38461538461538464,0.9289284631194729,-1.4446602520900573,-0.012347523522137242,-3.8499255272750807,0.26495726495726496,117,0.38461538461538464,-3.8499255272750807,-1.730510683313349,11,0.5,334,0.4431137724550898,1.1657585863866224,7.992792358755718,0.0239305160441788,-3.7722141524728903,0.5149700598802395,334,0.4431137724550898,-3.7722141524728903,0.31278180237740955,7,0.7058823529411765
SPXW,"d65ret,d80_zero",-999999.0,1,score_desc,d80_zero,21,1,30,False,False,False,False,False,-20.42885200503738,-27.135298415247924,-27.135298415247924,82,0.4146341463414634,1.1910399165912275,2.553071143156777,0.031135013940936308,-2.399999999999999,0.21951219512195122,82,0.4146341463414634,-2.399999999999999,0.9792128224475732,0,0.3333333333333333,117,0.38461538461538464,0.9289284631194729,-1.4446602520900573,-0.012347523522137242,-3.8499255272750807,0.26495726495726496,117,0.38461538461538464,-3.8499255272750807,-1.730510683313349,11,0.5,334,0.4431137724550898,1.1657585863866224,7.992792358755718,0.0239305160441788,-3.7722141524728903,0.5149700598802395,334,0.4431137724550898,-3.7722141524728903,0.31278180237740955,7,0.7058823529411765
SPXW,"d50ret,d80",-999999.0,1,score_desc,d65win,22,3,30,False,False,False,False,False,-45.73987709278035,24.32717019078607,-45.73987709278035,104,0.4230769230769231,0.9968636473473605,-0.04647318437301928,-0.00044685754204826234,-2.457713168629904,0.22115384615384615,89,0.449438202247191,-2.3550432602113394,-60.8474070445351,0,0.3333333333333333,139,0.4892086330935252,1.3515929811719043,7.0853211554954445,0.050973533492772984,-2.293075087385292,0.17985611510791366,127,0.47244094488188976,-2.293075087385292,0.4537132734008214,22,0.6666666666666666,390,0.4282051282051282,1.1081573797985529,5.9709259163207395,0.01531006645210446,-3.5741307179852484,0.358974358974359,348,0.4339080459770115,-3.5741307179852475,0.5929326771423947,20,0.5882352941176471
SPXW,"d50ret,d80",0.0,1,score_desc,d65win,22,3,30,False,False,False,False,False,-45.73987709278035,22.538978495314502,-45.73987709278035,104,0.4230769230769231,0.9968636473473605,-0.04647318437301928,-0.00044685754204826234,-2.457713168629904,0.22115384615384615,89,0.449438202247191,-2.3550432602113394,-60.8474070445351,0,0.3333333333333333,139,0.4748201438848921,1.2883412637136324,5.980312366462183,0.04302382997454808,-2.386466919217715,0.15827338129496402,122,0.47540983606557374,-2.386466919217715,0.5375478833821643,22,0.5,386,0.41968911917098445,1.0685957736803615,3.7843315611249198,0.009803967774935026,-3.8970008069472666,0.35233160621761656,335,0.42686567164179107,-3.897000806947266,0.9947706464306637,19,0.47058823529411764
SPXW,"d65ret,d80_zero",-999999.0,1,score_desc,d65win,21,1,0,False,False,False,False,False,-46.16449771424993,-18.309171341197292,-46.16449771424993,103,0.4174757281553398,0.9938403032987083,-0.09504528156701664,-0.0009227697239516179,-4.457903057029166,0.1650485436893204,103,0.4174757281553398,-4.457903057029166,-26.303252079244402,0,0.5,128,0.3828125,0.8165515223479104,-3.7395229907580236,-0.02921502336529706,-5.076968039848922,0.21875,128,0.3828125,-5.076968039848922,-0.6685344644700888,20,0.3333333333333333,346,0.4393063583815029,1.0550707419558671,2.40521539015948,0.006951489566934913,-6.145642677855936,0.4653179190751445,346,0.4393063583815029,-6.145642677855936,1.039407950833973,17,0.47058823529411764
SPXW,"d65ret,d80_zero",-999999.0,1,score_desc,d65win,21,1,15,False,False,False,False,False,-46.16449771424993,-18.309171341197292,-46.16449771424993,103,0.4174757281553398,0.9938403032987083,-0.09504528156701664,-0.0009227697239516179,-4.457903057029166,0.1650485436893204,103,0.4174757281553398,-4.457903057029166,-26.303252079244402,0,0.5,128,0.3828125,0.8165515223479104,-3.7395229907580236,-0.02921502336529706,-5.076968039848922,0.21875,128,0.3828125,-5.076968039848922,-0.6685344644700888,20,0.3333333333333333,346,0.4393063583815029,1.0550707419558671,2.40521539015948,0.006951489566934913,-6.145642677855936,0.4653179190751445,346,0.4393063583815029,-6.145642677855936,1.039407950833973,17,0.47058823529411764
SPXW,"d65ret,d80_zero",-999999.0,1,score_desc,d65win,21,1,30,False,False,False,False,False,-46.16449771424993,-18.309171341197292,-46.16449771424993,103,0.4174757281553398,0.9938403032987083,-0.09504528156701664,-0.0009227697239516179,-4.457903057029166,0.1650485436893204,103,0.4174757281553398,-4.457903057029166,-26.303252079244402,0,0.5,128,0.3828125,0.8165515223479104,-3.7395229907580236,-0.02921502336529706,-5.076968039848922,0.21875,128,0.3828125,-5.076968039848922,-0.6685344644700888,20,0.3333333333333333,346,0.4393063583815029,1.0550707419558671,2.40521539015948,0.006951489566934913,-6.145642677855936,0.4653179190751445,346,0.4393063583815029,-6.145642677855936,1.039407950833973,17,0.47058823529411764
SPXW,"d65ret,d80_zero",0.0,1,score_desc,d65win,21,1,0,False,False,False,False,False,-46.16449771424993,-18.309171341197292,-46.16449771424993,103,0.4174757281553398,0.9938403032987083,-0.09504528156701664,-0.0009227697239516179,-4.457903057029166,0.1650485436893204,103,0.4174757281553398,-4.457903057029166,-26.303252079244402,0,0.5,128,0.3828125,0.8165515223479104,-3.7395229907580236,-0.02921502336529706,-5.076968039848922,0.21875,128,0.3828125,-5.076968039848922,-0.6685344644700888,20,0.3333333333333333,340,0.43529411764705883,1.0046771123581146,0.20355365895644573,0.0005986872322248404,-5.9736699725694695,0.4323529411764706,340,0.43529411764705883,-5.9736699725694695,12.28177382227712,17,0.47058823529411764
SPXW,"d65ret,d80_zero",0.0,1,score_desc,d65win,21,1,15,False,False,False,False,False,-46.16449771424993,-18.309171341197292,-46.16449771424993,103,0.4174757281553398,0.9938403032987083,-0.09504528156701664,-0.0009227697239516179,-4.457903057029166,0.1650485436893204,103,0.4174757281553398,-4.457903057029166,-26.303252079244402,0,0.5,128,0.3828125,0.8165515223479104,-3.7395229907580236,-0.02921502336529706,-5.076968039848922,0.21875,128,0.3828125,-5.076968039848922,-0.6685344644700888,20,0.3333333333333333,340,0.43529411764705883,1.0046771123581146,0.20355365895644573,0.0005986872322248404,-5.9736699725694695,0.4323529411764706,340,0.43529411764705883,-5.9736699725694695,12.28177382227712,17,0.47058823529411764
SPXW,"d65ret,d80_zero",0.0,1,score_desc,d65win,21,1,30,False,False,False,False,False,-46.16449771424993,-18.309171341197292,-46.16449771424993,103,0.4174757281553398,0.9938403032987083,-0.09504528156701664,-0.0009227697239516179,-4.457903057029166,0.1650485436893204,103,0.4174757281553398,-4.457903057029166,-26.303252079244402,0,0.5,128,0.3828125,0.8165515223479104,-3.7395229907580236,-0.02921502336529706,-5.076968039848922,0.21875,128,0.3828125,-5.076968039848922,-0.6685344644700888,20,0.3333333333333333,340,0.43529411764705883,1.0046771123581146,0.20355365895644573,0.0005986872322248404,-5.9736699725694695,0.4323529411764706,340,0.43529411764705883,-5.9736699725694695,12.28177382227712,17,0.47058823529411764
SPXW,"d50ret,d80",-999999.0,1,score_desc,d65win,21,2,0,False,False,False,False,False,-46.49034998434645,24.33896674097406,-46.49034998434645,99,0.42424242424242425,0.9784756747116821,-0.3084262218701016,-0.0031154163825262786,-2.5579358364749663,0.23232323232323232,88,0.4318181818181818,-2.4552659280564018,-9.168392846285915,0,0.3333333333333333,137,0.48905109489051096,1.3585518055922976,7.222591164876701,0.05271964353924599,-2.293075087385292,0.18248175182481752,127,0.47244094488188976,-2.293075087385292,0.4326006648374376,21,0.6666666666666666,381,0.4304461942257218,1.120157567736485,6.56891716080552,0.01724125239056567,-3.3252416945059666,0.3464566929133858,348,0.43103448275862066,-3.3252416945059666,0.6353568356241841,20,0.5294117647058824
SPXW,"d50ret,d80",-999999.0,1,score_desc,d65win,21,2,15,False,False,False,False,False,-46.49034998434645,24.330682735699344,-46.49034998434645,99,0.42424242424242425,0.9784756747116821,-0.3084262218701016,-0.0031154163825262786,-2.5579358364749663,0.23232323232323232,88,0.4318181818181818,-2.4552659280564018,-9.168392846285915,0,0.3333333333333333,137,0.48905109489051096,1.357863122213553,7.208718473652904,0.05261838301936426,-2.293075087385292,0.18248175182481752,127,0.47244094488188976,-2.293075087385292,0.43150874318644417,21,0.6666666666666666,381,0.42782152230971127,1.1096583875036785,5.972471538148364,0.015675778315350036,-3.3133743690616964,0.3543307086614173,348,0.43103448275862066,-3.3133743690616964,0.617782205482201,20,0.5294117647058824
SPXW,"d50ret,d80",0.0,1,score_desc,d65win,21,2,0,False,False,False,False,False,-46.49034998434645,22.66268171729273,-46.49034998434645,99,0.42424242424242425,0.9784756747116821,-0.3084262218701016,-0.0031154163825262786,-2.5579358364749663,0.23232323232323232,88,0.4318181818181818,-2.4552659280564018,-9.168392846285915,0,0.3333333333333333,137,0.4744525547445255,1.2950773829789428,6.1175823758434404,0.04465388595506161,-2.386466919217715,0.16058394160583941,122,0.47540983606557374,-2.386466919217715,0.5107406076152565,21,0.5,379,0.42216358839050133,1.0757233022164265,4.1432203887246235,0.010931979917479217,-3.2626510126954127,0.33773087071240104,335,0.42686567164179107,-3.2626510126954127,1.0411310659683224,19,0.4117647058823529
SPXW,"d50ret,d80",0.0,1,score_desc,d65win,21,2,15,False,False,False,False,False,-46.49034998434645,22.642509546059607,-46.49034998434645,99,0.42424242424242425,0.9784756747116821,-0.3084262218701016,-0.0031154163825262786,-2.5579358364749663,0.23232323232323232,88,0.4318181818181818,-2.4552659280564018,-9.168392846285915,0,0.3333333333333333,137,0.4744525547445255,1.294408243248621,6.103709684619643,0.04455262543517988,-2.386466919217715,0.16058394160583941,122,0.47540983606557374,-2.386466919217715,0.5096286044516725,21,0.5,379,0.41952506596306066,1.065873042272162,3.605035074477009,0.009511965895717702,-3.670979180124589,0.3482849604221636,335,0.42388059701492536,-3.670979180124588,1.1395808508558853,19,0.4117647058823529
SPXW,"d50ret,d80",-999999.0,1,score_desc,d65win,22,2,30,False,False,False,False,False,-46.94193540687903,24.823718093989235,-46.94193540687903,102,0.4215686274509804,0.9705561590242814,-0.43294399701025654,-0.004244548990296633,-2.8399299258154955,0.21568627450980393,89,0.43820224719101125,-2.8399299258154955,-6.531497805093349,0,0.3333333333333333,139,0.49640287769784175,1.3768064966530948,7.480383361616152,0.05381570763752627,-2.293075087385292,0.18705035971223022,127,0.48031496062992124,-2.293075087385292,0.4173845888346378,22,0.6666666666666666,390,0.4282051282051282,1.1081573797985529,5.9709259163207395,0.01531006645210446,-3.5741307179852484,0.358974358974359,348,0.4339080459770115,-3.5741307179852475,0.5929326771423947,20,0.5882352941176471
SPXW,"d50ret,d80",0.0,1,score_desc,d65win,22,2,30,False,False,False,False,False,-46.94193540687903,23.565484487434382,-46.94193540687903,102,0.4215686274509804,0.9705561590242814,-0.43294399701025654,-0.004244548990296633,-2.8399299258154955,0.21568627450980393,89,0.43820224719101125,-2.8399299258154955,-6.531497805093349,0,0.3333333333333333,139,0.48201438848920863,1.3119007169984187,6.375374572582891,0.045866004119301376,-2.386466919217714,0.16546762589928057,122,0.48360655737704916,-2.386466919217715,0.4897275757161842,22,0.6666666666666666,386,0.41968911917098445,1.0685957736803615,3.7843315611249198,0.009803967774935026,-3.8970008069472666,0.35233160621761656,335,0.42686567164179107,-3.897000806947266,0.9947706464306637,19,0.47058823529411764
SPXW,"d65ret,d80,d80_front",0.0,1,score_desc,d65ret,22,1,0,False,False,False,False,False,-46.94455598155507,-10.70379453451075,-46.94455598155507,102,0.4117647058823529,0.9795522558335571,-0.33592559304910313,-0.00329338816714807,-3.089960808895129,0.20588235294117646,102,0.4117647058823529,-3.089960808895129,-7.442124243372455,0,0.3333333333333333,128,0.390625,0.9658171237378586,-0.7451720153014492,-0.005821656369542572,-3.0128948721726183,0.1875,128,0.390625,-3.0128948721726183,-3.3549300680443013,20,0.3333333333333333,348,0.43103448275862066,0.9971437047485379,-0.1427068399569238,-0.0004100771263129994,-6.46563214105015,0.40804597701149425,348,0.43103448275862066,-6.46563214105015,-17.518431497429468,19,0.5294117647058824
SPXW,"d65ret,d80,d80_front",0.0,1,score_desc,d65ret,22,1,15,False,False,False,False,False,-46.94455598155507,-10.70379453451075,-46.94455598155507,102,0.4117647058823529,0.9795522558335571,-0.33592559304910313,-0.00329338816714807,-3.089960808895129,0.20588235294117646,102,0.4117647058823529,-3.089960808895129,-7.442124243372455,0,0.3333333333333333,128,0.390625,0.9658171237378586,-0.7451720153014492,-0.005821656369542572,-3.0128948721726183,0.1875,128,0.390625,-3.0128948721726183,-3.3549300680443013,20,0.3333333333333333,348,0.43103448275862066,0.9971437047485379,-0.1427068399569238,-0.0004100771263129994,-6.46563214105015,0.40804597701149425,348,0.43103448275862066,-6.46563214105015,-17.518431497429468,19,0.5294117647058824
SPXW,"d65ret,d80,d80_front",0.0,1,score_desc,d65ret,22,1,30,False,False,False,False,False,-46.94455598155507,-10.70379453451075,-46.94455598155507,102,0.4117647058823529,0.9795522558335571,-0.33592559304910313,-0.00329338816714807,-3.089960808895129,0.20588235294117646,102,0.4117647058823529,-3.089960808895129,-7.442124243372455,0,0.3333333333333333,128,0.390625,0.9658171237378586,-0.7451720153014492,-0.005821656369542572,-3.0128948721726183,0.1875,128,0.390625,-3.0128948721726183,-3.3549300680443013,20,0.3333333333333333,348,0.43103448275862066,0.9971437047485379,-0.1427068399569238,-0.0004100771263129994,-6.46563214105015,0.40804597701149425,348,0.43103448275862066,-6.46563214105015,-17.518431497429468,19,0.5294117647058824
SPXW,"d65ret,d80,d80_front",-999999.0,1,score_desc,d65ret,22,1,0,False,False,False,False,False,-46.94455598155507,-10.70379453451075,-46.94455598155507,102,0.4117647058823529,0.9795522558335571,-0.33592559304910313,-0.00329338816714807,-3.089960808895129,0.20588235294117646,102,0.4117647058823529,-3.089960808895129,-7.442124243372455,0,0.3333333333333333,128,0.390625,0.9658171237378586,-0.7451720153014492,-0.005821656369542572,-3.0128948721726183,0.1875,128,0.390625,-3.0128948721726183,-3.3549300680443013,20,0.3333333333333333,350,0.42857142857142855,0.9939155982013207,-0.3049775161312066,-0.0008713643318034475,-6.627902817224431,0.4057142857142857,350,0.42857142857142855,-6.627902817224431,-8.197325598666286,19,0.5294117647058824
SPXW,"d65ret,d80,d80_front",-999999.0,1,score_desc,d65ret,22,1,15,False,False,False,False,False,-46.94455598155507,-10.70379453451075,-46.94455598155507,102,0.4117647058823529,0.9795522558335571,-0.33592559304910313,-0.00329338816714807,-3.089960808895129,0.20588235294117646,102,0.4117647058823529,-3.089960808895129,-7.442124243372455,0,0.3333333333333333,128,0.390625,0.9658171237378586,-0.7451720153014492,-0.005821656369542572,-3.0128948721726183,0.1875,128,0.390625,-3.0128948721726183,-3.3549300680443013,20,0.3333333333333333,350,0.42857142857142855,0.9939155982013207,-0.3049775161312066,-0.0008713643318034475,-6.627902817224431,0.4057142857142857,350,0.42857142857142855,-6.627902817224431,-8.197325598666286,19,0.5294117647058824
SPXW,"d65ret,d80,d80_front",-999999.0,1,score_desc,d65ret,22,1,30,False,False,False,False,False,-46.94455598155507,-10.70379453451075,-46.94455598155507,102,0.4117647058823529,0.9795522558335571,-0.33592559304910313,-0.00329338816714807,-3.089960808895129,0.20588235294117646,102,0.4117647058823529,-3.089960808895129,-7.442124243372455,0,0.3333333333333333,128,0.390625,0.9658171237378586,-0.7451720153014492,-0.005821656369542572,-3.0128948721726183,0.1875,128,0.390625,-3.0128948721726183,-3.3549300680443013,20,0.3333333333333333,350,0.42857142857142855,0.9939155982013207,-0.3049775161312066,-0.0008713643318034475,-6.627902817224431,0.4057142857142857,350,0.42857142857142855,-6.627902817224431,-8.197325598666286,19,0.5294117647058824
SPXW,"d50ret,d80",-999999.0,1,score_desc,d65win,22,2,15,False,False,False,False,False,-46.99451817623867,25.112000111840388,-46.99451817623867,102,0.4215686274509804,0.969539919149058,-0.45474444084678034,-0.00445827883183118,-2.7399299258154954,0.22549019607843138,89,0.43820224719101125,-2.739929925815496,-6.218377867215335,0,0.3333333333333333,139,0.49640287769784175,1.400889380441405,7.958478099339492,0.05725523812474454,-2.293075087385292,0.18705035971223022,127,0.48031496062992124,-2.293075087385292,0.39085677056886425,22,0.6666666666666666,390,0.4282051282051282,1.1112150626561366,6.15639395099343,0.01578562551536777,-3.2923621561164467,0.3564102564102564,348,0.4339080459770115,-3.2923621561164467,0.631497596794804,20,0.5882352941176471
SPXW,"d50ret,d80",-999999.0,1,score_desc,d65win,22,2,0,False,False,False,False,False,-46.99451817623867,25.1203650803361,-46.99451817623867,102,0.4215686274509804,0.969539919149058,-0.45474444084678034,-0.00445827883183118,-2.7399299258154954,0.22549019607843138,89,0.43820224719101125,-2.739929925815496,-6.218377867215335,0,0.3333333333333333,139,0.49640287769784175,1.4015881842227744,7.972350790563289,0.0573550416587287,-2.293075087385292,0.18705035971223022,127,0.48031496062992124,-2.293075087385292,0.3919167409784663,22,0.6666666666666666,390,0.4256410256410256,1.1027540598925494,5.7544592199912135,0.01475502364100311,-3.343141410483999,0.34615384615384615,348,0.43103448275862066,-3.343141410484,0.7252821266449374,20,0.6470588235294118
SPXW,"d50ret,d80",0.0,1,score_desc,d65win,22,2,0,False,False,False,False,False,-46.99451817623867,23.856425083460582,-46.99451817623867,102,0.4215686274509804,0.969539919149058,-0.45474444084678034,-0.00445827883183118,-2.7399299258154954,0.22549019607843138,89,0.43820224719101125,-2.739929925815496,-6.218377867215335,0,0.3333333333333333,139,0.48201438848920863,1.3359691057780154,6.8673420015300275,0.049405338140503796,-2.386466919217714,0.16546762589928057,122,0.48360655737704916,-2.386466919217714,0.4549791956012287,22,0.6666666666666666,388,0.42010309278350516,1.0699036849763364,3.912155154209304,0.010082874108786865,-3.280550728673446,0.33762886597938147,335,0.42686567164179107,-3.280550728673446,1.103570590095622,19,0.5294117647058824
SPXW,"d50ret,d80",0.0,1,score_desc,d65win,22,2,15,False,False,False,False,False,-46.99451817623867,23.84822102600544,-46.99451817623867,102,0.4215686274509804,0.969539919149058,-0.45474444084678034,-0.00445827883183118,-2.7399299258154954,0.22549019607843138,89,0.43820224719101125,-2.739929925815496,-6.218377867215335,0,0.3333333333333333,139,0.48201438848920863,1.335290415876718,6.853469310306231,0.049305534606519645,-2.386466919217714,0.16546762589928057,122,0.48360655737704916,-2.386466919217714,0.4538759725491316,22,0.6666666666666666,388,0.42010309278350516,1.068124130153365,3.788957487322075,0.009765354348768235,-3.6499669671793393,0.35051546391752575,335,0.42686567164179107,-3.649966967179339,1.0852412209739126,19,0.47058823529411764
SPXW,"d65ret,d80,d80_zero",-999999.0,1,score_desc,d65win,21,1,0,False,False,False,False,False,-47.17988389336916,-9.742629260562241,-47.17988389336916,103,0.42718446601941745,0.9578623143337155,-0.6471142297954116,-0.0062826624251981706,-5.257903057029165,0.18446601941747573,103,0.42718446601941745,-5.257903057029165,-3.8633055570272155,0,0.5,128,0.421875,0.9557863732078418,-0.8640208033051047,-0.00675016252582113,-4.26744663025431,0.1796875,128,0.421875,-4.26744663025431,-2.8934488503481037,20,0.5,350,0.4514285714285714,1.0666862523494283,2.881371701354576,0.008232490575298788,-4.137367263475161,0.4257142857142857,350,0.4514285714285714,-4.137367263475161,0.8676423103706865,19,0.5294117647058824
SPXW,"d65ret,d80,d80_zero",-999999.0,1,score_desc,d65win,21,1,15,False,False,False,False,False,-47.17988389336916,-9.742629260562241,-47.17988389336916,103,0.42718446601941745,0.9578623143337155,-0.6471142297954116,-0.0062826624251981706,-5.257903057029165,0.18446601941747573,103,0.42718446601941745,-5.257903057029165,-3.8633055570272155,0,0.5,128,0.421875,0.9557863732078418,-0.8640208033051047,-0.00675016252582113,-4.26744663025431,0.1796875,128,0.421875,-4.26744663025431,-2.8934488503481037,20,0.5,350,0.4514285714285714,1.0666862523494283,2.881371701354576,0.008232490575298788,-4.137367263475161,0.4257142857142857,350,0.4514285714285714,-4.137367263475161,0.8676423103706865,19,0.5294117647058824
SPXW,"d65ret,d80,d80_zero",-999999.0,1,score_desc,d65win,21,1,30,False,False,False,False,False,-47.17988389336916,-9.742629260562241,-47.17988389336916,103,0.42718446601941745,0.9578623143337155,-0.6471142297954116,-0.0062826624251981706,-5.257903057029165,0.18446601941747573,103,0.42718446601941745,-5.257903057029165,-3.8633055570272155,0,0.5,128,0.421875,0.9557863732078418,-0.8640208033051047,-0.00675016252582113,-4.26744663025431,0.1796875,128,0.421875,-4.26744663025431,-2.8934488503481037,20,0.5,350,0.4514285714285714,1.0666862523494283,2.881371701354576,0.008232490575298788,-4.137367263475161,0.4257142857142857,350,0.4514285714285714,-4.137367263475161,0.8676423103706865,19,0.5294117647058824
SPXW,"d65ret,d80,d80_zero",0.0,1,score_desc,d65win,21,1,0,False,False,False,False,False,-47.17988389336916,-9.742629260562241,-47.17988389336916,103,0.42718446601941745,0.9578623143337155,-0.6471142297954116,-0.0062826624251981706,-5.257903057029165,0.18446601941747573,103,0.42718446601941745,-5.257903057029165,-3.8633055570272155,0,0.5,128,0.421875,0.9557863732078418,-0.8640208033051047,-0.00675016252582113,-4.26744663025431,0.1796875,128,0.421875,-4.26744663025431,-2.8934488503481037,20,0.5,348,0.4482758620689655,1.0476261916740037,2.0702198666872396,0.005948907662894367,-4.137367263475161,0.4224137931034483,348,0.4482758620689655,-4.137367263475161,1.207601202282197,19,0.5294117647058824
SPXW,"d65ret,d80,d80_zero",0.0,1,score_desc,d65win,21,1,15,False,False,False,False,False,-47.17988389336916,-9.742629260562241,-47.17988389336916,103,0.42718446601941745,0.9578623143337155,-0.6471142297954116,-0.0062826624251981706,-5.257903057029165,0.18446601941747573,103,0.42718446601941745,-5.257903057029165,-3.8633055570272155,0,0.5,128,0.421875,0.9557863732078418,-0.8640208033051047,-0.00675016252582113,-4.26744663025431,0.1796875,128,0.421875,-4.26744663025431,-2.8934488503481037,20,0.5,348,0.4482758620689655,1.0476261916740037,2.0702198666872396,0.005948907662894367,-4.137367263475161,0.4224137931034483,348,0.4482758620689655,-4.137367263475161,1.207601202282197,19,0.5294117647058824
SPXW,"d65ret,d80,d80_zero",0.0,1,score_desc,d65win,21,1,30,False,False,False,False,False,-47.17988389336916,-9.742629260562241,-47.17988389336916,103,0.42718446601941745,0.9578623143337155,-0.6471142297954116,-0.0062826624251981706,-5.257903057029165,0.18446601941747573,103,0.42718446601941745,-5.257903057029165,-3.8633055570272155,0,0.5,128,0.421875,0.9557863732078418,-0.8640208033051047,-0.00675016252582113,-4.26744663025431,0.1796875,128,0.421875,-4.26744663025431,-2.8934488503481037,20,0.5,348,0.4482758620689655,1.0476261916740037,2.0702198666872396,0.005948907662894367,-4.137367263475161,0.4224137931034483,348,0.4482758620689655,-4.137367263475161,1.207601202282197,19,0.5294117647058824
SPXW,"d65ret,d80",-999999.0,1,score_desc,d65ret,21,1,0,False,False,False,False,False,-47.22896739123192,-11.687556482820284,-47.22896739123192,102,0.4117647058823529,0.9737109711885562,-0.44637393380479057,-0.004376215037301868,-3.2004091496508162,0.21568627450980393,102,0.4117647058823529,-3.2004091496508162,-5.600685458244761,0,0.3333333333333333,128,0.390625,0.9426623750726383,-1.262940195590735,-0.009866720278052616,-3.8128948721726186,0.1796875,128,0.390625,-3.8128948721726186,-1.9795078252542557,20,0.5,345,0.41739130434782606,0.9847150125155169,-0.7735405721463333,-0.002242146585931401,-6.3646142914399215,0.4115942028985507,345,0.41739130434782606,-6.3646142914399215,-3.231892534173458,19,0.5882352941176471
SPXW,"d65ret,d80",-999999.0,1,score_desc,d65ret,21,1,15,False,False,False,False,False,-47.22896739123192,-11.687556482820284,-47.22896739123192,102,0.4117647058823529,0.9737109711885562,-0.44637393380479057,-0.004376215037301868,-3.2004091496508162,0.21568627450980393,102,0.4117647058823529,-3.2004091496508162,-5.600685458244761,0,0.3333333333333333,128,0.390625,0.9426623750726383,-1.262940195590735,-0.009866720278052616,-3.8128948721726186,0.1796875,128,0.390625,-3.8128948721726186,-1.9795078252542557,20,0.5,345,0.41739130434782606,0.9847150125155169,-0.7735405721463333,-0.002242146585931401,-6.3646142914399215,0.4115942028985507,345,0.41739130434782606,-6.3646142914399215,-3.231892534173458,19,0.5882352941176471
SPXW,"d65ret,d80",-999999.0,1,score_desc,d65ret,21,1,30,False,False,False,False,False,-47.22896739123192,-11.687556482820284,-47.22896739123192,102,0.4117647058823529,0.9737109711885562,-0.44637393380479057,-0.004376215037301868,-3.2004091496508162,0.21568627450980393,102,0.4117647058823529,-3.2004091496508162,-5.600685458244761,0,0.3333333333333333,128,0.390625,0.9426623750726383,-1.262940195590735,-0.009866720278052616,-3.8128948721726186,0.1796875,128,0.390625,-3.8128948721726186,-1.9795078252542557,20,0.5,345,0.41739130434782606,0.9847150125155169,-0.7735405721463333,-0.002242146585931401,-6.3646142914399215,0.4115942028985507,345,0.41739130434782606,-6.3646142914399215,-3.231892534173458,19,0.5882352941176471
SPXW,"d65ret,d80",0.0,1,score_desc,d65ret,21,1,0,False,False,False,False,False,-47.22896739123192,-11.687556482820284,-47.22896739123192,102,0.4117647058823529,0.9737109711885562,-0.44637393380479057,-0.004376215037301868,-3.2004091496508162,0.21568627450980393,102,0.4117647058823529,-3.2004091496508162,-5.600685458244761,0,0.3333333333333333,128,0.390625,0.9426623750726383,-1.262940195590735,-0.009866720278052616,-3.8128948721726186,0.1796875,128,0.390625,-3.8128948721726186,-1.9795078252542557,20,0.5,343,0.41690962099125367,0.9777945816991075,-1.120367524061742,-0.003266377621171259,-6.7114412433553285,0.4139941690962099,343,0.41690962099125367,-6.7114412433553285,-2.2314106275917265,17,0.5882352941176471
SPXW,"d65ret,d80",0.0,1,score_desc,d65ret,21,1,15,False,False,False,False,False,-47.22896739123192,-11.687556482820284,-47.22896739123192,102,0.4117647058823529,0.9737109711885562,-0.44637393380479057,-0.004376215037301868,-3.2004091496508162,0.21568627450980393,102,0.4117647058823529,-3.2004091496508162,-5.600685458244761,0,0.3333333333333333,128,0.390625,0.9426623750726383,-1.262940195590735,-0.009866720278052616,-3.8128948721726186,0.1796875,128,0.390625,-3.8128948721726186,-1.9795078252542557,20,0.5,343,0.41690962099125367,0.9777945816991075,-1.120367524061742,-0.003266377621171259,-6.7114412433553285,0.4139941690962099,343,0.41690962099125367,-6.7114412433553285,-2.2314106275917265,17,0.5882352941176471
SPXW,"d65ret,d80",0.0,1,score_desc,d65ret,21,1,30,False,False,False,False,False,-47.22896739123192,-11.687556482820284,-47.22896739123192,102,0.4117647058823529,0.9737109711885562,-0.44637393380479057,-0.004376215037301868,-3.2004091496508162,0.21568627450980393,102,0.4117647058823529,-3.2004091496508162,-5.600685458244761,0,0.3333333333333333,128,0.390625,0.9426623750726383,-1.262940195590735,-0.009866720278052616,-3.8128948721726186,0.1796875,128,0.390625,-3.8128948721726186,-1.9795078252542557,20,0.5,343,0.41690962099125367,0.9777945816991075,-1.120367524061742,-0.003266377621171259,-6.7114412433553285,0.4139941690962099,343,0.41690962099125367,-6.7114412433553285,-2.2314106275917265,17,0.5882352941176471
SPXW,"d50ret,d65ret,d80_zero",-999999.0,1,score_desc,d65win,22,1,0,False,False,False,False,False,-47.284859902181346,13.575009868596423,-47.284859902181346,103,0.4077669902912621,0.9816501299470797,-0.2791231223540305,-0.00270993322673816,-3.7745448323388695,0.14563106796116504,103,0.4077669902912621,-3.7745448323388695,-8.956620930992178,0,0.5,128,0.421875,1.0297181858088036,0.5741851878376565,0.004485821779981691,-3.8303287129484787,0.234375,128,0.421875,-3.8303287129484787,4.353995980660586,20,0.5,350,0.4514285714285714,1.1521732625835184,6.591490774907388,0.01883283078544968,-4.20754326285319,0.4542857142857143,350,0.4514285714285714,-4.20754326285319,0.3792768715564387,19,0.4117647058823529
SPXW,"d50ret,d65ret,d80_zero",-999999.0,1,score_desc,d65win,22,1,15,False,False,False,False,False,-47.284859902181346,13.575009868596423,-47.284859902181346,103,0.4077669902912621,0.9816501299470797,-0.2791231223540305,-0.00270993322673816,-3.7745448323388695,0.14563106796116504,103,0.4077669902912621,-3.7745448323388695,-8.956620930992178,0,0.5,128,0.421875,1.0297181858088036,0.5741851878376565,0.004485821779981691,-3.8303287129484787,0.234375,128,0.421875,-3.8303287129484787,4.353995980660586,20,0.5,350,0.4514285714285714,1.1521732625835184,6.591490774907388,0.01883283078544968,-4.20754326285319,0.4542857142857143,350,0.4514285714285714,-4.20754326285319,0.3792768715564387,19,0.4117647058823529
SPXW,"d50ret,d65ret,d80_zero",-999999.0,1,score_desc,d65win,22,1,30,False,False,False,False,False,-47.284859902181346,13.575009868596423,-47.284859902181346,103,0.4077669902912621,0.9816501299470797,-0.2791231223540305,-0.00270993322673816,-3.7745448323388695,0.14563106796116504,103,0.4077669902912621,-3.7745448323388695,-8.956620930992178,0,0.5,128,0.421875,1.0297181858088036,0.5741851878376565,0.004485821779981691,-3.8303287129484787,0.234375,128,0.421875,-3.8303287129484787,4.353995980660586,20,0.5,350,0.4514285714285714,1.1521732625835184,6.591490774907388,0.01883283078544968,-4.20754326285319,0.4542857142857143,350,0.4514285714285714,-4.20754326285319,0.3792768715564387,19,0.4117647058823529
SPXW,"d50ret,d65ret,d80_zero",0.0,1,score_desc,d65win,22,1,0,False,False,False,False,False,-47.284859902181346,13.575009868596423,-47.284859902181346,103,0.4077669902912621,0.9816501299470797,-0.2791231223540305,-0.00270993322673816,-3.7745448323388695,0.14563106796116504,103,0.4077669902912621,-3.7745448323388695,-8.956620930992178,0,0.5,128,0.421875,1.0297181858088036,0.5741851878376565,0.004485821779981691,-3.8303287129484787,0.234375,128,0.421875,-3.8303287129484787,4.353995980660586,20,0.5,345,0.43478260869565216,1.0652904782720871,2.8515665184794976,0.008265410198491297,-4.5009333617526055,0.4260869565217391,345,0.43478260869565216,-4.5009333617526055,0.8767110932881346,17,0.35294117647058826
SPXW,"d50ret,d65ret,d80_zero",0.0,1,score_desc,d65win,22,1,15,False,False,False,False,False,-47.284859902181346,13.575009868596423,-47.284859902181346,103,0.4077669902912621,0.9816501299470797,-0.2791231223540305,-0.00270993322673816,-3.7745448323388695,0.14563106796116504,103,0.4077669902912621,-3.7745448323388695,-8.956620930992178,0,0.5,128,0.421875,1.0297181858088036,0.5741851878376565,0.004485821779981691,-3.8303287129484787,0.234375,128,0.421875,-3.8303287129484787,4.353995980660586,20,0.5,345,0.43478260869565216,1.0652904782720871,2.8515665184794976,0.008265410198491297,-4.5009333617526055,0.4260869565217391,345,0.43478260869565216,-4.5009333617526055,0.8767110932881346,17,0.35294117647058826
SPXW,"d50ret,d65ret,d80_zero",0.0,1,score_desc,d65win,22,1,30,False,False,False,False,False,-47.284859902181346,13.575009868596423,-47.284859902181346,103,0.4077669902912621,0.9816501299470797,-0.2791231223540305,-0.00270993322673816,-3.7745448323388695,0.14563106796116504,103,0.4077669902912621,-3.7745448323388695,-8.956620930992178,0,0.5,128,0.421875,1.0297181858088036,0.5741851878376565,0.004485821779981691,-3.8303287129484787,0.234375,128,0.421875,-3.8303287129484787,4.353995980660586,20,0.5,345,0.43478260869565216,1.0652904782720871,2.8515665184794976,0.008265410198491297,-4.5009333617526055,0.4260869565217391,345,0.43478260869565216,-4.5009333617526055,0.8767110932881346,17,0.35294117647058826
SPXW,"d50ret,d80",-999999.0,1,score_desc,d65win,22,4,30,False,False,False,False,False,-47.491129371772374,24.32717019078607,-47.491129371772374,106,0.41509433962264153,0.9639278952543555,-0.5527646178894785,-0.005214760546127155,-2.964004602146364,0.22641509433962265,89,0.449438202247191,-2.861334693727799,-5.115690611670492,0,0.3333333333333333,139,0.4892086330935252,1.3515929811719043,7.0853211554954445,0.050973533492772984,-2.293075087385292,0.17985611510791366,127,0.47244094488188976,-2.293075087385292,0.4537132734008214,22,0.6666666666666666,390,0.4282051282051282,1.1081573797985529,5.9709259163207395,0.01531006645210446,-3.5741307179852484,0.358974358974359,348,0.4339080459770115,-3.5741307179852475,0.5929326771423947,20,0.5882352941176471
SPXW,"d50ret,d80",0.0,1,score_desc,d65win,22,4,30,False,False,False,False,False,-47.491129371772374,22.538978495314502,-47.491129371772374,106,0.41509433962264153,0.9639278952543555,-0.5527646178894785,-0.005214760546127155,-2.964004602146364,0.22641509433962265,89,0.449438202247191,-2.861334693727799,-5.115690611670492,0,0.3333333333333333,139,0.4748201438848921,1.2883412637136324,5.980312366462183,0.04302382997454808,-2.386466919217715,0.15827338129496402,122,0.47540983606557374,-2.386466919217715,0.5375478833821643,22,0.5,386,0.41968911917098445,1.0685957736803615,3.7843315611249198,0.009803967774935026,-3.8970008069472666,0.35233160621761656,335,0.42686567164179107,-3.897000806947266,0.9947706464306637,19,0.47058823529411764
SPXW,"d65ret,d80_front,d80_zero",0.0,1,score_desc,d65win,22,1,0,False,False,False,False,False,-47.706544482046624,-12.507027075856938,-47.706544482046624,103,0.4174757281553398,0.9640902713667718,-0.5413254722574219,-0.005255587109295358,-4.457903057029166,0.14563106796116504,103,0.4174757281553398,-4.457903057029166,-4.6182936664232015,0,0.5,128,0.4140625,0.9070743883779044,-1.803231533624267,-0.014087746356439586,-3.7624276365095,0.21875,128,0.4140625,-3.7624276365095,-1.3863998900769645,20,0.3333333333333333,348,0.4511494252873563,1.0203227291954335,0.8704425994872218,0.0025012718376069593,-5.27180425349465,0.4339080459770115,348,0.4511494252873563,-5.27180425349465,2.8721020794165537,19,0.4117647058823529
SPXW,"d65ret,d80_front,d80_zero",0.0,1,score_desc,d65win,22,1,15,False,False,False,False,False,-47.706544482046624,-12.507027075856938,-47.706544482046624,103,0.4174757281553398,0.9640902713667718,-0.5413254722574219,-0.005255587109295358,-4.457903057029166,0.14563106796116504,103,0.4174757281553398,-4.457903057029166,-4.6182936664232015,0,0.5,128,0.4140625,0.9070743883779044,-1.803231533624267,-0.014087746356439586,-3.7624276365095,0.21875,128,0.4140625,-3.7624276365095,-1.3863998900769645,20,0.3333333333333333,348,0.4511494252873563,1.0203227291954335,0.8704425994872218,0.0025012718376069593,-5.27180425349465,0.4339080459770115,348,0.4511494252873563,-5.27180425349465,2.8721020794165537,19,0.4117647058823529
SPXW,"d65ret,d80_front,d80_zero",0.0,1,score_desc,d65win,22,1,30,False,False,False,False,False,-47.706544482046624,-12.507027075856938,-47.706544482046624,103,0.4174757281553398,0.9640902713667718,-0.5413254722574219,-0.005255587109295358,-4.457903057029166,0.14563106796116504,103,0.4174757281553398,-4.457903057029166,-4.6182936664232015,0,0.5,128,0.4140625,0.9070743883779044,-1.803231533624267,-0.014087746356439586,-3.7624276365095,0.21875,128,0.4140625,-3.7624276365095,-1.3863998900769645,20,0.3333333333333333,348,0.4511494252873563,1.0203227291954335,0.8704425994872218,0.0025012718376069593,-5.27180425349465,0.4339080459770115,348,0.4511494252873563,-5.27180425349465,2.8721020794165537,19,0.4117647058823529
SPXW,"d65ret,d80_front,d80_zero",-999999.0,1,score_desc,d65win,22,1,0,False,False,False,False,False,-47.706544482046624,-12.507027075856938,-47.706544482046624,103,0.4174757281553398,0.9640902713667718,-0.5413254722574219,-0.005255587109295358,-4.457903057029166,0.14563106796116504,103,0.4174757281553398,-4.457903057029166,-4.6182936664232015,0,0.5,128,0.4140625,0.9070743883779044,-1.803231533624267,-0.014087746356439586,-3.7624276365095,0.21875,128,0.4140625,-3.7624276365095,-1.3863998900769645,20,0.3333333333333333,349,0.4469914040114613,1.0028942330926636,0.12510206590569473,0.0003584586415635952,-5.609900058329054,0.4355300859598854,349,0.4469914040114613,-5.609900058329054,19.983682778544733,19,0.4117647058823529
SPXW,"d65ret,d80_front,d80_zero",-999999.0,1,score_desc,d65win,22,1,15,False,False,False,False,False,-47.706544482046624,-12.507027075856938,-47.706544482046624,103,0.4174757281553398,0.9640902713667718,-0.5413254722574219,-0.005255587109295358,-4.457903057029166,0.14563106796116504,103,0.4174757281553398,-4.457903057029166,-4.6182936664232015,0,0.5,128,0.4140625,0.9070743883779044,-1.803231533624267,-0.014087746356439586,-3.7624276365095,0.21875,128,0.4140625,-3.7624276365095,-1.3863998900769645,20,0.3333333333333333,349,0.4469914040114613,1.0028942330926636,0.12510206590569473,0.0003584586415635952,-5.609900058329054,0.4355300859598854,349,0.4469914040114613,-5.609900058329054,19.983682778544733,19,0.4117647058823529
SPXW,"d65ret,d80_front,d80_zero",-999999.0,1,score_desc,d65win,22,1,30,False,False,False,False,False,-47.706544482046624,-12.507027075856938,-47.706544482046624,103,0.4174757281553398,0.9640902713667718,-0.5413254722574219,-0.005255587109295358,-4.457903057029166,0.14563106796116504,103,0.4174757281553398,-4.457903057029166,-4.6182936664232015,0,0.5,128,0.4140625,0.9070743883779044,-1.803231533624267,-0.014087746356439586,-3.7624276365095,0.21875,128,0.4140625,-3.7624276365095,-1.3863998900769645,20,0.3333333333333333,349,0.4469914040114613,1.0028942330926636,0.12510206590569473,0.0003584586415635952,-5.609900058329054,0.4355300859598854,349,0.4469914040114613,-5.609900058329054,19.983682778544733,19,0.4117647058823529
SPXW,"d50ret,d80",-999999.0,1,score_desc,d65win,21,3,0,False,False,False,False,False,-48.00261034206184,24.33896674097406,-48.00261034206184,101,0.4158415841584158,0.9510297097172292,-0.7219554092328642,-0.007148073358741229,-2.911394949653225,0.2376237623762376,88,0.4318181818181818,-2.8087250412346605,-3.9168246820195844,0,0.3333333333333333,137,0.48905109489051096,1.3585518055922976,7.222591164876701,0.05271964353924599,-2.293075087385292,0.18248175182481752,127,0.47244094488188976,-2.293075087385292,0.4326006648374376,21,0.6666666666666666,381,0.4304461942257218,1.120157567736485,6.568917160805519,0.017241252390565665,-3.3252416945059666,0.3464566929133858,348,0.43103448275862066,-3.3252416945059666,0.6353568356241842,20,0.5294117647058824
SPXW,"d50ret,d80",-999999.0,1,score_desc,d65win,21,3,15,False,False,False,False,False,-48.00261034206184,24.330682735699344,-48.00261034206184,101,0.4158415841584158,0.9510297097172292,-0.7219554092328642,-0.007148073358741229,-2.911394949653225,0.2376237623762376,88,0.4318181818181818,-2.8087250412346605,-3.9168246820195844,0,0.3333333333333333,137,0.48905109489051096,1.357863122213553,7.208718473652904,0.05261838301936426,-2.293075087385292,0.18248175182481752,127,0.47244094488188976,-2.293075087385292,0.43150874318644417,21,0.6666666666666666,381,0.42782152230971127,1.1096583875036785,5.972471538148365,0.01567577831535004,-3.3133743690616964,0.3543307086614173,348,0.43103448275862066,-3.3133743690616964,0.6177822054822009,20,0.5294117647058824
SPXW,"d50ret,d80",-999999.0,1,score_desc,d65win,21,3,30,False,False,False,False,False,-48.00261034206184,24.045190954384434,-48.00261034206184,101,0.4158415841584158,0.9510297097172292,-0.7219554092328642,-0.007148073358741229,-2.911394949653225,0.2376237623762376,88,0.4318181818181818,-2.8087250412346605,-3.9168246820195844,0,0.3333333333333333,137,0.48905109489051096,1.3341290179922731,6.730623735929564,0.049128640408244995,-2.293075087385292,0.18248175182481752,127,0.47244094488188976,-2.293075087385292,0.46387925639738914,21,0.6666666666666666,380,0.42894736842105263,1.109613647376461,5.937150702501388,0.015624080796056284,-3.4060838029815015,0.35526315789473684,348,0.43103448275862066,-3.4060838029815015,0.5629460847637513,20,0.5294117647058824
SPXW,"d50ret,d80",0.0,1,score_desc,d65win,21,3,0,False,False,False,False,False,-48.00261034206184,22.66268171729273,-48.00261034206184,101,0.4158415841584158,0.9510297097172292,-0.7219554092328642,-0.007148073358741229,-2.911394949653225,0.2376237623762376,88,0.4318181818181818,-2.8087250412346605,-3.9168246820195844,0,0.3333333333333333,137,0.4744525547445255,1.2950773829789428,6.1175823758434404,0.04465388595506161,-2.386466919217715,0.16058394160583941,122,0.47540983606557374,-2.386466919217715,0.5107406076152565,21,0.5,379,0.42216358839050133,1.0757233022164265,4.143220388724622,0.010931979917479214,-3.2626510126954127,0.33773087071240104,335,0.42686567164179107,-3.2626510126954127,1.0411310659683228,19,0.4117647058823529
SPXW,"d50ret,d80",0.0,1,score_desc,d65win,21,3,30,False,False,False,False,False,-48.00261034206184,21.947315747002968,-48.00261034206184,101,0.4158415841584158,0.9510297097172292,-0.7219554092328642,-0.007148073358741229,-2.911394949653225,0.2376237623762376,88,0.4318181818181818,-2.8087250412346605,-3.9168246820195844,0,0.3333333333333333,137,0.4744525547445255,1.2713476720366221,5.625614946896303,0.041062882824060606,-2.386466919217715,0.16058394160583941,122,0.47540983606557374,-2.386466919217715,0.5549965227243582,21,0.5,377,0.41909814323607425,1.0689382658410425,3.7326566313275342,0.009900945971691073,-3.767865820866803,0.34748010610079577,335,0.42388059701492536,-3.7678658208668026,1.00754996041755,19,0.4117647058823529
SPXW,"d50ret,d80",0.0,1,score_desc,d65win,21,3,15,False,False,False,False,False,-48.00261034206184,22.642509546059607,-48.00261034206184,101,0.4158415841584158,0.9510297097172292,-0.7219554092328642,-0.007148073358741229,-2.911394949653225,0.2376237623762376,88,0.4318181818181818,-2.8087250412346605,-3.9168246820195844,0,0.3333333333333333,137,0.4744525547445255,1.294408243248621,6.103709684619643,0.04455262543517988,-2.386466919217715,0.16058394160583941,122,0.47540983606557374,-2.386466919217715,0.5096286044516725,21,0.5,379,0.41952506596306066,1.065873042272162,3.6050350744770103,0.009511965895717706,-3.670979180124589,0.3482849604221636,335,0.42388059701492536,-3.670979180124588,1.1395808508558851,19,0.4117647058823529
SPXW,"d50ret,d80",-999999.0,1,score_desc,d65ret,21,2,30,False,False,False,False,False,-48.103418757617966,22.28620408431978,-48.103418757617966,107,0.411214953271028,0.9532176365246205,-0.8615052326839305,-0.008051450772747014,-3.5295124237357482,0.18691588785046728,100,0.42,-3.5295124237357482,-3.482277165808744,0,0.5,132,0.45454545454545453,1.2812767163604415,5.834744264438475,0.04420260806392784,-2.4833333333333316,0.17424242424242425,127,0.4645669291338583,-2.4833333333333316,0.4284677933936142,20,0.6666666666666666,377,0.4244031830238727,1.1105458598035467,6.16113916483355,0.01634254420380252,-4.625241694505967,0.3660477453580902,348,0.42528735632183906,-4.625241694505967,0.7951435199270386,19,0.6470588235294118
SPXW,"d50ret,d80",-999999.0,1,score_desc,d65ret,21,3,30,False,False,False,False,False,-48.103418757617966,22.28620408431978,-48.103418757617966,107,0.411214953271028,0.9532176365246205,-0.8615052326839305,-0.008051450772747014,-3.5295124237357482,0.18691588785046728,100,0.42,-3.5295124237357482,-3.482277165808744,0,0.5,132,0.45454545454545453,1.2812767163604415,5.834744264438475,0.04420260806392784,-2.4833333333333316,0.17424242424242425,127,0.4645669291338583,-2.4833333333333316,0.4284677933936142,20,0.6666666666666666,377,0.4244031830238727,1.1105458598035467,6.16113916483355,0.01634254420380252,-4.625241694505967,0.3660477453580902,348,0.42528735632183906,-4.625241694505967,0.7951435199270386,19,0.6470588235294118
SPXW,"d50ret,d80",-999999.0,1,score_desc,d65ret,21,4,30,False,False,False,False,False,-48.103418757617966,22.28620408431978,-48.103418757617966,107,0.411214953271028,0.9532176365246205,-0.8615052326839305,-0.008051450772747014,-3.5295124237357482,0.18691588785046728,100,0.42,-3.5295124237357482,-3.482277165808744,0,0.5,132,0.45454545454545453,1.2812767163604415,5.834744264438475,0.04420260806392784,-2.4833333333333316,0.17424242424242425,127,0.4645669291338583,-2.4833333333333316,0.4284677933936142,20,0.6666666666666666,377,0.4244031830238727,1.1105458598035467,6.16113916483355,0.01634254420380252,-4.625241694505967,0.3660477453580902,348,0.42528735632183906,-4.625241694505967,0.7951435199270386,19,0.6470588235294118
SPXW,"d50ret,d80",0.0,1,score_desc,d65ret,21,3,30,False,False,False,False,False,-48.103418757617966,23.999963288337057,-48.103418757617966,107,0.411214953271028,0.9532176365246205,-0.8615052326839305,-0.008051450772747014,-3.5295124237357482,0.18691588785046728,100,0.42,-3.5295124237357482,-3.482277165808744,0,0.5,132,0.4696969696969697,1.3667416502216359,7.481665584335022,0.05667928472981077,-2.3547085103029985,0.18181818181818182,122,0.4918032786885246,-2.2774802861251215,0.4009802317656842,20,0.6666666666666666,371,0.42318059299191374,1.1022348401620405,5.696725079750993,0.015355054123318041,-4.93137864281102,0.37735849056603776,334,0.41916167664670656,-4.93137864281102,0.9431226523659231,17,0.5294117647058824
SPXW,"d50ret,d80",0.0,1,score_desc,d65ret,21,4,30,False,False,False,False,False,-48.103418757617966,23.999963288337057,-48.103418757617966,107,0.411214953271028,0.9532176365246205,-0.8615052326839305,-0.008051450772747014,-3.5295124237357482,0.18691588785046728,100,0.42,-3.5295124237357482,-3.482277165808744,0,0.5,132,0.4696969696969697,1.3667416502216359,7.481665584335022,0.05667928472981077,-2.3547085103029985,0.18181818181818182,122,0.4918032786885246,-2.2774802861251215,0.4009802317656842,20,0.6666666666666666,371,0.42318059299191374,1.1022348401620405,5.696725079750993,0.015355054123318041,-4.93137864281102,0.37735849056603776,334,0.41916167664670656,-4.93137864281102,0.9431226523659231,17,0.5294117647058824
SPXW,"d50ret,d80",0.0,1,score_desc,d65ret,21,2,0,False,False,False,False,False,-48.103418757617966,23.999963288337057,-48.103418757617966,107,0.411214953271028,0.9532176365246205,-0.8615052326839305,-0.008051450772747014,-3.5295124237357482,0.18691588785046728,100,0.42,-3.5295124237357482,-3.482277165808744,0,0.5,132,0.4696969696969697,1.3667416502216359,7.481665584335022,0.05667928472981077,-2.3547085103029985,0.18181818181818182,122,0.4918032786885246,-2.2774802861251215,0.4009802317656842,20,0.6666666666666666,377,0.4217506631299735,1.0988023171786157,5.595152467323173,0.014841253228973932,-4.131378642811018,0.3687002652519894,334,0.4281437125748503,-4.131378642811018,0.8936306971438251,17,0.5882352941176471
SPXW,"d50ret,d80",-999999.0,1,score_desc,d65ret,21,2,0,False,False,False,False,False,-48.103418757617966,22.28620408431978,-48.103418757617966,107,0.411214953271028,0.9532176365246205,-0.8615052326839305,-0.008051450772747014,-3.5295124237357482,0.18691588785046728,100,0.42,-3.5295124237357482,-3.482277165808744,0,0.5,132,0.45454545454545453,1.2812767163604415,5.834744264438475,0.04420260806392784,-2.4833333333333316,0.17424242424242425,127,0.4645669291338583,-2.4833333333333316,0.4284677933936142,20,0.6666666666666666,381,0.4199475065616798,1.098089052235053,5.5559208950831955,0.014582469540900776,-3.8252416945059675,0.3543307086614173,348,0.43103448275862066,-3.8252416945059675,0.8553373470854302,19,0.5882352941176471
SPXW,"d50ret,d80",-999999.0,1,score_desc,d65ret,21,3,0,False,False,False,False,False,-48.103418757617966,22.28620408431978,-48.103418757617966,107,0.411214953271028,0.9532176365246205,-0.8615052326839305,-0.008051450772747014,-3.5295124237357482,0.18691588785046728,100,0.42,-3.5295124237357482,-3.482277165808744,0,0.5,132,0.45454545454545453,1.2812767163604415,5.834744264438475,0.04420260806392784,-2.4833333333333316,0.17424242424242425,127,0.4645669291338583,-2.4833333333333316,0.4284677933936142,20,0.6666666666666666,381,0.4199475065616798,1.098089052235053,5.5559208950831955,0.014582469540900776,-3.8252416945059675,0.3543307086614173,348,0.43103448275862066,-3.8252416945059675,0.8553373470854302,19,0.5882352941176471
SPXW,"d50ret,d80",-999999.0,1,score_desc,d65ret,21,4,0,False,False,False,False,False,-48.103418757617966,22.28620408431978,-48.103418757617966,107,0.411214953271028,0.9532176365246205,-0.8615052326839305,-0.008051450772747014,-3.5295124237357482,0.18691588785046728,100,0.42,-3.5295124237357482,-3.482277165808744,0,0.5,132,0.45454545454545453,1.2812767163604415,5.834744264438475,0.04420260806392784,-2.4833333333333316,0.17424242424242425,127,0.4645669291338583,-2.4833333333333316,0.4284677933936142,20,0.6666666666666666,381,0.4199475065616798,1.098089052235053,5.5559208950831955,0.014582469540900776,-3.8252416945059675,0.3543307086614173,348,0.43103448275862066,-3.8252416945059675,0.8553373470854302,19,0.5882352941176471
SPXW,"d50ret,d80",0.0,1,score_desc,d65ret,21,3,0,False,False,False,False,False,-48.103418757617966,23.999963288337057,-48.103418757617966,107,0.411214953271028,0.9532176365246205,-0.8615052326839305,-0.008051450772747014,-3.5295124237357482,0.18691588785046728,100,0.42,-3.5295124237357482,-3.482277165808744,0,0.5,132,0.4696969696969697,1.3667416502216359,7.481665584335022,0.05667928472981077,-2.3547085103029985,0.18181818181818182,122,0.4918032786885246,-2.2774802861251215,0.4009802317656842,20,0.6666666666666666,377,0.4217506631299735,1.090048970942157,5.099452485877219,0.013526399166783073,-4.131378642811018,0.3687002652519894,334,0.4281437125748503,-4.131378642811018,0.9804974188596424,17,0.5882352941176471
SPXW,"d50ret,d80",0.0,1,score_desc,d65ret,21,4,0,False,False,False,False,False,-48.103418757617966,23.999963288337057,-48.103418757617966,107,0.411214953271028,0.9532176365246205,-0.8615052326839305,-0.008051450772747014,-3.5295124237357482,0.18691588785046728,100,0.42,-3.5295124237357482,-3.482277165808744,0,0.5,132,0.4696969696969697,1.3667416502216359,7.481665584335022,0.05667928472981077,-2.3547085103029985,0.18181818181818182,122,0.4918032786885246,-2.2774802861251215,0.4009802317656842,20,0.6666666666666666,377,0.4217506631299735,1.090048970942157,5.099452485877219,0.013526399166783073,-4.131378642811018,0.3687002652519894,334,0.4281437125748503,-4.131378642811018,0.9804974188596424,17,0.5882352941176471
SPXW,"d50ret,d80",0.0,1,score_desc,d65ret,21,2,30,False,False,False,False,False,-48.103418757617966,23.999963288337057,-48.103418757617966,107,0.411214953271028,0.9532176365246205,-0.8615052326839305,-0.008051450772747014,-3.5295124237357482,0.18691588785046728,100,0.42,-3.5295124237357482,-3.482277165808744,0,0.5,132,0.4696969696969697,1.3667416502216359,7.481665584335022,0.05667928472981077,-2.3547085103029985,0.18181818181818182,122,0.4918032786885246,-2.2774802861251215,0.4009802317656842,20,0.6666666666666666,371,0.42048517520215634,1.0896793888344414,5.024014612736762,0.013541818363171865,-4.93137864281102,0.37735849056603776,334,0.4161676646706587,-4.93137864281102,0.995220035253106,17,0.5294117647058824
SPXW,"d50ret,d80",-999999.0,1,score_desc,d65ret,21,2,15,False,False,False,False,False,-48.103418757617966,22.28620408431978,-48.103418757617966,107,0.411214953271028,0.9532176365246205,-0.8615052326839305,-0.008051450772747014,-3.5295124237357482,0.18691588785046728,100,0.42,-3.5295124237357482,-3.482277165808744,0,0.5,132,0.45454545454545453,1.2812767163604415,5.834744264438475,0.04420260806392784,-2.4833333333333316,0.17424242424242425,127,0.4645669291338583,-2.4833333333333316,0.4284677933936142,20,0.6666666666666666,378,0.42063492063492064,1.0873568004933756,4.921139202980523,0.013018886780371754,-4.6252416945059664,0.35978835978835977,348,0.4281609195402299,-4.625241694505968,0.9656679973894609,19,0.5882352941176471
SPXW,"d50ret,d80",-999999.0,1,score_desc,d65ret,21,3,15,False,False,False,False,False,-48.103418757617966,22.28620408431978,-48.103418757617966,107,0.411214953271028,0.9532176365246205,-0.8615052326839305,-0.008051450772747014,-3.5295124237357482,0.18691588785046728,100,0.42,-3.5295124237357482,-3.482277165808744,0,0.5,132,0.45454545454545453,1.2812767163604415,5.834744264438475,0.04420260806392784,-2.4833333333333316,0.17424242424242425,127,0.4645669291338583,-2.4833333333333316,0.4284677933936142,20,0.6666666666666666,378,0.42063492063492064,1.0873568004933756,4.921139202980523,0.013018886780371754,-4.6252416945059664,0.35978835978835977,348,0.4281609195402299,-4.625241694505968,0.9656679973894609,19,0.5882352941176471
SPXW,"d50ret,d80",-999999.0,1,score_desc,d65ret,21,4,15,False,False,False,False,False,-48.103418757617966,22.28620408431978,-48.103418757617966,107,0.411214953271028,0.9532176365246205,-0.8615052326839305,-0.008051450772747014,-3.5295124237357482,0.18691588785046728,100,0.42,-3.5295124237357482,-3.482277165808744,0,0.5,132,0.45454545454545453,1.2812767163604415,5.834744264438475,0.04420260806392784,-2.4833333333333316,0.17424242424242425,127,0.4645669291338583,-2.4833333333333316,0.4284677933936142,20,0.6666666666666666,378,0.42063492063492064,1.0873568004933756,4.921139202980523,0.013018886780371754,-4.6252416945059664,0.35978835978835977,348,0.4281609195402299,-4.625241694505968,0.9656679973894609,19,0.5882352941176471
SPXW,"d50ret,d80",0.0,1,score_desc,d65ret,21,2,15,False,False,False,False,False,-48.103418757617966,23.999963288337057,-48.103418757617966,107,0.411214953271028,0.9532176365246205,-0.8615052326839305,-0.008051450772747014,-3.5295124237357482,0.18691588785046728,100,0.42,-3.5295124237357482,-3.482277165808744,0,0.5,132,0.4696969696969697,1.3667416502216359,7.481665584335022,0.05667928472981077,-2.3547085103029985,0.18181818181818182,122,0.4918032786885246,-2.2774802861251215,0.4009802317656842,20,0.6666666666666666,374,0.4197860962566845,1.0822423949300262,4.656725117897967,0.012451136678871568,-4.931378642811019,0.37433155080213903,334,0.4221556886227545,-4.93137864281102,1.0737159427303682,17,0.5882352941176471
SPXW,"d50ret,d80",0.0,1,score_desc,d65ret,21,3,15,False,False,False,False,False,-48.103418757617966,23.999963288337057,-48.103418757617966,107,0.411214953271028,0.9532176365246205,-0.8615052326839305,-0.008051450772747014,-3.5295124237357482,0.18691588785046728,100,0.42,-3.5295124237357482,-3.482277165808744,0,0.5,132,0.4696969696969697,1.3667416502216359,7.481665584335022,0.05667928472981077,-2.3547085103029985,0.18181818181818182,122,0.4918032786885246,-2.2774802861251215,0.4009802317656842,20,0.6666666666666666,374,0.4197860962566845,1.0822423949300262,4.656725117897967,0.012451136678871568,-4.931378642811019,0.37433155080213903,334,0.4221556886227545,-4.93137864281102,1.0737159427303682,17,0.5882352941176471
SPXW,"d50ret,d80",0.0,1,score_desc,d65ret,21,4,15,False,False,False,False,False,-48.103418757617966,23.999963288337057,-48.103418757617966,107,0.411214953271028,0.9532176365246205,-0.8615052326839305,-0.008051450772747014,-3.5295124237357482,0.18691588785046728,100,0.42,-3.5295124237357482,-3.482277165808744,0,0.5,132,0.4696969696969697,1.3667416502216359,7.481665584335022,0.05667928472981077,-2.3547085103029985,0.18181818181818182,122,0.4918032786885246,-2.2774802861251215,0.4009802317656842,20,0.6666666666666666,374,0.4197860962566845,1.0822423949300262,4.656725117897967,0.012451136678871568,-4.931378642811019,0.37433155080213903,334,0.4221556886227545,-4.93137864281102,1.0737159427303682,17,0.5882352941176471
SPXW,"d50ret,d65ret,d80",-999999.0,1,score_desc,d65win,22,1,0,False,False,False,False,False,-48.19880402816494,17.13208161509777,-48.19880402816494,103,0.4174757281553398,0.945092802473114,-0.8311920705824258,-0.008069825927984716,-4.574544832338868,0.17475728155339806,103,0.4174757281553398,-4.574544832338868,-3.0077284041559986,0,0.5,128,0.4609375,1.1093290639985918,1.9632547556719266,0.015337927778686927,-3.3140461737276405,0.21875,128,0.4609375,-3.3140461737276405,1.273395616527806,20,0.5,350,0.46,1.1052553083126484,4.555320451029537,0.01301520128865582,-3.315217789838709,0.43142857142857144,350,0.46,-3.315217789838709,0.5488088109004452,19,0.5294117647058824
SPXW,"d50ret,d65ret,d80",-999999.0,1,score_desc,d65win,22,1,15,False,False,False,False,False,-48.19880402816494,17.13208161509777,-48.19880402816494,103,0.4174757281553398,0.945092802473114,-0.8311920705824258,-0.008069825927984716,-4.574544832338868,0.17475728155339806,103,0.4174757281553398,-4.574544832338868,-3.0077284041559986,0,0.5,128,0.4609375,1.1093290639985918,1.9632547556719266,0.015337927778686927,-3.3140461737276405,0.21875,128,0.4609375,-3.3140461737276405,1.273395616527806,20,0.5,350,0.46,1.1052553083126484,4.555320451029537,0.01301520128865582,-3.315217789838709,0.43142857142857144,350,0.46,-3.315217789838709,0.5488088109004452,19,0.5294117647058824
SPXW,"d50ret,d65ret,d80",-999999.0,1,score_desc,d65win,22,1,30,False,False,False,False,False,-48.19880402816494,17.13208161509777,-48.19880402816494,103,0.4174757281553398,0.945092802473114,-0.8311920705824258,-0.008069825927984716,-4.574544832338868,0.17475728155339806,103,0.4174757281553398,-4.574544832338868,-3.0077284041559986,0,0.5,128,0.4609375,1.1093290639985918,1.9632547556719266,0.015337927778686927,-3.3140461737276405,0.21875,128,0.4609375,-3.3140461737276405,1.273395616527806,20,0.5,350,0.46,1.1052553083126484,4.555320451029537,0.01301520128865582,-3.315217789838709,0.43142857142857144,350,0.46,-3.315217789838709,0.5488088109004452,19,0.5294117647058824
SPXW,"d50ret,d65ret,d80",0.0,1,score_desc,d65win,22,1,0,False,False,False,False,False,-48.19880402816494,17.13208161509777,-48.19880402816494,103,0.4174757281553398,0.945092802473114,-0.8311920705824258,-0.008069825927984716,-4.574544832338868,0.17475728155339806,103,0.4174757281553398,-4.574544832338868,-3.0077284041559986,0,0.5,128,0.4609375,1.1093290639985918,1.9632547556719266,0.015337927778686927,-3.3140461737276405,0.21875,128,0.4609375,-3.3140461737276405,1.273395616527806,20,0.5,347,0.4495677233429395,1.0704283509036112,3.0751537872769203,0.008862114660740404,-3.5790927926703286,0.42939481268011526,347,0.4495677233429395,-3.5790927926703286,0.8129674718524484,19,0.5294117647058824
SPXW,"d50ret,d65ret,d80",0.0,1,score_desc,d65win,22,1,15,False,False,False,False,False,-48.19880402816494,17.13208161509777,-48.19880402816494,103,0.4174757281553398,0.945092802473114,-0.8311920705824258,-0.008069825927984716,-4.574544832338868,0.17475728155339806,103,0.4174757281553398,-4.574544832338868,-3.0077284041559986,0,0.5,128,0.4609375,1.1093290639985918,1.9632547556719266,0.015337927778686927,-3.3140461737276405,0.21875,128,0.4609375,-3.3140461737276405,1.273395616527806,20,0.5,347,0.4495677233429395,1.0704283509036112,3.0751537872769203,0.008862114660740404,-3.5790927926703286,0.42939481268011526,347,0.4495677233429395,-3.5790927926703286,0.8129674718524484,19,0.5294117647058824
SPXW,"d50ret,d65ret,d80",0.0,1,score_desc,d65win,22,1,30,False,False,False,False,False,-48.19880402816494,17.13208161509777,-48.19880402816494,103,0.4174757281553398,0.945092802473114,-0.8311920705824258,-0.008069825927984716,-4.574544832338868,0.17475728155339806,103,0.4174757281553398,-4.574544832338868,-3.0077284041559986,0,0.5,128,0.4609375,1.1093290639985918,1.9632547556719266,0.015337927778686927,-3.3140461737276405,0.21875,128,0.4609375,-3.3140461737276405,1.273395616527806,20,0.5,347,0.4495677233429395,1.0704283509036112,3.0751537872769203,0.008862114660740404,-3.5790927926703286,0.42939481268011526,347,0.4495677233429395,-3.5790927926703286,0.8129674718524484,19,0.5294117647058824
SPXW,"d50ret,d80",-999999.0,1,score_desc,d65win,22,3,15,False,False,False,False,False,-48.46203536455303,24.612584068361116,-48.46203536455303,104,0.41346153846153844,0.9434081130006295,-0.8682736282095433,-0.008348784886630224,-2.8,0.23076923076923078,89,0.43820224719101125,-2.8,-3.2567760603669935,0,0.3333333333333333,139,0.4892086330935252,1.3753173474257012,7.563415893218785,0.05441306397999126,-2.293075087385292,0.17985611510791366,127,0.47244094488188976,-2.293075087385292,0.423503429484162,22,0.6666666666666666,390,0.4282051282051282,1.1112150626561366,6.156393950993429,0.015785625515367767,-3.2923621561164467,0.3564102564102564,348,0.4339080459770115,-3.2923621561164467,0.6314975967948041,20,0.5882352941176471
SPXW,"d50ret,d80",-999999.0,1,score_desc,d65win,22,3,0,False,False,False,False,False,-48.46203536455303,24.620865813132955,-48.46203536455303,104,0.41346153846153844,0.9434081130006295,-0.8682736282095433,-0.008348784886630224,-2.8,0.23076923076923078,89,0.43820224719101125,-2.8,-3.2567760603669935,0,0.3333333333333333,139,0.4892086330935252,1.3760057482415866,7.577288584442583,0.05451286751397542,-2.293075087385292,0.17985611510791366,127,0.47244094488188976,-2.293075087385292,0.42455889395871876,22,0.6666666666666666,390,0.4256410256410256,1.1027540598925494,5.7544592199912135,0.01475502364100311,-3.343141410483999,0.34615384615384615,348,0.43103448275862066,-3.343141410484,0.7252821266449374,20,0.6470588235294118
SPXW,"d50ret,d80",0.0,1,score_desc,d65win,22,3,0,False,False,False,False,False,-48.46203536455303,23.036991241961147,-48.46203536455303,104,0.41346153846153844,0.9434081130006295,-0.8682736282095433,-0.008348784886630224,-2.8,0.23076923076923078,89,0.43820224719101125,-2.8,-3.2567760603669935,0,0.3333333333333333,139,0.4748201438848921,1.3120615146764567,6.472279795409321,0.04656316399575051,-2.386466919217714,0.15827338129496402,122,0.47540983606557374,-2.386466919217715,0.49704360168402123,22,0.5,388,0.42010309278350516,1.0699036849763364,3.912155154209304,0.010082874108786865,-3.280550728673446,0.33762886597938147,335,0.42686567164179107,-3.280550728673446,1.103570590095622,19,0.5294117647058824
SPXW,"d50ret,d80",0.0,1,score_desc,d65win,22,3,15,False,False,False,False,False,-48.46203536455303,23.028865719923616,-48.46203536455303,104,0.41346153846153844,0.9434081130006295,-0.8682736282095433,-0.008348784886630224,-2.8,0.23076923076923078,89,0.43820224719101125,-2.8,-3.2567760603669935,0,0.3333333333333333,139,0.4748201438848921,1.3113926417023607,6.4584071041855236,0.046463360461766356,-2.386466919217714,0.15827338129496402,122,0.47540983606557374,-2.386466919217715,0.4959632487889012,22,0.5,388,0.42010309278350516,1.068124130153365,3.788957487322075,0.009765354348768235,-3.6499669671793393,0.35051546391752575,335,0.42686567164179107,-3.649966967179339,1.0852412209739126,19,0.47058823529411764
SPXW,d80,-999999.0,1,score_desc,d65ret,21,1,0,False,False,False,False,False,-48.50375188928553,13.313796634496297,-48.50375188928553,101,0.4158415841584158,0.9431287167510669,-0.9485832041210662,-0.009391912912089765,-3.7004091496508167,0.19801980198019803,101,0.4158415841584158,-3.7004091496508167,-2.635509451505035,0,0.3333333333333333,128,0.4140625,1.027062228064676,0.5717268574069485,0.004466616073491785,-2.277480286125123,0.1796875,128,0.4140625,-2.277480286125123,4.372717439475699,20,0.6666666666666666,345,0.4289855072463768,1.0619748508579205,2.9320376056530835,0.008498659726530676,-3.7820629533831083,0.4463768115942029,345,0.4289855072463768,-3.7820629533831083,0.852649364107712,19,0.5882352941176471
SPXW,d80,-999999.0,1,score_desc,d65ret,21,1,15,False,False,False,False,False,-48.50375188928553,13.313796634496297,-48.50375188928553,101,0.4158415841584158,0.9431287167510669,-0.9485832041210662,-0.009391912912089765,-3.7004091496508167,0.19801980198019803,101,0.4158415841584158,-3.7004091496508167,-2.635509451505035,0,0.3333333333333333,128,0.4140625,1.027062228064676,0.5717268574069485,0.004466616073491785,-2.277480286125123,0.1796875,128,0.4140625,-2.277480286125123,4.372717439475699,20,0.6666666666666666,345,0.4289855072463768,1.0619748508579205,2.9320376056530835,0.008498659726530676,-3.7820629533831083,0.4463768115942029,345,0.4289855072463768,-3.7820629533831083,0.852649364107712,19,0.5882352941176471
SPXW,d80,-999999.0,1,score_desc,d65ret,21,1,30,False,False,False,False,False,-48.50375188928553,13.313796634496297,-48.50375188928553,101,0.4158415841584158,0.9431287167510669,-0.9485832041210662,-0.009391912912089765,-3.7004091496508167,0.19801980198019803,101,0.4158415841584158,-3.7004091496508167,-2.635509451505035,0,0.3333333333333333,128,0.4140625,1.027062228064676,0.5717268574069485,0.004466616073491785,-2.277480286125123,0.1796875,128,0.4140625,-2.277480286125123,4.372717439475699,20,0.6666666666666666,345,0.4289855072463768,1.0619748508579205,2.9320376056530835,0.008498659726530676,-3.7820629533831083,0.4463768115942029,345,0.4289855072463768,-3.7820629533831083,0.852649364107712,19,0.5882352941176471
SPXW,d80,0.0,1,score_desc,d65ret,21,1,0,False,False,False,False,False,-48.50375188928553,13.313796634496297,-48.50375188928553,101,0.4158415841584158,0.9431287167510669,-0.9485832041210662,-0.009391912912089765,-3.7004091496508167,0.19801980198019803,101,0.4158415841584158,-3.7004091496508167,-2.635509451505035,0,0.3333333333333333,128,0.4140625,1.027062228064676,0.5717268574069485,0.004466616073491785,-2.277480286125123,0.1796875,128,0.4140625,-2.277480286125123,4.372717439475699,20,0.6666666666666666,342,0.4152046783625731,0.9987918107627406,-0.05858548236851657,-0.00017130258002490226,-6.566373927747928,0.43567251461988304,342,0.4152046783625731,-6.566373927747928,-42.672687821778226,17,0.5294117647058824
SPXW,d80,0.0,1,score_desc,d65ret,21,1,15,False,False,False,False,False,-48.50375188928553,13.313796634496297,-48.50375188928553,101,0.4158415841584158,0.9431287167510669,-0.9485832041210662,-0.009391912912089765,-3.7004091496508167,0.19801980198019803,101,0.4158415841584158,-3.7004091496508167,-2.635509451505035,0,0.3333333333333333,128,0.4140625,1.027062228064676,0.5717268574069485,0.004466616073491785,-2.277480286125123,0.1796875,128,0.4140625,-2.277480286125123,4.372717439475699,20,0.6666666666666666,342,0.4152046783625731,0.9987918107627406,-0.05858548236851657,-0.00017130258002490226,-6.566373927747928,0.43567251461988304,342,0.4152046783625731,-6.566373927747928,-42.672687821778226,17,0.5294117647058824
SPXW,d80,0.0,1,score_desc,d65ret,21,1,30,False,False,False,False,False,-48.50375188928553,13.313796634496297,-48.50375188928553,101,0.4158415841584158,0.9431287167510669,-0.9485832041210662,-0.009391912912089765,-3.7004091496508167,0.19801980198019803,101,0.4158415841584158,-3.7004091496508167,-2.635509451505035,0,0.3333333333333333,128,0.4140625,1.027062228064676,0.5717268574069485,0.004466616073491785,-2.277480286125123,0.1796875,128,0.4140625,-2.277480286125123,4.372717439475699,20,0.6666666666666666,342,0.4152046783625731,0.9987918107627406,-0.05858548236851657,-0.00017130258002490226,-6.566373927747928,0.43567251461988304,342,0.4152046783625731,-6.566373927747928,-42.672687821778226,17,0.5294117647058824
SPXW,"d50ret,d80",-999999.0,1,score_desc,d65win,21,2,30,False,False,False,False,False,-49.22432453731162,24.045190954384434,-49.22432453731162,99,0.41414141414141414,0.9242318981990358,-1.1084262218701022,-0.011196224463334365,-2.9399299258154947,0.23232323232323232,88,0.42045454545454547,-2.939929925815495,-2.5511601136879474,0,0.3333333333333333,137,0.48905109489051096,1.3341290179922731,6.730623735929564,0.049128640408244995,-2.293075087385292,0.18248175182481752,127,0.47244094488188976,-2.293075087385292,0.46387925639738914,21,0.6666666666666666,380,0.42894736842105263,1.109613647376461,5.937150702501388,0.015624080796056284,-3.4060838029815015,0.35526315789473684,348,0.43103448275862066,-3.4060838029815015,0.5629460847637513,20,0.5294117647058824
SPXW,"d50ret,d80",0.0,1,score_desc,d65win,21,2,30,False,False,False,False,False,-49.22432453731162,21.947315747002968,-49.22432453731162,99,0.41414141414141414,0.9242318981990358,-1.1084262218701022,-0.011196224463334365,-2.9399299258154947,0.23232323232323232,88,0.42045454545454547,-2.939929925815495,-2.5511601136879474,0,0.3333333333333333,137,0.4744525547445255,1.2713476720366221,5.625614946896303,0.041062882824060606,-2.386466919217715,0.16058394160583941,122,0.47540983606557374,-2.386466919217715,0.5549965227243582,21,0.5,377,0.41909814323607425,1.0689382658410425,3.7326566313275342,0.009900945971691073,-3.767865820866803,0.34748010610079577,335,0.42388059701492536,-3.7678658208668026,1.00754996041755,19,0.4117647058823529
SPXW,"d65ret,d80_zero",-999999.0,1,score_desc,d65win,22,1,0,False,False,False,False,False,-49.248939248626215,-15.487067980970814,-49.248939248626215,103,0.4077669902912621,0.9376482269925986,-0.9624813470443276,-0.009344479097517745,-4.457903057029166,0.14563106796116504,103,0.4077669902912621,-4.457903057029166,-2.5974529352461944,0,0.5,128,0.390625,0.8650887945528769,-2.673786088343566,-0.02088895381518411,-4.011231137434466,0.21875,128,0.390625,-4.011231137434466,-0.9350037427821206,20,0.3333333333333333,346,0.43641618497109824,1.0463447602965703,2.0256955282820286,0.005854611353416268,-5.6818802432295525,0.4624277456647399,346,0.43641618497109824,-5.6818802432295525,1.2341440088581448,17,0.4117647058823529
SPXW,"d65ret,d80_zero",-999999.0,1,score_desc,d65win,22,1,15,False,False,False,False,False,-49.248939248626215,-15.487067980970814,-49.248939248626215,103,0.4077669902912621,0.9376482269925986,-0.9624813470443276,-0.009344479097517745,-4.457903057029166,0.14563106796116504,103,0.4077669902912621,-4.457903057029166,-2.5974529352461944,0,0.5,128,0.390625,0.8650887945528769,-2.673786088343566,-0.02088895381518411,-4.011231137434466,0.21875,128,0.390625,-4.011231137434466,-0.9350037427821206,20,0.3333333333333333,346,0.43641618497109824,1.0463447602965703,2.0256955282820286,0.005854611353416268,-5.6818802432295525,0.4624277456647399,346,0.43641618497109824,-5.6818802432295525,1.2341440088581448,17,0.4117647058823529
SPXW,"d65ret,d80_zero",-999999.0,1,score_desc,d65win,22,1,30,False,False,False,False,False,-49.248939248626215,-15.487067980970814,-49.248939248626215,103,0.4077669902912621,0.9376482269925986,-0.9624813470443276,-0.009344479097517745,-4.457903057029166,0.14563106796116504,103,0.4077669902912621,-4.457903057029166,-2.5974529352461944,0,0.5,128,0.390625,0.8650887945528769,-2.673786088343566,-0.02088895381518411,-4.011231137434466,0.21875,128,0.390625,-4.011231137434466,-0.9350037427821206,20,0.3333333333333333,346,0.43641618497109824,1.0463447602965703,2.0256955282820286,0.005854611353416268,-5.6818802432295525,0.4624277456647399,346,0.43641618497109824,-5.6818802432295525,1.2341440088581448,17,0.4117647058823529
SPXW,"d65ret,d80_zero",0.0,1,score_desc,d65win,22,1,0,False,False,False,False,False,-49.248939248626215,-15.487067980970814,-49.248939248626215,103,0.4077669902912621,0.9376482269925986,-0.9624813470443276,-0.009344479097517745,-4.457903057029166,0.14563106796116504,103,0.4077669902912621,-4.457903057029166,-2.5974529352461944,0,0.5,128,0.390625,0.8650887945528769,-2.673786088343566,-0.02088895381518411,-4.011231137434466,0.21875,128,0.390625,-4.011231137434466,-0.9350037427821206,20,0.3333333333333333,342,0.4298245614035088,0.9800373192218917,-0.8804587741046634,-0.0025744408599551565,-5.9736699725694695,0.4327485380116959,342,0.4298245614035088,-5.9736699725694695,-2.8394287995394722,17,0.4117647058823529
SPXW,"d65ret,d80_zero",0.0,1,score_desc,d65win,22,1,15,False,False,False,False,False,-49.248939248626215,-15.487067980970814,-49.248939248626215,103,0.4077669902912621,0.9376482269925986,-0.9624813470443276,-0.009344479097517745,-4.457903057029166,0.14563106796116504,103,0.4077669902912621,-4.457903057029166,-2.5974529352461944,0,0.5,128,0.390625,0.8650887945528769,-2.673786088343566,-0.02088895381518411,-4.011231137434466,0.21875,128,0.390625,-4.011231137434466,-0.9350037427821206,20,0.3333333333333333,342,0.4298245614035088,0.9800373192218917,-0.8804587741046634,-0.0025744408599551565,-5.9736699725694695,0.4327485380116959,342,0.4298245614035088,-5.9736699725694695,-2.8394287995394722,17,0.4117647058823529
SPXW,"d65ret,d80_zero",0.0,1,score_desc,d65win,22,1,30,False,False,False,False,False,-49.248939248626215,-15.487067980970814,-49.248939248626215,103,0.4077669902912621,0.9376482269925986,-0.9624813470443276,-0.009344479097517745,-4.457903057029166,0.14563106796116504,103,0.4077669902912621,-4.457903057029166,-2.5974529352461944,0,0.5,128,0.390625,0.8650887945528769,-2.673786088343566,-0.02088895381518411,-4.011231137434466,0.21875,128,0.390625,-4.011231137434466,-0.9350037427821206,20,0.3333333333333333,342,0.4298245614035088,0.9800373192218917,-0.8804587741046634,-0.0025744408599551565,-5.9736699725694695,0.4327485380116959,342,0.4298245614035088,-5.9736699725694695,-2.8394287995394722,17,0.4117647058823529
SPXW,"d65ret,d80_front",0.0,1,score_desc,d65ret,21,1,0,False,False,False,False,False,-49.28502839590308,14.621239687626197,-49.28502839590308,82,0.3902439024390244,0.9485451966116019,-0.6910977741191218,-0.008428021635599046,-2.239896064855196,0.24390243902439024,82,0.3902439024390244,-2.239896064855196,-3.617433152908817,0,0.16666666666666666,128,0.4609375,1.0132489225713013,0.23279683719516497,0.0018187252905872264,-2.5758304081828665,0.2109375,128,0.4609375,-2.5758304081828665,10.738977514132323,20,0.6666666666666666,342,0.41812865497076024,0.9056874293387334,-4.407502388825181,-0.012887433885453745,-6.932893942437744,0.4502923976608187,342,0.41812865497076024,-6.932893942437744,-0.567214667050101,18,0.47058823529411764
SPXW,"d65ret,d80_front",0.0,1,score_desc,d65ret,21,1,15,False,False,False,False,False,-49.28502839590308,14.621239687626197,-49.28502839590308,82,0.3902439024390244,0.9485451966116019,-0.6910977741191218,-0.008428021635599046,-2.239896064855196,0.24390243902439024,82,0.3902439024390244,-2.239896064855196,-3.617433152908817,0,0.16666666666666666,128,0.4609375,1.0132489225713013,0.23279683719516497,0.0018187252905872264,-2.5758304081828665,0.2109375,128,0.4609375,-2.5758304081828665,10.738977514132323,20,0.6666666666666666,342,0.41812865497076024,0.9056874293387334,-4.407502388825181,-0.012887433885453745,-6.932893942437744,0.4502923976608187,342,0.41812865497076024,-6.932893942437744,-0.567214667050101,18,0.47058823529411764
SPXW,"d65ret,d80_front",0.0,1,score_desc,d65ret,21,1,30,False,False,False,False,False,-49.28502839590308,14.621239687626197,-49.28502839590308,82,0.3902439024390244,0.9485451966116019,-0.6910977741191218,-0.008428021635599046,-2.239896064855196,0.24390243902439024,82,0.3902439024390244,-2.239896064855196,-3.617433152908817,0,0.16666666666666666,128,0.4609375,1.0132489225713013,0.23279683719516497,0.0018187252905872264,-2.5758304081828665,0.2109375,128,0.4609375,-2.5758304081828665,10.738977514132323,20,0.6666666666666666,342,0.41812865497076024,0.9056874293387334,-4.407502388825181,-0.012887433885453745,-6.932893942437744,0.4502923976608187,342,0.41812865497076024,-6.932893942437744,-0.567214667050101,18,0.47058823529411764
SPXW,"d65ret,d80_front",-999999.0,1,score_desc,d65ret,21,1,0,False,False,False,False,False,-49.28502839590308,14.621239687626197,-49.28502839590308,82,0.3902439024390244,0.9485451966116019,-0.6910977741191218,-0.008428021635599046,-2.239896064855196,0.24390243902439024,82,0.3902439024390244,-2.239896064855196,-3.617433152908817,0,0.16666666666666666,128,0.4609375,1.0132489225713013,0.23279683719516497,0.0018187252905872264,-2.5758304081828665,0.2109375,128,0.4609375,-2.5758304081828665,10.738977514132323,20,0.6666666666666666,345,0.4144927536231884,0.8997446452001483,-4.716171846396678,-0.013670063322888922,-7.241563400009239,0.4463768115942029,345,0.4144927536231884,-7.241563400009239,-0.5300909469425056,18,0.47058823529411764
SPXW,"d65ret,d80_front",-999999.0,1,score_desc,d65ret,21,1,15,False,False,False,False,False,-49.28502839590308,14.621239687626197,-49.28502839590308,82,0.3902439024390244,0.9485451966116019,-0.6910977741191218,-0.008428021635599046,-2.239896064855196,0.24390243902439024,82,0.3902439024390244,-2.239896064855196,-3.617433152908817,0,0.16666666666666666,128,0.4609375,1.0132489225713013,0.23279683719516497,0.0018187252905872264,-2.5758304081828665,0.2109375,128,0.4609375,-2.5758304081828665,10.738977514132323,20,0.6666666666666666,345,0.4144927536231884,0.8997446452001483,-4.716171846396678,-0.013670063322888922,-7.241563400009239,0.4463768115942029,345,0.4144927536231884,-7.241563400009239,-0.5300909469425056,18,0.47058823529411764
SPXW,"d65ret,d80_front",-999999.0,1,score_desc,d65ret,21,1,30,False,False,False,False,False,-49.28502839590308,14.621239687626197,-49.28502839590308,82,0.3902439024390244,0.9485451966116019,-0.6910977741191218,-0.008428021635599046,-2.239896064855196,0.24390243902439024,82,0.3902439024390244,-2.239896064855196,-3.617433152908817,0,0.16666666666666666,128,0.4609375,1.0132489225713013,0.23279683719516497,0.0018187252905872264,-2.5758304081828665,0.2109375,128,0.4609375,-2.5758304081828665,10.738977514132323,20,0.6666666666666666,345,0.4144927536231884,0.8997446452001483,-4.716171846396678,-0.013670063322888922,-7.241563400009239,0.4463768115942029,345,0.4144927536231884,-7.241563400009239,-0.5300909469425056,18,0.47058823529411764
SPXW,"d50ret,d65ret,d80",-999999.0,1,score_desc,d65ret,21,1,0,False,False,False,False,False,-49.30136444723412,-10.940302535898043,-49.30136444723412,102,0.4019607843137255,0.9371221566527951,-1.0864961851396524,-0.010651923383722083,-3.2004091496508167,0.21568627450980393,102,0.4019607843137255,-3.2004091496508167,-2.300974484948296,0,0.3333333333333333,128,0.390625,0.9586668723537519,-0.9123399031352171,-0.007127655493243883,-3.812894872172618,0.21875,128,0.390625,-3.812894872172618,-2.7402067928946843,20,0.3333333333333333,349,0.4183381088825215,1.0171564144495304,0.8852055451996168,0.0025364055736378705,-6.364198465522916,0.42120343839541546,349,0.4183381088825215,-6.364198465522916,2.824202823352447,19,0.47058823529411764
SPXW,"d50ret,d65ret,d80",-999999.0,1,score_desc,d65ret,21,1,15,False,False,False,False,False,-49.30136444723412,-10.940302535898043,-49.30136444723412,102,0.4019607843137255,0.9371221566527951,-1.0864961851396524,-0.010651923383722083,-3.2004091496508167,0.21568627450980393,102,0.4019607843137255,-3.2004091496508167,-2.300974484948296,0,0.3333333333333333,128,0.390625,0.9586668723537519,-0.9123399031352171,-0.007127655493243883,-3.812894872172618,0.21875,128,0.390625,-3.812894872172618,-2.7402067928946843,20,0.3333333333333333,349,0.4183381088825215,1.0171564144495304,0.8852055451996168,0.0025364055736378705,-6.364198465522916,0.42120343839541546,349,0.4183381088825215,-6.364198465522916,2.824202823352447,19,0.47058823529411764
SPXW,"d50ret,d65ret,d80",-999999.0,1,score_desc,d65ret,21,1,30,False,False,False,False,False,-49.30136444723412,-10.940302535898043,-49.30136444723412,102,0.4019607843137255,0.9371221566527951,-1.0864961851396524,-0.010651923383722083,-3.2004091496508167,0.21568627450980393,102,0.4019607843137255,-3.2004091496508167,-2.300974484948296,0,0.3333333333333333,128,0.390625,0.9586668723537519,-0.9123399031352171,-0.007127655493243883,-3.812894872172618,0.21875,128,0.390625,-3.812894872172618,-2.7402067928946843,20,0.3333333333333333,349,0.4183381088825215,1.0171564144495304,0.8852055451996168,0.0025364055736378705,-6.364198465522916,0.42120343839541546,349,0.4183381088825215,-6.364198465522916,2.824202823352447,19,0.47058823529411764
SPXW,"d50ret,d65ret,d80",0.0,1,score_desc,d65ret,21,1,0,False,False,False,False,False,-49.30136444723412,-10.940302535898043,-49.30136444723412,102,0.4019607843137255,0.9371221566527951,-1.0864961851396524,-0.010651923383722083,-3.2004091496508167,0.21568627450980393,102,0.4019607843137255,-3.2004091496508167,-2.300974484948296,0,0.3333333333333333,128,0.390625,0.9586668723537519,-0.9123399031352171,-0.007127655493243883,-3.812894872172618,0.21875,128,0.390625,-3.812894872172618,-2.7402067928946843,20,0.3333333333333333,343,0.4110787172011662,0.998033307284256,-0.10088383468317019,-0.0002941219670063271,-6.7683671833984675,0.4198250728862974,343,0.4110787172011662,-6.7683671833984675,-24.780977129302748,17,0.47058823529411764
SPXW,"d50ret,d65ret,d80",0.0,1,score_desc,d65ret,21,1,15,False,False,False,False,False,-49.30136444723412,-10.940302535898043,-49.30136444723412,102,0.4019607843137255,0.9371221566527951,-1.0864961851396524,-0.010651923383722083,-3.2004091496508167,0.21568627450980393,102,0.4019607843137255,-3.2004091496508167,-2.300974484948296,0,0.3333333333333333,128,0.390625,0.9586668723537519,-0.9123399031352171,-0.007127655493243883,-3.812894872172618,0.21875,128,0.390625,-3.812894872172618,-2.7402067928946843,20,0.3333333333333333,343,0.4110787172011662,0.998033307284256,-0.10088383468317019,-0.0002941219670063271,-6.7683671833984675,0.4198250728862974,343,0.4110787172011662,-6.7683671833984675,-24.780977129302748,17,0.47058823529411764
SPXW,"d50ret,d65ret,d80",0.0,1,score_desc,d65ret,21,1,30,False,False,False,False,False,-49.30136444723412,-10.940302535898043,-49.30136444723412,102,0.4019607843137255,0.9371221566527951,-1.0864961851396524,-0.010651923383722083,-3.2004091496508167,0.21568627450980393,102,0.4019607843137255,-3.2004091496508167,-2.300974484948296,0,0.3333333333333333,128,0.390625,0.9586668723537519,-0.9123399031352171,-0.007127655493243883,-3.812894872172618,0.21875,128,0.390625,-3.812894872172618,-2.7402067928946843,20,0.3333333333333333,343,0.4110787172011662,0.998033307284256,-0.10088383468317019,-0.0002941219670063271,-6.7683671833984675,0.4198250728862974,343,0.4110787172011662,-6.7683671833984675,-24.780977129302748,17,0.47058823529411764
SPXW,d80,-999999.0,1,score_desc,d65ret,22,1,0,False,False,False,False,False,-49.46706866443661,-8.575927538876247,-49.46706866443661,102,0.4117647058823529,0.9264651509848735,-1.2485832041210665,-0.012241011805108495,-4.000409149650817,0.19607843137254902,102,0.4117647058823529,-4.000409149650817,-2.0022694456793224,0,0.3333333333333333,128,0.40625,0.9893461627782854,-0.22827314259305176,-0.0017833839265082169,-2.7045355654188707,0.1875,128,0.40625,-2.7045355654188707,-10.95179210134594,20,0.5,345,0.4318840579710145,1.0828396992299363,3.8818904066273703,0.011251856251093827,-3.632210152408822,0.45217391304347826,345,0.4318840579710145,-3.632210152408822,0.6440161205303134,19,0.5882352941176471
SPXW,d80,-999999.0,1,score_desc,d65ret,22,1,15,False,False,False,False,False,-49.46706866443661,-8.575927538876247,-49.46706866443661,102,0.4117647058823529,0.9264651509848735,-1.2485832041210665,-0.012241011805108495,-4.000409149650817,0.19607843137254902,102,0.4117647058823529,-4.000409149650817,-2.0022694456793224,0,0.3333333333333333,128,0.40625,0.9893461627782854,-0.22827314259305176,-0.0017833839265082169,-2.7045355654188707,0.1875,128,0.40625,-2.7045355654188707,-10.95179210134594,20,0.5,345,0.4318840579710145,1.0828396992299363,3.8818904066273703,0.011251856251093827,-3.632210152408822,0.45217391304347826,345,0.4318840579710145,-3.632210152408822,0.6440161205303134,19,0.5882352941176471
SPXW,d80,-999999.0,1,score_desc,d65ret,22,1,30,False,False,False,False,False,-49.46706866443661,-8.575927538876247,-49.46706866443661,102,0.4117647058823529,0.9264651509848735,-1.2485832041210665,-0.012241011805108495,-4.000409149650817,0.19607843137254902,102,0.4117647058823529,-4.000409149650817,-2.0022694456793224,0,0.3333333333333333,128,0.40625,0.9893461627782854,-0.22827314259305176,-0.0017833839265082169,-2.7045355654188707,0.1875,128,0.40625,-2.7045355654188707,-10.95179210134594,20,0.5,345,0.4318840579710145,1.0828396992299363,3.8818904066273703,0.011251856251093827,-3.632210152408822,0.45217391304347826,345,0.4318840579710145,-3.632210152408822,0.6440161205303134,19,0.5882352941176471
SPXW,d80,0.0,1,score_desc,d65ret,22,1,0,False,False,False,False,False,-49.46706866443661,-8.575927538876247,-49.46706866443661,102,0.4117647058823529,0.9264651509848735,-1.2485832041210665,-0.012241011805108495,-4.000409149650817,0.19607843137254902,102,0.4117647058823529,-4.000409149650817,-2.0022694456793224,0,0.3333333333333333,128,0.40625,0.9893461627782854,-0.22827314259305176,-0.0017833839265082169,-2.7045355654188707,0.1875,128,0.40625,-2.7045355654188707,-10.95179210134594,20,0.5,343,0.4198250728862974,1.0289603205071447,1.3912673186057714,0.0040561729405416075,-5.9165211267736435,0.4402332361516035,343,0.4198250728862974,-5.9165211267736435,1.7969228246555244,17,0.5882352941176471
SPXW,d80,0.0,1,score_desc,d65ret,22,1,15,False,False,False,False,False,-49.46706866443661,-8.575927538876247,-49.46706866443661,102,0.4117647058823529,0.9264651509848735,-1.2485832041210665,-0.012241011805108495,-4.000409149650817,0.19607843137254902,102,0.4117647058823529,-4.000409149650817,-2.0022694456793224,0,0.3333333333333333,128,0.40625,0.9893461627782854,-0.22827314259305176,-0.0017833839265082169,-2.7045355654188707,0.1875,128,0.40625,-2.7045355654188707,-10.95179210134594,20,0.5,343,0.4198250728862974,1.0289603205071447,1.3912673186057714,0.0040561729405416075,-5.9165211267736435,0.4402332361516035,343,0.4198250728862974,-5.9165211267736435,1.7969228246555244,17,0.5882352941176471
SPXW,d80,0.0,1,score_desc,d65ret,22,1,30,False,False,False,False,False,-49.46706866443661,-8.575927538876247,-49.46706866443661,102,0.4117647058823529,0.9264651509848735,-1.2485832041210665,-0.012241011805108495,-4.000409149650817,0.19607843137254902,102,0.4117647058823529,-4.000409149650817,-2.0022694456793224,0,0.3333333333333333,128,0.40625,0.9893461627782854,-0.22827314259305176,-0.0017833839265082169,-2.7045355654188707,0.1875,128,0.40625,-2.7045355654188707,-10.95179210134594,20,0.5,343,0.4198250728862974,1.0289603205071447,1.3912673186057714,0.0040561729405416075,-5.9165211267736435,0.4402332361516035,343,0.4198250728862974,-5.9165211267736435,1.7969228246555244,17,0.5882352941176471
SPXW,"d50ret,d80",-999999.0,1,score_desc,d65ret,22,2,30,False,False,False,False,False,-49.59329743129201,22.974151807160865,-49.59329743129201,111,0.40540540540540543,0.9365640631038655,-1.222822079513279,-0.011016415130750261,-4.129512423735749,0.18018018018018017,101,0.42574257425742573,-4.129512423735748,-2.4533413734188483,0,0.3333333333333333,133,0.45864661654135336,1.3053803191588333,6.334744264438475,0.047629656123597555,-2.4833333333333325,0.17293233082706766,127,0.47244094488188976,-2.4833333333333325,0.39464892277251307,20,0.6666666666666666,384,0.421875,1.1124991388122136,6.360117090374104,0.01656280492284923,-4.77538889353168,0.3697916666666667,348,0.43103448275862066,-4.775388893531681,0.7702672470764093,19,0.6470588235294118
SPXW,"d50ret,d80",0.0,1,score_desc,d65ret,22,2,30,False,False,False,False,False,-49.59329743129201,24.351403844487027,-49.59329743129201,111,0.40540540540540543,0.9365640631038655,-1.222822079513279,-0.011016415130750261,-4.129512423735749,0.18018018018018017,101,0.42574257425742573,-4.129512423735748,-2.4533413734188483,0,0.3333333333333333,133,0.47368421052631576,1.391251008872303,7.981665584335022,0.06001252319048889,-2.3547085103030003,0.18045112781954886,122,0.5,-2.2774802861251215,0.37586139989225564,20,0.6666666666666666,379,0.41952506596306066,1.1007161700227832,5.722992538277319,0.015100244164320103,-5.081525841836733,0.38258575197889183,335,0.42388059701492536,-5.081525841836734,0.8736687959242129,17,0.5882352941176471
SPXW,"d50ret,d80",0.0,1,score_desc,d65ret,22,2,0,False,False,False,False,False,-49.59329743129201,24.351403844487027,-49.59329743129201,111,0.40540540540540543,0.9365640631038655,-1.222822079513279,-0.011016415130750261,-4.129512423735749,0.18018018018018017,101,0.42574257425742573,-4.129512423735748,-2.4533413734188483,0,0.3333333333333333,133,0.47368421052631576,1.391251008872303,7.981665584335022,0.06001252319048889,-2.3547085103030003,0.18045112781954886,122,0.5,-2.2774802861251215,0.37586139989225564,20,0.6666666666666666,385,0.41818181818181815,1.0793226787924588,4.611211142842408,0.01197717179959067,-4.431378642811019,0.36883116883116884,334,0.4281437125748503,-4.431378642811019,1.0843138266962848,17,0.7058823529411765
SPXW,"d50ret,d80",-999999.0,1,score_desc,d65ret,22,2,0,False,False,False,False,False,-49.59329743129201,22.974151807160865,-49.59329743129201,111,0.40540540540540543,0.9365640631038655,-1.222822079513279,-0.011016415130750261,-4.129512423735749,0.18018018018018017,101,0.42574257425742573,-4.129512423735748,-2.4533413734188483,0,0.3333333333333333,133,0.45864661654135336,1.3053803191588333,6.334744264438475,0.047629656123597555,-2.4833333333333325,0.17293233082706766,127,0.47244094488188976,-2.4833333333333325,0.39464892277251307,20,0.6666666666666666,389,0.41645244215938304,1.0786318094200795,4.571979570602428,0.011753160849877707,-4.125241694505967,0.35475578406169667,348,0.43103448275862066,-4.125241694505967,1.0394155454178453,19,0.7058823529411765
SPXW,"d50ret,d80",-999999.0,1,score_desc,d65ret,22,2,15,False,False,False,False,False,-49.59329743129201,22.974151807160865,-49.59329743129201,111,0.40540540540540543,0.9365640631038655,-1.222822079513279,-0.011016415130750261,-4.129512423735749,0.18018018018018017,101,0.42574257425742573,-4.129512423735748,-2.4533413734188483,0,0.3333333333333333,133,0.45864661654135336,1.3053803191588333,6.334744264438475,0.047629656123597555,-2.4833333333333325,0.17293233082706766,127,0.47244094488188976,-2.4833333333333325,0.39464892277251307,20,0.6666666666666666,385,0.4155844155844156,1.0752177531515743,4.320117128521078,0.011221083450704099,-4.77538889353168,0.36363636363636365,348,0.43103448275862066,-4.775388893531681,1.1000133787214708,19,0.6470588235294118
SPXW,"d50ret,d80",0.0,1,score_desc,d65ret,22,2,15,False,False,False,False,False,-49.59329743129201,24.351403844487027,-49.59329743129201,111,0.40540540540540543,0.9365640631038655,-1.222822079513279,-0.011016415130750261,-4.129512423735749,0.18018018018018017,101,0.42574257425742573,-4.129512423735748,-2.4533413734188483,0,0.3333333333333333,133,0.47368421052631576,1.391251008872303,7.981665584335022,0.06001252319048889,-2.3547085103030003,0.18045112781954886,122,0.5,-2.2774802861251215,0.37586139989225564,20,0.6666666666666666,381,0.4146981627296588,1.0702615025448186,4.0557030434385215,0.010644889877791395,-5.081525841836733,0.3779527559055118,334,0.4251497005988024,-5.081525841836733,1.2328318780856502,17,0.6470588235294118
SPXW,"d50ret,d80",0.0,1,score_desc,d65ret,22,3,30,False,False,False,False,False,-49.6884851249891,24.351403844487027,-49.6884851249891,111,0.40540540540540543,0.9346883742618535,-1.2615052326839302,-0.011364912006161533,-4.129512423735749,0.18018018018018017,101,0.42574257425742573,-4.129512423735749,-2.378111419813388,0,0.3333333333333333,133,0.47368421052631576,1.391251008872303,7.981665584335022,0.06001252319048889,-2.3547085103030003,0.18045112781954886,122,0.5,-2.2774802861251215,0.37586139989225564,20,0.6666666666666666,379,0.42216358839050133,1.1131522688364492,6.39570300529155,0.016875205818711214,-5.081525841836733,0.38258575197889183,335,0.42686567164179107,-5.081525841836734,0.8400500246132544,17,0.5882352941176471
SPXW,"d50ret,d80",0.0,1,score_desc,d65ret,22,4,30,False,False,False,False,False,-49.6884851249891,24.351403844487027,-49.6884851249891,111,0.40540540540540543,0.9346883742618535,-1.2615052326839302,-0.011364912006161533,-4.129512423735749,0.18018018018018017,101,0.42574257425742573,-4.129512423735749,-2.378111419813388,0,0.3333333333333333,133,0.47368421052631576,1.391251008872303,7.981665584335022,0.06001252319048889,-2.3547085103030003,0.18045112781954886,122,0.5,-2.2774802861251215,0.37586139989225564,20,0.6666666666666666,379,0.42216358839050133,1.1131522688364492,6.39570300529155,0.016875205818711214,-5.081525841836733,0.38258575197889183,335,0.42686567164179107,-5.081525841836734,0.8400500246132544,17,0.5882352941176471
SPXW,"d50ret,d80",-999999.0,1,score_desc,d65ret,22,3,30,False,False,False,False,False,-49.6884851249891,22.974151807160865,-49.6884851249891,111,0.40540540540540543,0.9346883742618535,-1.2615052326839302,-0.011364912006161533,-4.129512423735749,0.18018018018018017,101,0.42574257425742573,-4.129512423735749,-2.378111419813388,0,0.3333333333333333,133,0.45864661654135336,1.3053803191588333,6.334744264438475,0.047629656123597555,-2.4833333333333325,0.17293233082706766,127,0.47244094488188976,-2.4833333333333325,0.39464892277251307,20,0.6666666666666666,384,0.421875,1.1124991388122136,6.360117090374104,0.01656280492284923,-4.77538889353168,0.3697916666666667,348,0.43103448275862066,-4.775388893531681,0.7702672470764093,19,0.6470588235294118
SPXW,"d50ret,d80",-999999.0,1,score_desc,d65ret,22,4,30,False,False,False,False,False,-49.6884851249891,22.974151807160865,-49.6884851249891,111,0.40540540540540543,0.9346883742618535,-1.2615052326839302,-0.011364912006161533,-4.129512423735749,0.18018018018018017,101,0.42574257425742573,-4.129512423735749,-2.378111419813388,0,0.3333333333333333,133,0.45864661654135336,1.3053803191588333,6.334744264438475,0.047629656123597555,-2.4833333333333325,0.17293233082706766,127,0.47244094488188976,-2.4833333333333325,0.39464892277251307,20,0.6666666666666666,384,0.421875,1.1124991388122136,6.360117090374104,0.01656280492284923,-4.77538889353168,0.3697916666666667,348,0.43103448275862066,-4.775388893531681,0.7702672470764093,19,0.6470588235294118
SPXW,"d50ret,d80",-999999.0,1,score_desc,d65ret,22,3,0,False,False,False,False,False,-49.6884851249891,22.974151807160865,-49.6884851249891,111,0.40540540540540543,0.9346883742618535,-1.2615052326839302,-0.011364912006161533,-4.129512423735749,0.18018018018018017,101,0.42574257425742573,-4.129512423735749,-2.378111419813388,0,0.3333333333333333,133,0.45864661654135336,1.3053803191588333,6.334744264438475,0.047629656123597555,-2.4833333333333325,0.17293233082706766,127,0.47244094488188976,-2.4833333333333325,0.39464892277251307,20,0.6666666666666666,389,0.41645244215938304,1.0786318094200795,4.571979570602428,0.011753160849877707,-4.125241694505967,0.35475578406169667,348,0.43103448275862066,-4.125241694505967,1.0394155454178453,19,0.7058823529411765
SPXW,"d50ret,d80",-999999.0,1,score_desc,d65ret,22,4,0,False,False,False,False,False,-49.6884851249891,22.974151807160865,-49.6884851249891,111,0.40540540540540543,0.9346883742618535,-1.2615052326839302,-0.011364912006161533,-4.129512423735749,0.18018018018018017,101,0.42574257425742573,-4.129512423735749,-2.378111419813388,0,0.3333333333333333,133,0.45864661654135336,1.3053803191588333,6.334744264438475,0.047629656123597555,-2.4833333333333325,0.17293233082706766,127,0.47244094488188976,-2.4833333333333325,0.39464892277251307,20,0.6666666666666666,389,0.41645244215938304,1.0786318094200795,4.571979570602428,0.011753160849877707,-4.125241694505967,0.35475578406169667,348,0.43103448275862066,-4.125241694505967,1.0394155454178453,19,0.7058823529411765
SPXW,"d50ret,d80",-999999.0,1,score_desc,d65ret,22,3,15,False,False,False,False,False,-49.6884851249891,22.974151807160865,-49.6884851249891,111,0.40540540540540543,0.9346883742618535,-1.2615052326839302,-0.011364912006161533,-4.129512423735749,0.18018018018018017,101,0.42574257425742573,-4.129512423735749,-2.378111419813388,0,0.3333333333333333,133,0.45864661654135336,1.3053803191588333,6.334744264438475,0.047629656123597555,-2.4833333333333325,0.17293233082706766,127,0.47244094488188976,-2.4833333333333325,0.39464892277251307,20,0.6666666666666666,385,0.4155844155844156,1.0752177531515743,4.320117128521078,0.011221083450704099,-4.77538889353168,0.36363636363636365,348,0.43103448275862066,-4.775388893531681,1.1000133787214708,19,0.6470588235294118
SPXW,"d50ret,d80",-999999.0,1,score_desc,d65ret,22,4,15,False,False,False,False,False,-49.6884851249891,22.974151807160865,-49.6884851249891,111,0.40540540540540543,0.9346883742618535,-1.2615052326839302,-0.011364912006161533,-4.129512423735749,0.18018018018018017,101,0.42574257425742573,-4.129512423735749,-2.378111419813388,0,0.3333333333333333,133,0.45864661654135336,1.3053803191588333,6.334744264438475,0.047629656123597555,-2.4833333333333325,0.17293233082706766,127,0.47244094488188976,-2.4833333333333325,0.39464892277251307,20,0.6666666666666666,385,0.4155844155844156,1.0752177531515743,4.320117128521078,0.011221083450704099,-4.77538889353168,0.36363636363636365,348,0.43103448275862066,-4.775388893531681,1.1000133787214708,19,0.6470588235294118
SPXW,"d50ret,d80",0.0,1,score_desc,d65ret,22,3,0,False,False,False,False,False,-49.6884851249891,24.351403844487027,-49.6884851249891,111,0.40540540540540543,0.9346883742618535,-1.2615052326839302,-0.011364912006161533,-4.129512423735749,0.18018018018018017,101,0.42574257425742573,-4.129512423735749,-2.378111419813388,0,0.3333333333333333,133,0.47368421052631576,1.391251008872303,7.981665584335022,0.06001252319048889,-2.3547085103030003,0.18045112781954886,122,0.5,-2.2774802861251215,0.37586139989225564,20,0.6666666666666666,385,0.41818181818181815,1.0707955805556544,4.115511161396453,0.010689639380250528,-4.431378642811019,0.36883116883116884,334,0.4281437125748503,-4.431378642811019,1.214915912973354,17,0.7058823529411765
SPXW,"d50ret,d80",0.0,1,score_desc,d65ret,22,4,0,False,False,False,False,False,-49.6884851249891,24.351403844487027,-49.6884851249891,111,0.40540540540540543,0.9346883742618535,-1.2615052326839302,-0.011364912006161533,-4.129512423735749,0.18018018018018017,101,0.42574257425742573,-4.129512423735749,-2.378111419813388,0,0.3333333333333333,133,0.47368421052631576,1.391251008872303,7.981665584335022,0.06001252319048889,-2.3547085103030003,0.18045112781954886,122,0.5,-2.2774802861251215,0.37586139989225564,20,0.6666666666666666,385,0.41818181818181815,1.0707955805556544,4.115511161396453,0.010689639380250528,-4.431378642811019,0.36883116883116884,334,0.4281437125748503,-4.431378642811019,1.214915912973354,17,0.7058823529411765
SPXW,"d50ret,d80",0.0,1,score_desc,d65ret,22,3,15,False,False,False,False,False,-49.6884851249891,24.351403844487027,-49.6884851249891,111,0.40540540540540543,0.9346883742618535,-1.2615052326839302,-0.011364912006161533,-4.129512423735749,0.18018018018018017,101,0.42574257425742573,-4.129512423735749,-2.378111419813388,0,0.3333333333333333,133,0.47368421052631576,1.391251008872303,7.981665584335022,0.06001252319048889,-2.3547085103030003,0.18045112781954886,122,0.5,-2.2774802861251215,0.37586139989225564,20,0.6666666666666666,381,0.4146981627296588,1.0702615025448186,4.0557030434385215,0.010644889877791395,-5.081525841836733,0.3779527559055118,334,0.4251497005988024,-5.081525841836733,1.2328318780856502,17,0.6470588235294118
SPXW,"d50ret,d80",0.0,1,score_desc,d65ret,22,4,15,False,False,False,False,False,-49.6884851249891,24.351403844487027,-49.6884851249891,111,0.40540540540540543,0.9346883742618535,-1.2615052326839302,-0.011364912006161533,-4.129512423735749,0.18018018018018017,101,0.42574257425742573,-4.129512423735749,-2.378111419813388,0,0.3333333333333333,133,0.47368421052631576,1.391251008872303,7.981665584335022,0.06001252319048889,-2.3547085103030003,0.18045112781954886,122,0.5,-2.2774802861251215,0.37586139989225564,20,0.6666666666666666,381,0.4146981627296588,1.0702615025448186,4.0557030434385215,0.010644889877791395,-5.081525841836733,0.3779527559055118,334,0.4251497005988024,-5.081525841836733,1.2328318780856502,17,0.6470588235294118
SPXW,"d50ret,d80",-999999.0,1,score_desc,d65win,21,4,0,False,False,False,False,False,-49.72181347113753,24.33896674097406,-49.72181347113753,103,0.4077669902912621,0.9194540162695984,-1.228246842749324,-0.011924726628634214,-3.417686383169685,0.24271844660194175,88,0.4318181818181818,-3.31501647475112,-2.3022837655915387,0,0.3333333333333333,137,0.48905109489051096,1.3585518055922976,7.222591164876701,0.05271964353924599,-2.293075087385292,0.18248175182481752,127,0.47244094488188976,-2.293075087385292,0.4326006648374376,21,0.6666666666666666,381,0.4304461942257218,1.120157567736485,6.568917160805519,0.017241252390565665,-3.3252416945059666,0.3464566929133858,348,0.43103448275862066,-3.3252416945059666,0.6353568356241842,20,0.5294117647058824
SPXW,"d50ret,d80",-999999.0,1,score_desc,d65win,21,4,15,False,False,False,False,False,-49.72181347113753,24.330682735699344,-49.72181347113753,103,0.4077669902912621,0.9194540162695984,-1.228246842749324,-0.011924726628634214,-3.417686383169685,0.24271844660194175,88,0.4318181818181818,-3.31501647475112,-2.3022837655915387,0,0.3333333333333333,137,0.48905109489051096,1.357863122213553,7.208718473652904,0.05261838301936426,-2.293075087385292,0.18248175182481752,127,0.47244094488188976,-2.293075087385292,0.43150874318644417,21,0.6666666666666666,381,0.42782152230971127,1.1096583875036785,5.972471538148365,0.01567577831535004,-3.3133743690616964,0.3543307086614173,348,0.43103448275862066,-3.3133743690616964,0.6177822054822009,20,0.5294117647058824
SPXW,"d50ret,d80",-999999.0,1,score_desc,d65win,21,4,30,False,False,False,False,False,-49.72181347113753,24.045190954384434,-49.72181347113753,103,0.4077669902912621,0.9194540162695984,-1.228246842749324,-0.011924726628634214,-3.417686383169685,0.24271844660194175,88,0.4318181818181818,-3.31501647475112,-2.3022837655915387,0,0.3333333333333333,137,0.48905109489051096,1.3341290179922731,6.730623735929564,0.049128640408244995,-2.293075087385292,0.18248175182481752,127,0.47244094488188976,-2.293075087385292,0.46387925639738914,21,0.6666666666666666,380,0.42894736842105263,1.109613647376461,5.937150702501388,0.015624080796056284,-3.4060838029815015,0.35526315789473684,348,0.43103448275862066,-3.4060838029815015,0.5629460847637513,20,0.5294117647058824
SPXW,"d50ret,d80",0.0,1,score_desc,d65win,21,4,0,False,False,False,False,False,-49.72181347113753,22.66268171729273,-49.72181347113753,103,0.4077669902912621,0.9194540162695984,-1.228246842749324,-0.011924726628634214,-3.417686383169685,0.24271844660194175,88,0.4318181818181818,-3.31501647475112,-2.3022837655915387,0,0.3333333333333333,137,0.4744525547445255,1.2950773829789428,6.1175823758434404,0.04465388595506161,-2.386466919217715,0.16058394160583941,122,0.47540983606557374,-2.386466919217715,0.5107406076152565,21,0.5,379,0.42216358839050133,1.0757233022164265,4.143220388724622,0.010931979917479214,-3.2626510126954127,0.33773087071240104,335,0.42686567164179107,-3.2626510126954127,1.0411310659683228,19,0.4117647058823529
SPXW,"d50ret,d80",0.0,1,score_desc,d65win,21,4,30,False,False,False,False,False,-49.72181347113753,21.947315747002968,-49.72181347113753,103,0.4077669902912621,0.9194540162695984,-1.228246842749324,-0.011924726628634214,-3.417686383169685,0.24271844660194175,88,0.4318181818181818,-3.31501647475112,-2.3022837655915387,0,0.3333333333333333,137,0.4744525547445255,1.2713476720366221,5.625614946896303,0.041062882824060606,-2.386466919217715,0.16058394160583941,122,0.47540983606557374,-2.386466919217715,0.5549965227243582,21,0.5,377,0.41909814323607425,1.0689382658410425,3.7326566313275342,0.009900945971691073,-3.767865820866803,0.34748010610079577,335,0.42388059701492536,-3.7678658208668026,1.00754996041755,19,0.4117647058823529
SPXW,"d50ret,d80",0.0,1,score_desc,d65win,21,4,15,False,False,False,False,False,-49.72181347113753,22.642509546059607,-49.72181347113753,103,0.4077669902912621,0.9194540162695984,-1.228246842749324,-0.011924726628634214,-3.417686383169685,0.24271844660194175,88,0.4318181818181818,-3.31501647475112,-2.3022837655915387,0,0.3333333333333333,137,0.4744525547445255,1.294408243248621,6.103709684619643,0.04455262543517988,-2.386466919217715,0.16058394160583941,122,0.47540983606557374,-2.386466919217715,0.5096286044516725,21,0.5,379,0.41952506596306066,1.065873042272162,3.6050350744770103,0.009511965895717706,-3.670979180124589,0.3482849604221636,335,0.42388059701492536,-3.670979180124588,1.1395808508558851,19,0.4117647058823529
SPXW,"d65ret,d80",-999999.0,1,score_desc,d65ret,22,1,0,False,False,False,False,False,-49.7337818382558,-11.92713981615362,-49.7337818382558,102,0.4019607843137255,0.9278696915518909,-1.2463739338047908,-0.012219352292203832,-4.0004091496508165,0.20588235294117646,102,0.4019607843137255,-4.0004091496508165,-2.005818584771169,0,0.3333333333333333,128,0.390625,0.9426623750726383,-1.2629401955907342,-0.009866720278052611,-3.012894872172618,0.1875,128,0.390625,-3.012894872172618,-1.9795078252542568,20,0.3333333333333333,345,0.42028985507246375,1.0035151359399357,0.17631222882795305,0.000511049938631748,-6.214761490465635,0.41739130434782606,345,0.42028985507246375,-6.214761490465635,14.179390826256986,19,0.5882352941176471
SPXW,"d65ret,d80",-999999.0,1,score_desc,d65ret,22,1,15,False,False,False,False,False,-49.7337818382558,-11.92713981615362,-49.7337818382558,102,0.4019607843137255,0.9278696915518909,-1.2463739338047908,-0.012219352292203832,-4.0004091496508165,0.20588235294117646,102,0.4019607843137255,-4.0004091496508165,-2.005818584771169,0,0.3333333333333333,128,0.390625,0.9426623750726383,-1.2629401955907342,-0.009866720278052611,-3.012894872172618,0.1875,128,0.390625,-3.012894872172618,-1.9795078252542568,20,0.3333333333333333,345,0.42028985507246375,1.0035151359399357,0.17631222882795305,0.000511049938631748,-6.214761490465635,0.41739130434782606,345,0.42028985507246375,-6.214761490465635,14.179390826256986,19,0.5882352941176471
SPXW,"d65ret,d80",-999999.0,1,score_desc,d65ret,22,1,30,False,False,False,False,False,-49.7337818382558,-11.92713981615362,-49.7337818382558,102,0.4019607843137255,0.9278696915518909,-1.2463739338047908,-0.012219352292203832,-4.0004091496508165,0.20588235294117646,102,0.4019607843137255,-4.0004091496508165,-2.005818584771169,0,0.3333333333333333,128,0.390625,0.9426623750726383,-1.2629401955907342,-0.009866720278052611,-3.012894872172618,0.1875,128,0.390625,-3.012894872172618,-1.9795078252542568,20,0.3333333333333333,345,0.42028985507246375,1.0035151359399357,0.17631222882795305,0.000511049938631748,-6.214761490465635,0.41739130434782606,345,0.42028985507246375,-6.214761490465635,14.179390826256986,19,0.5882352941176471
SPXW,"d65ret,d80",0.0,1,score_desc,d65ret,22,1,0,False,False,False,False,False,-49.7337818382558,-11.92713981615362,-49.7337818382558,102,0.4019607843137255,0.9278696915518909,-1.2463739338047908,-0.012219352292203832,-4.0004091496508165,0.20588235294117646,102,0.4019607843137255,-4.0004091496508165,-2.005818584771169,0,0.3333333333333333,128,0.390625,0.9426623750726383,-1.2629401955907342,-0.009866720278052611,-3.012894872172618,0.1875,128,0.390625,-3.012894872172618,-1.9795078252542568,20,0.3333333333333333,343,0.4198250728862974,0.9965900355158493,-0.17051472308745508,-0.0004971274725581781,-6.561588442381042,0.4198250728862974,343,0.4198250728862974,-6.561588442381042,-14.661490543064591,17,0.5882352941176471
SPXW,"d65ret,d80",0.0,1,score_desc,d65ret,22,1,15,False,False,False,False,False,-49.7337818382558,-11.92713981615362,-49.7337818382558,102,0.4019607843137255,0.9278696915518909,-1.2463739338047908,-0.012219352292203832,-4.0004091496508165,0.20588235294117646,102,0.4019607843137255,-4.0004091496508165,-2.005818584771169,0,0.3333333333333333,128,0.390625,0.9426623750726383,-1.2629401955907342,-0.009866720278052611,-3.012894872172618,0.1875,128,0.390625,-3.012894872172618,-1.9795078252542568,20,0.3333333333333333,343,0.4198250728862974,0.9965900355158493,-0.17051472308745508,-0.0004971274725581781,-6.561588442381042,0.4198250728862974,343,0.4198250728862974,-6.561588442381042,-14.661490543064591,17,0.5882352941176471
SPXW,"d65ret,d80",0.0,1,score_desc,d65ret,22,1,30,False,False,False,False,False,-49.7337818382558,-11.92713981615362,-49.7337818382558,102,0.4019607843137255,0.9278696915518909,-1.2463739338047908,-0.012219352292203832,-4.0004091496508165,0.20588235294117646,102,0.4019607843137255,-4.0004091496508165,-2.005818584771169,0,0.3333333333333333,128,0.390625,0.9426623750726383,-1.2629401955907342,-0.009866720278052611,-3.012894872172618,0.1875,128,0.390625,-3.012894872172618,-1.9795078252542568,20,0.3333333333333333,343,0.4198250728862974,0.9965900355158493,-0.17051472308745508,-0.0004971274725581781,-6.561588442381042,0.4198250728862974,343,0.4198250728862974,-6.561588442381042,-14.661490543064591,17,0.5882352941176471
SPXW,"d50ret,d80",-999999.0,1,score_desc,d65win,22,4,15,False,False,False,False,False,-50.133985123781876,24.612584068361116,-50.133985123781876,106,0.4056603773584906,0.9132712576429615,-1.3745650617260028,-0.012967594921943423,-2.9640046021463635,0.2358490566037736,89,0.43820224719101125,-2.861334693727799,-2.0572127467361034,0,0.3333333333333333,139,0.4892086330935252,1.3753173474257012,7.563415893218785,0.05441306397999126,-2.293075087385292,0.17985611510791366,127,0.47244094488188976,-2.293075087385292,0.423503429484162,22,0.6666666666666666,390,0.4282051282051282,1.1112150626561366,6.156393950993429,0.015785625515367767,-3.2923621561164467,0.3564102564102564,348,0.4339080459770115,-3.2923621561164467,0.6314975967948041,20,0.5882352941176471
SPXW,"d50ret,d80",-999999.0,1,score_desc,d65win,22,4,0,False,False,False,False,False,-50.133985123781876,24.620865813132955,-50.133985123781876,106,0.4056603773584906,0.9132712576429615,-1.3745650617260028,-0.012967594921943423,-2.9640046021463635,0.2358490566037736,89,0.43820224719101125,-2.861334693727799,-2.0572127467361034,0,0.3333333333333333,139,0.4892086330935252,1.3760057482415866,7.577288584442583,0.05451286751397542,-2.293075087385292,0.17985611510791366,127,0.47244094488188976,-2.293075087385292,0.42455889395871876,22,0.6666666666666666,390,0.4256410256410256,1.1027540598925494,5.7544592199912135,0.01475502364100311,-3.343141410483999,0.34615384615384615,348,0.43103448275862066,-3.343141410484,0.7252821266449374,20,0.6470588235294118
SPXW,"d50ret,d80",0.0,1,score_desc,d65win,22,4,0,False,False,False,False,False,-50.133985123781876,23.036991241961147,-50.133985123781876,106,0.4056603773584906,0.9132712576429615,-1.3745650617260028,-0.012967594921943423,-2.9640046021463635,0.2358490566037736,89,0.43820224719101125,-2.861334693727799,-2.0572127467361034,0,0.3333333333333333,139,0.4748201438848921,1.3120615146764567,6.472279795409321,0.04656316399575051,-2.386466919217714,0.15827338129496402,122,0.47540983606557374,-2.386466919217715,0.49704360168402123,22,0.5,388,0.42010309278350516,1.0699036849763364,3.912155154209304,0.010082874108786865,-3.280550728673446,0.33762886597938147,335,0.42686567164179107,-3.280550728673446,1.103570590095622,19,0.5294117647058824
SPXW,"d50ret,d80",0.0,1,score_desc,d65win,22,4,15,False,False,False,False,False,-50.133985123781876,23.028865719923616,-50.133985123781876,106,0.4056603773584906,0.9132712576429615,-1.3745650617260028,-0.012967594921943423,-2.9640046021463635,0.2358490566037736,89,0.43820224719101125,-2.861334693727799,-2.0572127467361034,0,0.3333333333333333,139,0.4748201438848921,1.3113926417023607,6.4584071041855236,0.046463360461766356,-2.386466919217714,0.15827338129496402,122,0.47540983606557374,-2.386466919217715,0.4959632487889012,22,0.5,388,0.42010309278350516,1.068124130153365,3.788957487322075,0.009765354348768235,-3.6499669671793393,0.35051546391752575,335,0.42686567164179107,-3.649966967179339,1.0852412209739126,19,0.47058823529411764
SPXW,"d65ret,d80,d80_zero",-999999.0,1,score_desc,d65win,22,1,0,False,False,False,False,False,-50.27089957589963,13.041721681344828,-50.27089957589963,103,0.4174757281553398,0.9014173861755218,-1.5145502952727221,-0.014704371798764292,-5.257903057029165,0.1650485436893204,103,0.4174757281553398,-5.257903057029165,-1.6506549883507367,0,0.5,128,0.4296875,1.010629940827806,0.20171609910935295,0.00157590702429182,-3.201709727839853,0.1796875,128,0.4296875,-3.201709727839853,12.393656287417679,20,0.5,350,0.4542857142857143,1.0762734037494044,3.2456040221755815,0.00927315434907309,-3.4229877436284415,0.4342857142857143,350,0.4542857142857143,-3.4229877436284415,0.7702726466071511,19,0.5294117647058824
SPXW,"d65ret,d80,d80_zero",-999999.0,1,score_desc,d65win,22,1,15,False,False,False,False,False,-50.27089957589963,13.041721681344828,-50.27089957589963,103,0.4174757281553398,0.9014173861755218,-1.5145502952727221,-0.014704371798764292,-5.257903057029165,0.1650485436893204,103,0.4174757281553398,-5.257903057029165,-1.6506549883507367,0,0.5,128,0.4296875,1.010629940827806,0.20171609910935295,0.00157590702429182,-3.201709727839853,0.1796875,128,0.4296875,-3.201709727839853,12.393656287417679,20,0.5,350,0.4542857142857143,1.0762734037494044,3.2456040221755815,0.00927315434907309,-3.4229877436284415,0.4342857142857143,350,0.4542857142857143,-3.4229877436284415,0.7702726466071511,19,0.5294117647058824
SPXW,"d65ret,d80,d80_zero",-999999.0,1,score_desc,d65win,22,1,30,False,False,False,False,False,-50.27089957589963,13.041721681344828,-50.27089957589963,103,0.4174757281553398,0.9014173861755218,-1.5145502952727221,-0.014704371798764292,-5.257903057029165,0.1650485436893204,103,0.4174757281553398,-5.257903057029165,-1.6506549883507367,0,0.5,128,0.4296875,1.010629940827806,0.20171609910935295,0.00157590702429182,-3.201709727839853,0.1796875,128,0.4296875,-3.201709727839853,12.393656287417679,20,0.5,350,0.4542857142857143,1.0762734037494044,3.2456040221755815,0.00927315434907309,-3.4229877436284415,0.4342857142857143,350,0.4542857142857143,-3.4229877436284415,0.7702726466071511,19,0.5294117647058824
SPXW,"d65ret,d80,d80_zero",0.0,1,score_desc,d65win,22,1,0,False,False,False,False,False,-50.27089957589963,13.041721681344828,-50.27089957589963,103,0.4174757281553398,0.9014173861755218,-1.5145502952727221,-0.014704371798764292,-5.257903057029165,0.1650485436893204,103,0.4174757281553398,-5.257903057029165,-1.6506549883507367,0,0.5,128,0.4296875,1.010629940827806,0.20171609910935295,0.00157590702429182,-3.201709727839853,0.1796875,128,0.4296875,-3.201709727839853,12.393656287417679,20,0.5,348,0.4511494252873563,1.0568631803884516,2.4344521875082457,0.006995552262954729,-3.4532621291876473,0.43103448275862066,348,0.4511494252873563,-3.4532621291876473,1.0269250769549287,19,0.5294117647058824
SPXW,"d65ret,d80,d80_zero",0.0,1,score_desc,d65win,22,1,15,False,False,False,False,False,-50.27089957589963,13.041721681344828,-50.27089957589963,103,0.4174757281553398,0.9014173861755218,-1.5145502952727221,-0.014704371798764292,-5.257903057029165,0.1650485436893204,103,0.4174757281553398,-5.257903057029165,-1.6506549883507367,0,0.5,128,0.4296875,1.010629940827806,0.20171609910935295,0.00157590702429182,-3.201709727839853,0.1796875,128,0.4296875,-3.201709727839853,12.393656287417679,20,0.5,348,0.4511494252873563,1.0568631803884516,2.4344521875082457,0.006995552262954729,-3.4532621291876473,0.43103448275862066,348,0.4511494252873563,-3.4532621291876473,1.0269250769549287,19,0.5294117647058824
SPXW,"d65ret,d80,d80_zero",0.0,1,score_desc,d65win,22,1,30,False,False,False,False,False,-50.27089957589963,13.041721681344828,-50.27089957589963,103,0.4174757281553398,0.9014173861755218,-1.5145502952727221,-0.014704371798764292,-5.257903057029165,0.1650485436893204,103,0.4174757281553398,-5.257903057029165,-1.6506549883507367,0,0.5,128,0.4296875,1.010629940827806,0.20171609910935295,0.00157590702429182,-3.201709727839853,0.1796875,128,0.4296875,-3.201709727839853,12.393656287417679,20,0.5,348,0.4511494252873563,1.0568631803884516,2.4344521875082457,0.006995552262954729,-3.4532621291876473,0.43103448275862066,348,0.4511494252873563,-3.4532621291876473,1.0269250769549287,19,0.5294117647058824
SPXW,"d50ret,d80",-999999.0,1,score_desc,d65ret,21,1,0,False,False,False,False,False,-50.582402694750556,15.430233929155602,-50.582402694750556,101,0.40594059405940597,0.9064337759703424,-1.5887054554559283,-0.015729756984712163,-3.7004091496508167,0.19801980198019803,101,0.40594059405940597,-3.7004091496508167,-1.5736082427453788,0,0.3333333333333333,128,0.421875,1.091092944881533,1.8715868111787375,0.014621771962333887,-2.6043187612219048,0.2109375,128,0.421875,-2.6043187612219048,1.3357649162025693,20,0.5,349,0.4154727793696275,1.0132083422880418,0.6656528775264556,0.001907314835319357,-5.302306705049422,0.41260744985673353,349,0.4154727793696275,-5.302306705049422,3.7557112489168807,19,0.5294117647058824
SPXW,"d50ret,d80",-999999.0,1,score_desc,d65ret,21,1,15,False,False,False,False,False,-50.582402694750556,15.430233929155602,-50.582402694750556,101,0.40594059405940597,0.9064337759703424,-1.5887054554559283,-0.015729756984712163,-3.7004091496508167,0.19801980198019803,101,0.40594059405940597,-3.7004091496508167,-1.5736082427453788,0,0.3333333333333333,128,0.421875,1.091092944881533,1.8715868111787375,0.014621771962333887,-2.6043187612219048,0.2109375,128,0.421875,-2.6043187612219048,1.3357649162025693,20,0.5,349,0.4154727793696275,1.0132083422880418,0.6656528775264556,0.001907314835319357,-5.302306705049422,0.41260744985673353,349,0.4154727793696275,-5.302306705049422,3.7557112489168807,19,0.5294117647058824
SPXW,"d50ret,d80",-999999.0,1,score_desc,d65ret,21,1,30,False,False,False,False,False,-50.582402694750556,15.430233929155602,-50.582402694750556,101,0.40594059405940597,0.9064337759703424,-1.5887054554559283,-0.015729756984712163,-3.7004091496508167,0.19801980198019803,101,0.40594059405940597,-3.7004091496508167,-1.5736082427453788,0,0.3333333333333333,128,0.421875,1.091092944881533,1.8715868111787375,0.014621771962333887,-2.6043187612219048,0.2109375,128,0.421875,-2.6043187612219048,1.3357649162025693,20,0.5,349,0.4154727793696275,1.0132083422880418,0.6656528775264556,0.001907314835319357,-5.302306705049422,0.41260744985673353,349,0.4154727793696275,-5.302306705049422,3.7557112489168807,19,0.5294117647058824
SPXW,"d50ret,d80",0.0,1,score_desc,d65ret,21,1,0,False,False,False,False,False,-50.582402694750556,13.469587373301467,-50.582402694750556,101,0.40594059405940597,0.9064337759703424,-1.5887054554559283,-0.015729756984712163,-3.7004091496508167,0.19801980198019803,101,0.40594059405940597,-3.7004091496508167,-1.5736082427453788,0,0.3333333333333333,128,0.4140625,1.0351695882325733,0.7446403962728096,0.005817503095881325,-2.6043187612219048,0.2109375,128,0.4140625,-2.6043187612219048,3.357325243853799,20,0.5,343,0.4110787172011662,0.9813894423507961,-0.9431814751997978,-0.002749800219241393,-6.477224738312531,0.4110787172011662,343,0.4110787172011662,-6.477224738312531,-2.650603373513475,17,0.47058823529411764
SPXW,"d50ret,d80",0.0,1,score_desc,d65ret,21,1,15,False,False,False,False,False,-50.582402694750556,13.469587373301467,-50.582402694750556,101,0.40594059405940597,0.9064337759703424,-1.5887054554559283,-0.015729756984712163,-3.7004091496508167,0.19801980198019803,101,0.40594059405940597,-3.7004091496508167,-1.5736082427453788,0,0.3333333333333333,128,0.4140625,1.0351695882325733,0.7446403962728096,0.005817503095881325,-2.6043187612219048,0.2109375,128,0.4140625,-2.6043187612219048,3.357325243853799,20,0.5,343,0.4110787172011662,0.9813894423507961,-0.9431814751997978,-0.002749800219241393,-6.477224738312531,0.4110787172011662,343,0.4110787172011662,-6.477224738312531,-2.650603373513475,17,0.47058823529411764
SPXW,"d50ret,d80",0.0,1,score_desc,d65ret,21,1,30,False,False,False,False,False,-50.582402694750556,13.469587373301467,-50.582402694750556,101,0.40594059405940597,0.9064337759703424,-1.5887054554559283,-0.015729756984712163,-3.7004091496508167,0.19801980198019803,101,0.40594059405940597,-3.7004091496508167,-1.5736082427453788,0,0.3333333333333333,128,0.4140625,1.0351695882325733,0.7446403962728096,0.005817503095881325,-2.6043187612219048,0.2109375,128,0.4140625,-2.6043187612219048,3.357325243853799,20,0.5,343,0.4110787172011662,0.9813894423507961,-0.9431814751997978,-0.002749800219241393,-6.477224738312531,0.4110787172011662,343,0.4110787172011662,-6.477224738312531,-2.650603373513475,17,0.47058823529411764
SPXW,"d50ret,d80",-999999.0,1,score_desc,d65ret,22,1,0,False,False,False,False,False,-51.518138835436154,13.957101311679654,-51.518138835436154,102,0.4019607843137255,0.8906966012569072,-1.8887054554559282,-0.018516720151528707,-4.000409149650817,0.19607843137254902,102,0.4019607843137255,-4.000409149650817,-1.3236579545943583,0,0.3333333333333333,128,0.4140625,1.0514051519016887,1.071586811178739,0.008371771962333898,-2.6043187612219048,0.21875,128,0.4140625,-2.6043187612219048,2.3329887732100913,20,0.5,349,0.42120343839541546,1.0486540535504751,2.4155056785007436,0.0069212197091711855,-4.352453904075136,0.4183381088825215,349,0.42120343839541546,-4.352453904075136,1.0349799722067723,19,0.5882352941176471
SPXW,"d50ret,d80",-999999.0,1,score_desc,d65ret,22,1,15,False,False,False,False,False,-51.518138835436154,13.957101311679654,-51.518138835436154,102,0.4019607843137255,0.8906966012569072,-1.8887054554559282,-0.018516720151528707,-4.000409149650817,0.19607843137254902,102,0.4019607843137255,-4.000409149650817,-1.3236579545943583,0,0.3333333333333333,128,0.4140625,1.0514051519016887,1.071586811178739,0.008371771962333898,-2.6043187612219048,0.21875,128,0.4140625,-2.6043187612219048,2.3329887732100913,20,0.5,349,0.42120343839541546,1.0486540535504751,2.4155056785007436,0.0069212197091711855,-4.352453904075136,0.4183381088825215,349,0.42120343839541546,-4.352453904075136,1.0349799722067723,19,0.5882352941176471
SPXW,"d50ret,d80",-999999.0,1,score_desc,d65ret,22,1,30,False,False,False,False,False,-51.518138835436154,13.957101311679654,-51.518138835436154,102,0.4019607843137255,0.8906966012569072,-1.8887054554559282,-0.018516720151528707,-4.000409149650817,0.19607843137254902,102,0.4019607843137255,-4.000409149650817,-1.3236579545943583,0,0.3333333333333333,128,0.4140625,1.0514051519016887,1.071586811178739,0.008371771962333898,-2.6043187612219048,0.21875,128,0.4140625,-2.6043187612219048,2.3329887732100913,20,0.5,349,0.42120343839541546,1.0486540535504751,2.4155056785007436,0.0069212197091711855,-4.352453904075136,0.4183381088825215,349,0.42120343839541546,-4.352453904075136,1.0349799722067723,19,0.5882352941176471
SPXW,"d50ret,d80",0.0,1,score_desc,d65ret,22,1,0,False,False,False,False,False,-51.518138835436154,-8.008462670077714,-51.518138835436154,102,0.4019607843137255,0.8906966012569072,-1.8887054554559282,-0.018516720151528707,-4.000409149650817,0.19607843137254902,102,0.4019607843137255,-4.000409149650817,-1.3236579545943583,0,0.3333333333333333,128,0.40625,0.9974218790151891,-0.05535960372718862,-0.0004324969041186611,-2.6043187612219048,0.21875,128,0.40625,-2.6043187612219048,-45.15928279255694,20,0.5,343,0.41690962099125367,1.0161560249318633,0.806671325774488,0.0023518114454066704,-5.527371937338248,0.41690962099125367,343,0.41690962099125367,-5.527371937338248,3.099155653759902,17,0.5882352941176471
SPXW,"d50ret,d80",0.0,1,score_desc,d65ret,22,1,15,False,False,False,False,False,-51.518138835436154,-8.008462670077714,-51.518138835436154,102,0.4019607843137255,0.8906966012569072,-1.8887054554559282,-0.018516720151528707,-4.000409149650817,0.19607843137254902,102,0.4019607843137255,-4.000409149650817,-1.3236579545943583,0,0.3333333333333333,128,0.40625,0.9974218790151891,-0.05535960372718862,-0.0004324969041186611,-2.6043187612219048,0.21875,128,0.40625,-2.6043187612219048,-45.15928279255694,20,0.5,343,0.41690962099125367,1.0161560249318633,0.806671325774488,0.0023518114454066704,-5.527371937338248,0.41690962099125367,343,0.41690962099125367,-5.527371937338248,3.099155653759902,17,0.5882352941176471
SPXW,"d50ret,d80",0.0,1,score_desc,d65ret,22,1,30,False,False,False,False,False,-51.518138835436154,-8.008462670077714,-51.518138835436154,102,0.4019607843137255,0.8906966012569072,-1.8887054554559282,-0.018516720151528707,-4.000409149650817,0.19607843137254902,102,0.4019607843137255,-4.000409149650817,-1.3236579545943583,0,0.3333333333333333,128,0.40625,0.9974218790151891,-0.05535960372718862,-0.0004324969041186611,-2.6043187612219048,0.21875,128,0.40625,-2.6043187612219048,-45.15928279255694,20,0.5,343,0.41690962099125367,1.0161560249318633,0.806671325774488,0.0023518114454066704,-5.527371937338248,0.41690962099125367,343,0.41690962099125367,-5.527371937338248,3.099155653759902,17,0.5882352941176471
SPXW,"d50ret,d80",-999999.0,1,score_desc,d65win,22,1,0,False,False,False,False,False,-51.59856933170742,25.40564616874592,-51.59856933170742,91,0.4175824175824176,0.8596261191656412,-1.768423752728468,-0.01943322805196119,-4.331792723064327,0.1978021978021978,91,0.4175824175824176,-4.331792723064327,-1.4136883177138944,0,0.3333333333333333,127,0.5118110236220472,1.42047237476544,6.501986771747184,0.0511967462342298,-1.7534308648220502,0.1968503937007874,127,0.5118110236220472,-1.7534308648220502,0.38449786007919107,19,0.8333333333333334,350,0.46,1.0979968680609515,4.160366522417888,0.011886761492622537,-3.201940825244235,0.43142857142857144,350,0.46,-3.201940825244235,0.600908594598312,19,0.5882352941176471
SPXW,"d50ret,d80",-999999.0,1,score_desc,d65win,22,1,15,False,False,False,False,False,-51.59856933170742,25.40564616874592,-51.59856933170742,91,0.4175824175824176,0.8596261191656412,-1.768423752728468,-0.01943322805196119,-4.331792723064327,0.1978021978021978,91,0.4175824175824176,-4.331792723064327,-1.4136883177138944,0,0.3333333333333333,127,0.5118110236220472,1.42047237476544,6.501986771747184,0.0511967462342298,-1.7534308648220502,0.1968503937007874,127,0.5118110236220472,-1.7534308648220502,0.38449786007919107,19,0.8333333333333334,350,0.46,1.0979968680609515,4.160366522417888,0.011886761492622537,-3.201940825244235,0.43142857142857144,350,0.46,-3.201940825244235,0.600908594598312,19,0.5882352941176471
SPXW,"d50ret,d80",-999999.0,1,score_desc,d65win,22,1,30,False,False,False,False,False,-51.59856933170742,25.40564616874592,-51.59856933170742,91,0.4175824175824176,0.8596261191656412,-1.768423752728468,-0.01943322805196119,-4.331792723064327,0.1978021978021978,91,0.4175824175824176,-4.331792723064327,-1.4136883177138944,0,0.3333333333333333,127,0.5118110236220472,1.42047237476544,6.501986771747184,0.0511967462342298,-1.7534308648220502,0.1968503937007874,127,0.5118110236220472,-1.7534308648220502,0.38449786007919107,19,0.8333333333333334,350,0.46,1.0979968680609515,4.160366522417888,0.011886761492622537,-3.201940825244235,0.43142857142857144,350,0.46,-3.201940825244235,0.600908594598312,19,0.5882352941176471
SPXW,"d50ret,d80",0.0,1,score_desc,d65win,22,1,0,False,False,False,False,False,-51.59856933170742,25.842361101041206,-51.59856933170742,91,0.4175824175824176,0.8596261191656412,-1.768423752728468,-0.01943322805196119,-4.331792723064327,0.1978021978021978,91,0.4175824175824176,-4.331792723064327,-1.4136883177138944,0,0.3333333333333333,127,0.5196850393700787,1.4481803750681137,6.868580003793814,0.05408330711648672,-1.7199786677262692,0.1968503937007874,127,0.5196850393700787,-1.7199786677262692,0.3639762510765168,19,0.8333333333333334,345,0.4579710144927536,1.080054087369695,3.368632366431517,0.00976415178675802,-3.393635189026819,0.41739130434782606,345,0.4579710144927536,-3.393635189026819,0.7421409426901391,17,0.5294117647058824
SPXW,"d50ret,d80",0.0,1,score_desc,d65win,22,1,15,False,False,False,False,False,-51.59856933170742,25.842361101041206,-51.59856933170742,91,0.4175824175824176,0.8596261191656412,-1.768423752728468,-0.01943322805196119,-4.331792723064327,0.1978021978021978,91,0.4175824175824176,-4.331792723064327,-1.4136883177138944,0,0.3333333333333333,127,0.5196850393700787,1.4481803750681137,6.868580003793814,0.05408330711648672,-1.7199786677262692,0.1968503937007874,127,0.5196850393700787,-1.7199786677262692,0.3639762510765168,19,0.8333333333333334,345,0.4579710144927536,1.080054087369695,3.368632366431517,0.00976415178675802,-3.393635189026819,0.41739130434782606,345,0.4579710144927536,-3.393635189026819,0.7421409426901391,17,0.5294117647058824
SPXW,"d50ret,d80",0.0,1,score_desc,d65win,22,1,30,False,False,False,False,False,-51.59856933170742,25.842361101041206,-51.59856933170742,91,0.4175824175824176,0.8596261191656412,-1.768423752728468,-0.01943322805196119,-4.331792723064327,0.1978021978021978,91,0.4175824175824176,-4.331792723064327,-1.4136883177138944,0,0.3333333333333333,127,0.5196850393700787,1.4481803750681137,6.868580003793814,0.05408330711648672,-1.7199786677262692,0.1968503937007874,127,0.5196850393700787,-1.7199786677262692,0.3639762510765168,19,0.8333333333333334,345,0.4579710144927536,1.080054087369695,3.368632366431517,0.00976415178675802,-3.393635189026819,0.41739130434782606,345,0.4579710144927536,-3.393635189026819,0.7421409426901391,17,0.5294117647058824
SPXW,"d50ret,d65ret,d80_front",-999999.0,1,score_desc,d65ret,21,1,0,False,False,False,False,False,-51.67504414888859,12.814287820013522,-51.67504414888859,82,0.3780487804878049,0.9030511711831496,-1.3312200254539839,-0.016234390554316875,-2.239896064855196,0.24390243902439024,82,0.3780487804878049,-2.239896064855196,-1.8779765569913425,0,0.16666666666666666,128,0.421875,1.0042286394722526,0.08421596867476283,0.0006579372552715846,-3.3371962993196496,0.265625,128,0.421875,-3.3371962993196496,29.685581479859888,20,0.5,350,0.4085714285714286,0.9387471193325724,-3.0018810542637193,-0.008576803012182055,-6.470924566045292,0.44,350,0.4085714285714286,-6.470924566045292,-0.8328111456811812,19,0.35294117647058826
SPXW,"d50ret,d65ret,d80_front",-999999.0,1,score_desc,d65ret,21,1,15,False,False,False,False,False,-51.67504414888859,12.814287820013522,-51.67504414888859,82,0.3780487804878049,0.9030511711831496,-1.3312200254539839,-0.016234390554316875,-2.239896064855196,0.24390243902439024,82,0.3780487804878049,-2.239896064855196,-1.8779765569913425,0,0.16666666666666666,128,0.421875,1.0042286394722526,0.08421596867476283,0.0006579372552715846,-3.3371962993196496,0.265625,128,0.421875,-3.3371962993196496,29.685581479859888,20,0.5,350,0.4085714285714286,0.9387471193325724,-3.0018810542637193,-0.008576803012182055,-6.470924566045292,0.44,350,0.4085714285714286,-6.470924566045292,-0.8328111456811812,19,0.35294117647058826
SPXW,"d50ret,d65ret,d80_front",-999999.0,1,score_desc,d65ret,21,1,30,False,False,False,False,False,-51.67504414888859,12.814287820013522,-51.67504414888859,82,0.3780487804878049,0.9030511711831496,-1.3312200254539839,-0.016234390554316875,-2.239896064855196,0.24390243902439024,82,0.3780487804878049,-2.239896064855196,-1.8779765569913425,0,0.16666666666666666,128,0.421875,1.0042286394722526,0.08421596867476283,0.0006579372552715846,-3.3371962993196496,0.265625,128,0.421875,-3.3371962993196496,29.685581479859888,20,0.5,350,0.4085714285714286,0.9387471193325724,-3.0018810542637193,-0.008576803012182055,-6.470924566045292,0.44,350,0.4085714285714286,-6.470924566045292,-0.8328111456811812,19,0.35294117647058826
SPXW,"d50ret,d65ret,d80_front",0.0,1,score_desc,d65ret,21,1,0,False,False,False,False,False,-51.67504414888859,12.814287820013522,-51.67504414888859,82,0.3780487804878049,0.9030511711831496,-1.3312200254539839,-0.016234390554316875,-2.239896064855196,0.24390243902439024,82,0.3780487804878049,-2.239896064855196,-1.8779765569913425,0,0.16666666666666666,128,0.421875,1.0042286394722526,0.08421596867476283,0.0006579372552715846,-3.3371962993196496,0.265625,128,0.421875,-3.3371962993196496,29.685581479859888,20,0.5,343,0.40524781341107874,0.9188614791861024,-3.9513914839140694,-0.011520091789836937,-7.720434995695641,0.4489795918367347,343,0.40524781341107874,-7.720434995695641,-0.6326885124335019,19,0.35294117647058826
SPXW,"d50ret,d65ret,d80_front",0.0,1,score_desc,d65ret,21,1,15,False,False,False,False,False,-51.67504414888859,12.814287820013522,-51.67504414888859,82,0.3780487804878049,0.9030511711831496,-1.3312200254539839,-0.016234390554316875,-2.239896064855196,0.24390243902439024,82,0.3780487804878049,-2.239896064855196,-1.8779765569913425,0,0.16666666666666666,128,0.421875,1.0042286394722526,0.08421596867476283,0.0006579372552715846,-3.3371962993196496,0.265625,128,0.421875,-3.3371962993196496,29.685581479859888,20,0.5,343,0.40524781341107874,0.9188614791861024,-3.9513914839140694,-0.011520091789836937,-7.720434995695641,0.4489795918367347,343,0.40524781341107874,-7.720434995695641,-0.6326885124335019,19,0.35294117647058826
SPXW,"d50ret,d65ret,d80_front",0.0,1,score_desc,d65ret,21,1,30,False,False,False,False,False,-51.67504414888859,12.814287820013522,-51.67504414888859,82,0.3780487804878049,0.9030511711831496,-1.3312200254539839,-0.016234390554316875,-2.239896064855196,0.24390243902439024,82,0.3780487804878049,-2.239896064855196,-1.8779765569913425,0,0.16666666666666666,128,0.421875,1.0042286394722526,0.08421596867476283,0.0006579372552715846,-3.3371962993196496,0.265625,128,0.421875,-3.3371962993196496,29.685581479859888,20,0.5,343,0.40524781341107874,0.9188614791861024,-3.9513914839140694,-0.011520091789836937,-7.720434995695641,0.4489795918367347,343,0.40524781341107874,-7.720434995695641,-0.6326885124335019,19,0.35294117647058826
SPXW,"d50ret,d65ret,d80",-999999.0,1,score_desc,d65ret,22,1,0,False,False,False,False,False,-51.76960472478375,-10.940302535898045,-51.76960472478375,102,0.39215686274509803,0.8926875758420629,-1.8864961851396524,-0.018495060638624043,-4.000409149650817,0.20588235294117646,102,0.39215686274509803,-4.000409149650817,-1.3252080866598368,0,0.3333333333333333,128,0.390625,0.958666872353752,-0.9123399031352175,-0.007127655493243887,-3.012894872172618,0.2265625,128,0.390625,-3.012894872172618,-2.740206792894683,20,0.3333333333333333,349,0.42406876790830944,1.0518239605100823,2.6350583461739037,0.007550310447489696,-5.414345664548634,0.4269340974212034,349,0.42406876790830944,-5.414345664548634,0.9487455955690667,19,0.5294117647058824
SPXW,"d50ret,d65ret,d80",-999999.0,1,score_desc,d65ret,22,1,15,False,False,False,False,False,-51.76960472478375,-10.940302535898045,-51.76960472478375,102,0.39215686274509803,0.8926875758420629,-1.8864961851396524,-0.018495060638624043,-4.000409149650817,0.20588235294117646,102,0.39215686274509803,-4.000409149650817,-1.3252080866598368,0,0.3333333333333333,128,0.390625,0.958666872353752,-0.9123399031352175,-0.007127655493243887,-3.012894872172618,0.2265625,128,0.390625,-3.012894872172618,-2.740206792894683,20,0.3333333333333333,349,0.42406876790830944,1.0518239605100823,2.6350583461739037,0.007550310447489696,-5.414345664548634,0.4269340974212034,349,0.42406876790830944,-5.414345664548634,0.9487455955690667,19,0.5294117647058824
SPXW,"d50ret,d65ret,d80",-999999.0,1,score_desc,d65ret,22,1,30,False,False,False,False,False,-51.76960472478375,-10.940302535898045,-51.76960472478375,102,0.39215686274509803,0.8926875758420629,-1.8864961851396524,-0.018495060638624043,-4.000409149650817,0.20588235294117646,102,0.39215686274509803,-4.000409149650817,-1.3252080866598368,0,0.3333333333333333,128,0.390625,0.958666872353752,-0.9123399031352175,-0.007127655493243887,-3.012894872172618,0.2265625,128,0.390625,-3.012894872172618,-2.740206792894683,20,0.3333333333333333,349,0.42406876790830944,1.0518239605100823,2.6350583461739037,0.007550310447489696,-5.414345664548634,0.4269340974212034,349,0.42406876790830944,-5.414345664548634,0.9487455955690667,19,0.5294117647058824
SPXW,"d50ret,d65ret,d80",0.0,1,score_desc,d65ret,22,1,0,False,False,False,False,False,-51.76960472478375,-10.940302535898045,-51.76960472478375,102,0.39215686274509803,0.8926875758420629,-1.8864961851396524,-0.018495060638624043,-4.000409149650817,0.20588235294117646,102,0.39215686274509803,-4.000409149650817,-1.3252080866598368,0,0.3333333333333333,128,0.390625,0.958666872353752,-0.9123399031352175,-0.007127655493243887,-3.012894872172618,0.2265625,128,0.390625,-3.012894872172618,-2.740206792894683,20,0.3333333333333333,343,0.41690962099125367,1.032622919864173,1.6489689662911164,0.0048074896976417385,-5.818514382424183,0.42565597667638483,343,0.41690962099125367,-5.818514382424183,1.51609887821178,17,0.5294117647058824
SPXW,"d50ret,d65ret,d80",0.0,1,score_desc,d65ret,22,1,15,False,False,False,False,False,-51.76960472478375,-10.940302535898045,-51.76960472478375,102,0.39215686274509803,0.8926875758420629,-1.8864961851396524,-0.018495060638624043,-4.000409149650817,0.20588235294117646,102,0.39215686274509803,-4.000409149650817,-1.3252080866598368,0,0.3333333333333333,128,0.390625,0.958666872353752,-0.9123399031352175,-0.007127655493243887,-3.012894872172618,0.2265625,128,0.390625,-3.012894872172618,-2.740206792894683,20,0.3333333333333333,343,0.41690962099125367,1.032622919864173,1.6489689662911164,0.0048074896976417385,-5.818514382424183,0.42565597667638483,343,0.41690962099125367,-5.818514382424183,1.51609887821178,17,0.5294117647058824
SPXW,"d50ret,d65ret,d80",0.0,1,score_desc,d65ret,22,1,30,False,False,False,False,False,-51.76960472478375,-10.940302535898045,-51.76960472478375,102,0.39215686274509803,0.8926875758420629,-1.8864961851396524,-0.018495060638624043,-4.000409149650817,0.20588235294117646,102,0.39215686274509803,-4.000409149650817,-1.3252080866598368,0,0.3333333333333333,128,0.390625,0.958666872353752,-0.9123399031352175,-0.007127655493243887,-3.012894872172618,0.2265625,128,0.390625,-3.012894872172618,-2.740206792894683,20,0.3333333333333333,343,0.41690962099125367,1.032622919864173,1.6489689662911164,0.0048074896976417385,-5.818514382424183,0.42565597667638483,343,0.41690962099125367,-5.818514382424183,1.51609887821178,17,0.5294117647058824
SPXW,"d65ret,d80_front",0.0,1,score_desc,d65ret,22,1,0,False,False,False,False,False,-52.1696264965463,15.608107518109708,-52.1696264965463,82,0.3780487804878049,0.8914077462116284,-1.4910977741191218,-0.018184119196574658,-3.0398960648551965,0.23170731707317074,82,0.3780487804878049,-3.0398960648551965,-1.6766170826570346,0,0.16666666666666666,128,0.4609375,1.0353919754374201,0.6218724503505834,0.0048583785183639325,-2.575830408182867,0.21875,128,0.4609375,-2.575830408182867,4.02011698474601,20,0.8333333333333334,343,0.4227405247813411,0.9225076775382798,-3.5981952770973544,-0.010490365239350888,-6.923586830709916,0.4489795918367347,343,0.4227405247813411,-6.923586830709916,-0.6947927523313123,18,0.5294117647058824
SPXW,"d65ret,d80_front",0.0,1,score_desc,d65ret,22,1,15,False,False,False,False,False,-52.1696264965463,15.608107518109708,-52.1696264965463,82,0.3780487804878049,0.8914077462116284,-1.4910977741191218,-0.018184119196574658,-3.0398960648551965,0.23170731707317074,82,0.3780487804878049,-3.0398960648551965,-1.6766170826570346,0,0.16666666666666666,128,0.4609375,1.0353919754374201,0.6218724503505834,0.0048583785183639325,-2.575830408182867,0.21875,128,0.4609375,-2.575830408182867,4.02011698474601,20,0.8333333333333334,343,0.4227405247813411,0.9225076775382798,-3.5981952770973544,-0.010490365239350888,-6.923586830709916,0.4489795918367347,343,0.4227405247813411,-6.923586830709916,-0.6947927523313123,18,0.5294117647058824
SPXW,"d65ret,d80_front",0.0,1,score_desc,d65ret,22,1,30,False,False,False,False,False,-52.1696264965463,15.608107518109708,-52.1696264965463,82,0.3780487804878049,0.8914077462116284,-1.4910977741191218,-0.018184119196574658,-3.0398960648551965,0.23170731707317074,82,0.3780487804878049,-3.0398960648551965,-1.6766170826570346,0,0.16666666666666666,128,0.4609375,1.0353919754374201,0.6218724503505834,0.0048583785183639325,-2.575830408182867,0.21875,128,0.4609375,-2.575830408182867,4.02011698474601,20,0.8333333333333334,343,0.4227405247813411,0.9225076775382798,-3.5981952770973544,-0.010490365239350888,-6.923586830709916,0.4489795918367347,343,0.4227405247813411,-6.923586830709916,-0.6947927523313123,18,0.5294117647058824
SPXW,"d65ret,d80_front",-999999.0,1,score_desc,d65ret,22,1,0,False,False,False,False,False,-52.1696264965463,15.608107518109708,-52.1696264965463,82,0.3780487804878049,0.8914077462116284,-1.4910977741191218,-0.018184119196574658,-3.0398960648551965,0.23170731707317074,82,0.3780487804878049,-3.0398960648551965,-1.6766170826570346,0,0.16666666666666666,128,0.4609375,1.0353919754374201,0.6218724503505834,0.0048583785183639325,-2.575830408182867,0.21875,128,0.4609375,-2.575830408182867,4.02011698474601,20,0.8333333333333334,345,0.41739130434782606,0.9162165560422294,-3.9161718463966784,-0.011351222743178778,-7.241563400009239,0.4463768115942029,345,0.41739130434782606,-7.241563400009239,-0.6383785232255023,18,0.5294117647058824
SPXW,"d65ret,d80_front",-999999.0,1,score_desc,d65ret,22,1,15,False,False,False,False,False,-52.1696264965463,15.608107518109708,-52.1696264965463,82,0.3780487804878049,0.8914077462116284,-1.4910977741191218,-0.018184119196574658,-3.0398960648551965,0.23170731707317074,82,0.3780487804878049,-3.0398960648551965,-1.6766170826570346,0,0.16666666666666666,128,0.4609375,1.0353919754374201,0.6218724503505834,0.0048583785183639325,-2.575830408182867,0.21875,128,0.4609375,-2.575830408182867,4.02011698474601,20,0.8333333333333334,345,0.41739130434782606,0.9162165560422294,-3.9161718463966784,-0.011351222743178778,-7.241563400009239,0.4463768115942029,345,0.41739130434782606,-7.241563400009239,-0.6383785232255023,18,0.5294117647058824
SPXW,"d65ret,d80_front",-999999.0,1,score_desc,d65ret,22,1,30,False,False,False,False,False,-52.1696264965463,15.608107518109708,-52.1696264965463,82,0.3780487804878049,0.8914077462116284,-1.4910977741191218,-0.018184119196574658,-3.0398960648551965,0.23170731707317074,82,0.3780487804878049,-3.0398960648551965,-1.6766170826570346,0,0.16666666666666666,128,0.4609375,1.0353919754374201,0.6218724503505834,0.0048583785183639325,-2.575830408182867,0.21875,128,0.4609375,-2.575830408182867,4.02011698474601,20,0.8333333333333334,345,0.41739130434782606,0.9162165560422294,-3.9161718463966784,-0.011351222743178778,-7.241563400009239,0.4463768115942029,345,0.41739130434782606,-7.241563400009239,-0.6383785232255023,18,0.5294117647058824
SPXW,"d50ret,d80",-999999.0,1,score_desc,d65win,21,1,0,False,False,False,False,False,-53.28590163935227,25.160514277068497,-53.28590163935227,90,0.4111111111111111,0.8236137820955083,-2.222105533751789,-0.02469006148613099,-4.331792723064327,0.2,90,0.4111111111111111,-4.331792723064327,-1.1250590766402602,0,0.3333333333333333,127,0.5118110236220472,1.3964743108661233,6.2362498693327275,0.04910432967978526,-1.7534308648220502,0.1968503937007874,127,0.5118110236220472,-1.7534308648220502,0.4008819486682142,19,0.8333333333333334,350,0.4514285714285714,1.0502436115652607,2.1961342015968826,0.006274669147419664,-4.086906831639589,0.42,350,0.4514285714285714,-4.086906831639589,1.1383639479691936,19,0.5882352941176471
SPXW,"d50ret,d80",-999999.0,1,score_desc,d65win,21,1,15,False,False,False,False,False,-53.28590163935227,25.160514277068497,-53.28590163935227,90,0.4111111111111111,0.8236137820955083,-2.222105533751789,-0.02469006148613099,-4.331792723064327,0.2,90,0.4111111111111111,-4.331792723064327,-1.1250590766402602,0,0.3333333333333333,127,0.5118110236220472,1.3964743108661233,6.2362498693327275,0.04910432967978526,-1.7534308648220502,0.1968503937007874,127,0.5118110236220472,-1.7534308648220502,0.4008819486682142,19,0.8333333333333334,350,0.4514285714285714,1.0502436115652607,2.1961342015968826,0.006274669147419664,-4.086906831639589,0.42,350,0.4514285714285714,-4.086906831639589,1.1383639479691936,19,0.5882352941176471
SPXW,"d50ret,d80",-999999.0,1,score_desc,d65win,21,1,30,False,False,False,False,False,-53.28590163935227,25.160514277068497,-53.28590163935227,90,0.4111111111111111,0.8236137820955083,-2.222105533751789,-0.02469006148613099,-4.331792723064327,0.2,90,0.4111111111111111,-4.331792723064327,-1.1250590766402602,0,0.3333333333333333,127,0.5118110236220472,1.3964743108661233,6.2362498693327275,0.04910432967978526,-1.7534308648220502,0.1968503937007874,127,0.5118110236220472,-1.7534308648220502,0.4008819486682142,19,0.8333333333333334,350,0.4514285714285714,1.0502436115652607,2.1961342015968826,0.006274669147419664,-4.086906831639589,0.42,350,0.4514285714285714,-4.086906831639589,1.1383639479691936,19,0.5882352941176471
SPXW,"d50ret,d80",0.0,1,score_desc,d65win,21,1,0,False,False,False,False,False,-53.28590163935227,25.59175129808838,-53.28590163935227,90,0.4111111111111111,0.8236137820955083,-2.222105533751789,-0.02469006148613099,-4.331792723064327,0.2,90,0.4111111111111111,-4.331792723064327,-1.1250590766402602,0,0.3333333333333333,127,0.5196850393700787,1.423497572259372,6.6028431013793565,0.051990890562042175,-1.7199786677262692,0.1968503937007874,127,0.5196850393700787,-1.7199786677262692,0.3786247774807403,19,0.8333333333333334,345,0.4492753623188406,1.032407911496278,1.4044000456105104,0.004070724769885538,-4.408014708873541,0.4057971014492754,345,0.4492753623188406,-4.408014708873541,1.7801195662260312,17,0.5294117647058824
SPXW,"d50ret,d80",0.0,1,score_desc,d65win,21,1,15,False,False,False,False,False,-53.28590163935227,25.59175129808838,-53.28590163935227,90,0.4111111111111111,0.8236137820955083,-2.222105533751789,-0.02469006148613099,-4.331792723064327,0.2,90,0.4111111111111111,-4.331792723064327,-1.1250590766402602,0,0.3333333333333333,127,0.5196850393700787,1.423497572259372,6.6028431013793565,0.051990890562042175,-1.7199786677262692,0.1968503937007874,127,0.5196850393700787,-1.7199786677262692,0.3786247774807403,19,0.8333333333333334,345,0.4492753623188406,1.032407911496278,1.4044000456105104,0.004070724769885538,-4.408014708873541,0.4057971014492754,345,0.4492753623188406,-4.408014708873541,1.7801195662260312,17,0.5294117647058824
SPXW,"d50ret,d80",0.0,1,score_desc,d65win,21,1,30,False,False,False,False,False,-53.28590163935227,25.59175129808838,-53.28590163935227,90,0.4111111111111111,0.8236137820955083,-2.222105533751789,-0.02469006148613099,-4.331792723064327,0.2,90,0.4111111111111111,-4.331792723064327,-1.1250590766402602,0,0.3333333333333333,127,0.5196850393700787,1.423497572259372,6.6028431013793565,0.051990890562042175,-1.7199786677262692,0.1968503937007874,127,0.5196850393700787,-1.7199786677262692,0.3786247774807403,19,0.8333333333333334,345,0.4492753623188406,1.032407911496278,1.4044000456105104,0.004070724769885538,-4.408014708873541,0.4057971014492754,345,0.4492753623188406,-4.408014708873541,1.7801195662260312,17,0.5294117647058824
SPXW,"d65ret,d80,d80_zero",-999999.0,1,score_desc,d65ret,21,1,0,False,False,False,False,False,-53.450608741455106,-12.548724005566843,-53.450608741455106,102,0.38235294117647056,0.8662774187281246,-2.4209951478382914,-0.023735246547434228,-3.5730882708389298,0.20588235294117646,102,0.38235294117647056,-3.5730882708389298,-1.032633213756026,0,0.3333333333333333,128,0.3828125,0.9383824817665738,-1.3756959984703554,-0.010747624988049652,-3.812894872172618,0.1796875,128,0.3828125,-3.812894872172618,-1.817261955242848,20,0.3333333333333333,349,0.42406876790830944,1.0284148710848597,1.4434686940401016,0.004136013449971638,-5.442719013099205,0.4183381088825215,349,0.42406876790830944,-5.442719013099205,1.7319391894830707,19,0.5882352941176471
SPXW,"d65ret,d80,d80_zero",-999999.0,1,score_desc,d65ret,21,1,15,False,False,False,False,False,-53.450608741455106,-12.548724005566843,-53.450608741455106,102,0.38235294117647056,0.8662774187281246,-2.4209951478382914,-0.023735246547434228,-3.5730882708389298,0.20588235294117646,102,0.38235294117647056,-3.5730882708389298,-1.032633213756026,0,0.3333333333333333,128,0.3828125,0.9383824817665738,-1.3756959984703554,-0.010747624988049652,-3.812894872172618,0.1796875,128,0.3828125,-3.812894872172618,-1.817261955242848,20,0.3333333333333333,349,0.42406876790830944,1.0284148710848597,1.4434686940401016,0.004136013449971638,-5.442719013099205,0.4183381088825215,349,0.42406876790830944,-5.442719013099205,1.7319391894830707,19,0.5882352941176471
SPXW,"d65ret,d80,d80_zero",-999999.0,1,score_desc,d65ret,21,1,30,False,False,False,False,False,-53.450608741455106,-12.548724005566843,-53.450608741455106,102,0.38235294117647056,0.8662774187281246,-2.4209951478382914,-0.023735246547434228,-3.5730882708389298,0.20588235294117646,102,0.38235294117647056,-3.5730882708389298,-1.032633213756026,0,0.3333333333333333,128,0.3828125,0.9383824817665738,-1.3756959984703554,-0.010747624988049652,-3.812894872172618,0.1796875,128,0.3828125,-3.812894872172618,-1.817261955242848,20,0.3333333333333333,349,0.42406876790830944,1.0284148710848597,1.4434686940401016,0.004136013449971638,-5.442719013099205,0.4183381088825215,349,0.42406876790830944,-5.442719013099205,1.7319391894830707,19,0.5882352941176471
SPXW,"d65ret,d80,d80_zero",0.0,1,score_desc,d65ret,21,1,0,False,False,False,False,False,-53.450608741455106,-12.548724005566843,-53.450608741455106,102,0.38235294117647056,0.8662774187281246,-2.4209951478382914,-0.023735246547434228,-3.5730882708389298,0.20588235294117646,102,0.38235294117647056,-3.5730882708389298,-1.032633213756026,0,0.3333333333333333,128,0.3828125,0.9383824817665738,-1.3756959984703554,-0.010747624988049652,-3.812894872172618,0.1796875,128,0.3828125,-3.812894872172618,-1.817261955242848,20,0.3333333333333333,344,0.42151162790697677,1.0130093244161078,0.6549751115151576,0.0019039974171952258,-6.231212595624148,0.41569767441860467,344,0.42151162790697677,-6.231212595624148,3.8169389279796233,17,0.5882352941176471
SPXW,"d65ret,d80,d80_zero",0.0,1,score_desc,d65ret,21,1,15,False,False,False,False,False,-53.450608741455106,-12.548724005566843,-53.450608741455106,102,0.38235294117647056,0.8662774187281246,-2.4209951478382914,-0.023735246547434228,-3.5730882708389298,0.20588235294117646,102,0.38235294117647056,-3.5730882708389298,-1.032633213756026,0,0.3333333333333333,128,0.3828125,0.9383824817665738,-1.3756959984703554,-0.010747624988049652,-3.812894872172618,0.1796875,128,0.3828125,-3.812894872172618,-1.817261955242848,20,0.3333333333333333,344,0.42151162790697677,1.0130093244161078,0.6549751115151576,0.0019039974171952258,-6.231212595624148,0.41569767441860467,344,0.42151162790697677,-6.231212595624148,3.8169389279796233,17,0.5882352941176471
SPXW,"d65ret,d80,d80_zero",0.0,1,score_desc,d65ret,21,1,30,False,False,False,False,False,-53.450608741455106,-12.548724005566843,-53.450608741455106,102,0.38235294117647056,0.8662774187281246,-2.4209951478382914,-0.023735246547434228,-3.5730882708389298,0.20588235294117646,102,0.38235294117647056,-3.5730882708389298,-1.032633213756026,0,0.3333333333333333,128,0.3828125,0.9383824817665738,-1.3756959984703554,-0.010747624988049652,-3.812894872172618,0.1796875,128,0.3828125,-3.812894872172618,-1.817261955242848,20,0.3333333333333333,344,0.42151162790697677,1.0130093244161078,0.6549751115151576,0.0019039974171952258,-6.231212595624148,0.41569767441860467,344,0.42151162790697677,-6.231212595624148,3.8169389279796233,17,0.5882352941176471
SPXW,"d50ret,d65ret,d80_front",-999999.0,1,score_desc,d65ret,22,1,0,False,False,False,False,False,-54.502588846531744,13.147621153346854,-54.502588846531744,82,0.36585365853658536,0.8481080824370243,-2.1312200254539837,-0.025990488115292483,-3.039896064855196,0.23170731707317074,82,0.36585365853658536,-3.039896064855196,-1.1730370258075349,0,0.16666666666666666,128,0.421875,1.0042286394722526,0.08421596867476305,0.0006579372552715864,-2.8613658911367823,0.2734375,128,0.421875,-2.8613658911367823,29.68558147985981,20,0.6666666666666666,350,0.4085714285714286,0.9387471193325724,-3.0018810542637193,-0.008576803012182055,-7.270924566045292,0.44285714285714284,350,0.4085714285714286,-7.270924566045292,-0.8328111456811812,19,0.4117647058823529
SPXW,"d50ret,d65ret,d80_front",-999999.0,1,score_desc,d65ret,22,1,15,False,False,False,False,False,-54.502588846531744,13.147621153346854,-54.502588846531744,82,0.36585365853658536,0.8481080824370243,-2.1312200254539837,-0.025990488115292483,-3.039896064855196,0.23170731707317074,82,0.36585365853658536,-3.039896064855196,-1.1730370258075349,0,0.16666666666666666,128,0.421875,1.0042286394722526,0.08421596867476305,0.0006579372552715864,-2.8613658911367823,0.2734375,128,0.421875,-2.8613658911367823,29.68558147985981,20,0.6666666666666666,350,0.4085714285714286,0.9387471193325724,-3.0018810542637193,-0.008576803012182055,-7.270924566045292,0.44285714285714284,350,0.4085714285714286,-7.270924566045292,-0.8328111456811812,19,0.4117647058823529
SPXW,"d50ret,d65ret,d80_front",-999999.0,1,score_desc,d65ret,22,1,30,False,False,False,False,False,-54.502588846531744,13.147621153346854,-54.502588846531744,82,0.36585365853658536,0.8481080824370243,-2.1312200254539837,-0.025990488115292483,-3.039896064855196,0.23170731707317074,82,0.36585365853658536,-3.039896064855196,-1.1730370258075349,0,0.16666666666666666,128,0.421875,1.0042286394722526,0.08421596867476305,0.0006579372552715864,-2.8613658911367823,0.2734375,128,0.421875,-2.8613658911367823,29.68558147985981,20,0.6666666666666666,350,0.4085714285714286,0.9387471193325724,-3.0018810542637193,-0.008576803012182055,-7.270924566045292,0.44285714285714284,350,0.4085714285714286,-7.270924566045292,-0.8328111456811812,19,0.4117647058823529
SPXW,"d50ret,d65ret,d80_front",0.0,1,score_desc,d65ret,22,1,0,False,False,False,False,False,-54.502588846531744,13.147621153346854,-54.502588846531744,82,0.36585365853658536,0.8481080824370243,-2.1312200254539837,-0.025990488115292483,-3.039896064855196,0.23170731707317074,82,0.36585365853658536,-3.039896064855196,-1.1730370258075349,0,0.16666666666666666,128,0.421875,1.0042286394722526,0.08421596867476305,0.0006579372552715864,-2.8613658911367823,0.2734375,128,0.421875,-2.8613658911367823,29.68558147985981,20,0.6666666666666666,344,0.40988372093023256,0.9350800007824381,-3.1420843721862406,-0.009133966198215816,-7.711127883967813,0.4476744186046512,344,0.40988372093023256,-7.711127883967813,-0.7956501811759171,19,0.4117647058823529
SPXW,"d50ret,d65ret,d80_front",0.0,1,score_desc,d65ret,22,1,15,False,False,False,False,False,-54.502588846531744,13.147621153346854,-54.502588846531744,82,0.36585365853658536,0.8481080824370243,-2.1312200254539837,-0.025990488115292483,-3.039896064855196,0.23170731707317074,82,0.36585365853658536,-3.039896064855196,-1.1730370258075349,0,0.16666666666666666,128,0.421875,1.0042286394722526,0.08421596867476305,0.0006579372552715864,-2.8613658911367823,0.2734375,128,0.421875,-2.8613658911367823,29.68558147985981,20,0.6666666666666666,344,0.40988372093023256,0.9350800007824381,-3.1420843721862406,-0.009133966198215816,-7.711127883967813,0.4476744186046512,344,0.40988372093023256,-7.711127883967813,-0.7956501811759171,19,0.4117647058823529
SPXW,"d50ret,d65ret,d80_front",0.0,1,score_desc,d65ret,22,1,30,False,False,False,False,False,-54.502588846531744,13.147621153346854,-54.502588846531744,82,0.36585365853658536,0.8481080824370243,-2.1312200254539837,-0.025990488115292483,-3.039896064855196,0.23170731707317074,82,0.36585365853658536,-3.039896064855196,-1.1730370258075349,0,0.16666666666666666,128,0.421875,1.0042286394722526,0.08421596867476305,0.0006579372552715864,-2.8613658911367823,0.2734375,128,0.421875,-2.8613658911367823,29.68558147985981,20,0.6666666666666666,344,0.40988372093023256,0.9350800007824381,-3.1420843721862406,-0.009133966198215816,-7.711127883967813,0.4476744186046512,344,0.40988372093023256,-7.711127883967813,-0.7956501811759171,19,0.4117647058823529
SPXW,"d65ret,d80,d80_zero",0.0,1,score_desc,d65ret,22,1,0,False,False,False,False,False,-55.88408783942489,-12.788307338900175,-55.88408783942489,102,0.37254901960784315,0.8249897611139017,-3.220995147838291,-0.031578383802336185,-4.000409149650814,0.19607843137254902,102,0.37254901960784315,-4.000409149650814,-0.7761576423602584,0,0.3333333333333333,128,0.3828125,0.9383824817665738,-1.3756959984703547,-0.010747624988049646,-3.012894872172618,0.1875,128,0.3828125,-3.012894872172618,-1.8172619552428488,20,0.16666666666666666,344,0.42441860465116277,1.0321629835911201,1.6048279124894436,0.004665197420027452,-6.081359794649862,0.42151162790697677,344,0.42441860465116277,-6.081359794649862,1.5577994254361804,17,0.5882352941176471
SPXW,"d65ret,d80,d80_zero",0.0,1,score_desc,d65ret,22,1,15,False,False,False,False,False,-55.88408783942489,-12.788307338900175,-55.88408783942489,102,0.37254901960784315,0.8249897611139017,-3.220995147838291,-0.031578383802336185,-4.000409149650814,0.19607843137254902,102,0.37254901960784315,-4.000409149650814,-0.7761576423602584,0,0.3333333333333333,128,0.3828125,0.9383824817665738,-1.3756959984703547,-0.010747624988049646,-3.012894872172618,0.1875,128,0.3828125,-3.012894872172618,-1.8172619552428488,20,0.16666666666666666,344,0.42441860465116277,1.0321629835911201,1.6048279124894436,0.004665197420027452,-6.081359794649862,0.42151162790697677,344,0.42441860465116277,-6.081359794649862,1.5577994254361804,17,0.5882352941176471
SPXW,"d65ret,d80,d80_zero",0.0,1,score_desc,d65ret,22,1,30,False,False,False,False,False,-55.88408783942489,-12.788307338900175,-55.88408783942489,102,0.37254901960784315,0.8249897611139017,-3.220995147838291,-0.031578383802336185,-4.000409149650814,0.19607843137254902,102,0.37254901960784315,-4.000409149650814,-0.7761576423602584,0,0.3333333333333333,128,0.3828125,0.9383824817665738,-1.3756959984703547,-0.010747624988049646,-3.012894872172618,0.1875,128,0.3828125,-3.012894872172618,-1.8172619552428488,20,0.16666666666666666,344,0.42441860465116277,1.0321629835911201,1.6048279124894436,0.004665197420027452,-6.081359794649862,0.42151162790697677,344,0.42441860465116277,-6.081359794649862,1.5577994254361804,17,0.5882352941176471
SPXW,"d65ret,d80,d80_zero",-999999.0,1,score_desc,d65ret,22,1,0,False,False,False,False,False,-55.88408783942489,-12.788307338900175,-55.88408783942489,102,0.37254901960784315,0.8249897611139017,-3.220995147838291,-0.031578383802336185,-4.000409149650814,0.19607843137254902,102,0.37254901960784315,-4.000409149650814,-0.7761576423602584,0,0.3333333333333333,128,0.3828125,0.9383824817665738,-1.3756959984703547,-0.010747624988049646,-3.012894872172618,0.1875,128,0.3828125,-3.012894872172618,-1.8172619552428488,20,0.16666666666666666,349,0.42406876790830944,1.0314575388966243,1.5933214950143886,0.004565391103193091,-6.0928662121249175,0.42406876790830944,349,0.42406876790830944,-6.0928662121249175,1.5690493147947042,19,0.5882352941176471
SPXW,"d65ret,d80,d80_zero",-999999.0,1,score_desc,d65ret,22,1,15,False,False,False,False,False,-55.88408783942489,-12.788307338900175,-55.88408783942489,102,0.37254901960784315,0.8249897611139017,-3.220995147838291,-0.031578383802336185,-4.000409149650814,0.19607843137254902,102,0.37254901960784315,-4.000409149650814,-0.7761576423602584,0,0.3333333333333333,128,0.3828125,0.9383824817665738,-1.3756959984703547,-0.010747624988049646,-3.012894872172618,0.1875,128,0.3828125,-3.012894872172618,-1.8172619552428488,20,0.16666666666666666,349,0.42406876790830944,1.0314575388966243,1.5933214950143886,0.004565391103193091,-6.0928662121249175,0.42406876790830944,349,0.42406876790830944,-6.0928662121249175,1.5690493147947042,19,0.5882352941176471
SPXW,"d65ret,d80,d80_zero",-999999.0,1,score_desc,d65ret,22,1,30,False,False,False,False,False,-55.88408783942489,-12.788307338900175,-55.88408783942489,102,0.37254901960784315,0.8249897611139017,-3.220995147838291,-0.031578383802336185,-4.000409149650814,0.19607843137254902,102,0.37254901960784315,-4.000409149650814,-0.7761576423602584,0,0.3333333333333333,128,0.3828125,0.9383824817665738,-1.3756959984703547,-0.010747624988049646,-3.012894872172618,0.1875,128,0.3828125,-3.012894872172618,-1.8172619552428488,20,0.16666666666666666,349,0.42406876790830944,1.0314575388966243,1.5933214950143886,0.004565391103193091,-6.0928662121249175,0.42406876790830944,349,0.42406876790830944,-6.0928662121249175,1.5690493147947042,19,0.5882352941176471
SPXW,"d65ret,d80_front,d80_zero",-999999.0,1,score_desc,d65ret,21,1,0,False,False,False,False,False,-56.39524614827339,-14.951982430149592,-56.39524614827339,82,0.35365853658536583,0.8168683071962791,-2.6657189881526238,-0.03250876814820273,-3.5730882708389298,0.23170731707317074,82,0.35365853658536583,-3.5730882708389298,-0.9378332866708246,0,0.16666666666666666,128,0.3984375,0.868320610845612,-2.8100569267795827,-0.02195356974046549,-4.201250699924234,0.21875,128,0.3984375,-4.201250699924234,-0.8896616919661773,20,0.5,349,0.42120343839541546,0.9709884999919162,-1.3758198386540499,-0.003942177188120487,-4.3053067685925726,0.4498567335243553,349,0.42120343839541546,-4.3053067685925726,-1.81709838000717,19,0.5294117647058824
SPXW,"d65ret,d80_front,d80_zero",-999999.0,1,score_desc,d65ret,21,1,15,False,False,False,False,False,-56.39524614827339,-14.951982430149592,-56.39524614827339,82,0.35365853658536583,0.8168683071962791,-2.6657189881526238,-0.03250876814820273,-3.5730882708389298,0.23170731707317074,82,0.35365853658536583,-3.5730882708389298,-0.9378332866708246,0,0.16666666666666666,128,0.3984375,0.868320610845612,-2.8100569267795827,-0.02195356974046549,-4.201250699924234,0.21875,128,0.3984375,-4.201250699924234,-0.8896616919661773,20,0.5,349,0.42120343839541546,0.9709884999919162,-1.3758198386540499,-0.003942177188120487,-4.3053067685925726,0.4498567335243553,349,0.42120343839541546,-4.3053067685925726,-1.81709838000717,19,0.5294117647058824
SPXW,"d65ret,d80_front,d80_zero",-999999.0,1,score_desc,d65ret,21,1,30,False,False,False,False,False,-56.39524614827339,-14.951982430149592,-56.39524614827339,82,0.35365853658536583,0.8168683071962791,-2.6657189881526238,-0.03250876814820273,-3.5730882708389298,0.23170731707317074,82,0.35365853658536583,-3.5730882708389298,-0.9378332866708246,0,0.16666666666666666,128,0.3984375,0.868320610845612,-2.8100569267795827,-0.02195356974046549,-4.201250699924234,0.21875,128,0.3984375,-4.201250699924234,-0.8896616919661773,20,0.5,349,0.42120343839541546,0.9709884999919162,-1.3758198386540499,-0.003942177188120487,-4.3053067685925726,0.4498567335243553,349,0.42120343839541546,-4.3053067685925726,-1.81709838000717,19,0.5294117647058824
SPXW,"d65ret,d80_front,d80_zero",0.0,1,score_desc,d65ret,21,1,0,False,False,False,False,False,-56.39524614827339,-14.951982430149592,-56.39524614827339,82,0.35365853658536583,0.8168683071962791,-2.6657189881526238,-0.03250876814820273,-3.5730882708389298,0.23170731707317074,82,0.35365853658536583,-3.5730882708389298,-0.9378332866708246,0,0.16666666666666666,128,0.3984375,0.868320610845612,-2.8100569267795827,-0.02195356974046549,-4.201250699924234,0.21875,128,0.3984375,-4.201250699924234,-0.8896616919661773,20,0.5,343,0.4198250728862974,0.950893728350416,-2.3005289818112393,-0.0067070815796246045,-5.248202509663117,0.4489795918367347,343,0.4198250728862974,-5.248202509663117,-1.0867065878177784,18,0.5294117647058824
SPXW,"d65ret,d80_front,d80_zero",0.0,1,score_desc,d65ret,21,1,15,False,False,False,False,False,-56.39524614827339,-14.951982430149592,-56.39524614827339,82,0.35365853658536583,0.8168683071962791,-2.6657189881526238,-0.03250876814820273,-3.5730882708389298,0.23170731707317074,82,0.35365853658536583,-3.5730882708389298,-0.9378332866708246,0,0.16666666666666666,128,0.3984375,0.868320610845612,-2.8100569267795827,-0.02195356974046549,-4.201250699924234,0.21875,128,0.3984375,-4.201250699924234,-0.8896616919661773,20,0.5,343,0.4198250728862974,0.950893728350416,-2.3005289818112393,-0.0067070815796246045,-5.248202509663117,0.4489795918367347,343,0.4198250728862974,-5.248202509663117,-1.0867065878177784,18,0.5294117647058824
SPXW,"d65ret,d80_front,d80_zero",0.0,1,score_desc,d65ret,21,1,30,False,False,False,False,False,-56.39524614827339,-14.951982430149592,-56.39524614827339,82,0.35365853658536583,0.8168683071962791,-2.6657189881526238,-0.03250876814820273,-3.5730882708389298,0.23170731707317074,82,0.35365853658536583,-3.5730882708389298,-0.9378332866708246,0,0.16666666666666666,128,0.3984375,0.868320610845612,-2.8100569267795827,-0.02195356974046549,-4.201250699924234,0.21875,128,0.3984375,-4.201250699924234,-0.8896616919661773,20,0.5,343,0.4198250728862974,0.950893728350416,-2.3005289818112393,-0.0067070815796246045,-5.248202509663117,0.4489795918367347,343,0.4198250728862974,-5.248202509663117,-1.0867065878177784,18,0.5294117647058824
SPXW,"d50ret,d65ret,d80_zero",-999999.0,1,score_desc,d65ret,21,1,0,False,False,False,False,False,-58.633996004827495,-10.7528027271152,-58.633996004827495,82,0.34146341463414637,0.77927800150222,-3.35103358670651,-0.040866263252518416,-3.6510335867065087,0.23170731707317074,82,0.34146341463414637,-3.6510335867065087,-0.7460384789688337,0,0.16666666666666666,128,0.3984375,0.9439233516874808,-1.2265776702691926,-0.009582638048978067,-3.9601106928148173,0.25,128,0.3984375,-3.9601106928148173,-2.0381913519193073,20,0.6666666666666666,349,0.42120343839541546,1.080633000892468,3.9794499023666234,0.011402435250334164,-3.355330945129074,0.4899713467048711,349,0.42120343839541546,-3.355330945129074,0.628227534291416,19,0.5294117647058824
SPXW,"d50ret,d65ret,d80_zero",-999999.0,1,score_desc,d65ret,21,1,15,False,False,False,False,False,-58.633996004827495,-10.7528027271152,-58.633996004827495,82,0.34146341463414637,0.77927800150222,-3.35103358670651,-0.040866263252518416,-3.6510335867065087,0.23170731707317074,82,0.34146341463414637,-3.6510335867065087,-0.7460384789688337,0,0.16666666666666666,128,0.3984375,0.9439233516874808,-1.2265776702691926,-0.009582638048978067,-3.9601106928148173,0.25,128,0.3984375,-3.9601106928148173,-2.0381913519193073,20,0.6666666666666666,349,0.42120343839541546,1.080633000892468,3.9794499023666234,0.011402435250334164,-3.355330945129074,0.4899713467048711,349,0.42120343839541546,-3.355330945129074,0.628227534291416,19,0.5294117647058824
SPXW,"d50ret,d65ret,d80_zero",-999999.0,1,score_desc,d65ret,21,1,30,False,False,False,False,False,-58.633996004827495,-10.7528027271152,-58.633996004827495,82,0.34146341463414637,0.77927800150222,-3.35103358670651,-0.040866263252518416,-3.6510335867065087,0.23170731707317074,82,0.34146341463414637,-3.6510335867065087,-0.7460384789688337,0,0.16666666666666666,128,0.3984375,0.9439233516874808,-1.2265776702691926,-0.009582638048978067,-3.9601106928148173,0.25,128,0.3984375,-3.9601106928148173,-2.0381913519193073,20,0.6666666666666666,349,0.42120343839541546,1.080633000892468,3.9794499023666234,0.011402435250334164,-3.355330945129074,0.4899713467048711,349,0.42120343839541546,-3.355330945129074,0.628227534291416,19,0.5294117647058824
SPXW,"d50ret,d65ret,d80_zero",0.0,1,score_desc,d65ret,21,1,0,False,False,False,False,False,-58.633996004827495,-10.7528027271152,-58.633996004827495,82,0.34146341463414637,0.77927800150222,-3.35103358670651,-0.040866263252518416,-3.6510335867065087,0.23170731707317074,82,0.34146341463414637,-3.6510335867065087,-0.7460384789688337,0,0.16666666666666666,128,0.3984375,0.9439233516874808,-1.2265776702691926,-0.009582638048978067,-3.9601106928148173,0.25,128,0.3984375,-3.9601106928148173,-2.0381913519193073,20,0.6666666666666666,319,0.40752351097178685,1.020713314327764,0.9527417789365451,0.002986651344628668,-5.314177367161377,0.47962382445141066,319,0.40752351097178685,-5.314177367161377,2.624005848458238,3,0.47058823529411764
SPXW,"d50ret,d65ret,d80_zero",0.0,1,score_desc,d65ret,21,1,15,False,False,False,False,False,-58.633996004827495,-10.7528027271152,-58.633996004827495,82,0.34146341463414637,0.77927800150222,-3.35103358670651,-0.040866263252518416,-3.6510335867065087,0.23170731707317074,82,0.34146341463414637,-3.6510335867065087,-0.7460384789688337,0,0.16666666666666666,128,0.3984375,0.9439233516874808,-1.2265776702691926,-0.009582638048978067,-3.9601106928148173,0.25,128,0.3984375,-3.9601106928148173,-2.0381913519193073,20,0.6666666666666666,319,0.40752351097178685,1.020713314327764,0.9527417789365451,0.002986651344628668,-5.314177367161377,0.47962382445141066,319,0.40752351097178685,-5.314177367161377,2.624005848458238,3,0.47058823529411764
SPXW,"d50ret,d65ret,d80_zero",0.0,1,score_desc,d65ret,21,1,30,False,False,False,False,False,-58.633996004827495,-10.7528027271152,-58.633996004827495,82,0.34146341463414637,0.77927800150222,-3.35103358670651,-0.040866263252518416,-3.6510335867065087,0.23170731707317074,82,0.34146341463414637,-3.6510335867065087,-0.7460384789688337,0,0.16666666666666666,128,0.3984375,0.9439233516874808,-1.2265776702691926,-0.009582638048978067,-3.9601106928148173,0.25,128,0.3984375,-3.9601106928148173,-2.0381913519193073,20,0.6666666666666666,319,0.40752351097178685,1.020713314327764,0.9527417789365451,0.002986651344628668,-5.314177367161377,0.47962382445141066,319,0.40752351097178685,-5.314177367161377,2.624005848458238,3,0.47058823529411764
SPXW,"d65ret,d80_front,d80_zero",-999999.0,1,score_desc,d65ret,22,1,0,False,False,False,False,False,-59.09820079056835,-14.951982430149592,-59.09820079056835,82,0.34146341463414637,0.7667171436558539,-3.4657189881526236,-0.04226486570917834,-3.7657189881526216,0.21951219512195122,82,0.34146341463414637,-3.7657189881526216,-0.7213510410238445,0,0.16666666666666666,128,0.3984375,0.8683206108456119,-2.810056926779583,-0.021953569740465494,-4.201250699924234,0.2265625,128,0.3984375,-4.201250699924234,-0.8896616919661772,20,0.5,349,0.42120343839541546,0.9709884999919162,-1.3758198386540503,-0.003942177188120488,-5.105306768592569,0.4498567335243553,349,0.42120343839541546,-5.105306768592569,-1.8170983800071694,19,0.5882352941176471
SPXW,"d65ret,d80_front,d80_zero",-999999.0,1,score_desc,d65ret,22,1,15,False,False,False,False,False,-59.09820079056835,-14.951982430149592,-59.09820079056835,82,0.34146341463414637,0.7667171436558539,-3.4657189881526236,-0.04226486570917834,-3.7657189881526216,0.21951219512195122,82,0.34146341463414637,-3.7657189881526216,-0.7213510410238445,0,0.16666666666666666,128,0.3984375,0.8683206108456119,-2.810056926779583,-0.021953569740465494,-4.201250699924234,0.2265625,128,0.3984375,-4.201250699924234,-0.8896616919661772,20,0.5,349,0.42120343839541546,0.9709884999919162,-1.3758198386540503,-0.003942177188120488,-5.105306768592569,0.4498567335243553,349,0.42120343839541546,-5.105306768592569,-1.8170983800071694,19,0.5882352941176471
SPXW,"d65ret,d80_front,d80_zero",-999999.0,1,score_desc,d65ret,22,1,30,False,False,False,False,False,-59.09820079056835,-14.951982430149592,-59.09820079056835,82,0.34146341463414637,0.7667171436558539,-3.4657189881526236,-0.04226486570917834,-3.7657189881526216,0.21951219512195122,82,0.34146341463414637,-3.7657189881526216,-0.7213510410238445,0,0.16666666666666666,128,0.3984375,0.8683206108456119,-2.810056926779583,-0.021953569740465494,-4.201250699924234,0.2265625,128,0.3984375,-4.201250699924234,-0.8896616919661772,20,0.5,349,0.42120343839541546,0.9709884999919162,-1.3758198386540503,-0.003942177188120488,-5.105306768592569,0.4498567335243553,349,0.42120343839541546,-5.105306768592569,-1.8170983800071694,19,0.5882352941176471
SPXW,"d65ret,d80_front,d80_zero",0.0,1,score_desc,d65ret,22,1,0,False,False,False,False,False,-59.09820079056835,-14.951982430149592,-59.09820079056835,82,0.34146341463414637,0.7667171436558539,-3.4657189881526236,-0.04226486570917834,-3.7657189881526216,0.21951219512195122,82,0.34146341463414637,-3.7657189881526216,-0.7213510410238445,0,0.16666666666666666,128,0.3984375,0.8683206108456119,-2.810056926779583,-0.021953569740465494,-4.201250699924234,0.2265625,128,0.3984375,-4.201250699924234,-0.8896616919661772,20,0.5,344,0.42441860465116277,0.9679637592365561,-1.491221870083412,-0.004334947296754104,-5.23889539793529,0.4476744186046512,344,0.42441860465116277,-5.23889539793529,-1.6764775585407434,18,0.5882352941176471
SPXW,"d65ret,d80_front,d80_zero",0.0,1,score_desc,d65ret,22,1,15,False,False,False,False,False,-59.09820079056835,-14.951982430149592,-59.09820079056835,82,0.34146341463414637,0.7667171436558539,-3.4657189881526236,-0.04226486570917834,-3.7657189881526216,0.21951219512195122,82,0.34146341463414637,-3.7657189881526216,-0.7213510410238445,0,0.16666666666666666,128,0.3984375,0.8683206108456119,-2.810056926779583,-0.021953569740465494,-4.201250699924234,0.2265625,128,0.3984375,-4.201250699924234,-0.8896616919661772,20,0.5,344,0.42441860465116277,0.9679637592365561,-1.491221870083412,-0.004334947296754104,-5.23889539793529,0.4476744186046512,344,0.42441860465116277,-5.23889539793529,-1.6764775585407434,18,0.5882352941176471
SPXW,"d65ret,d80_front,d80_zero",0.0,1,score_desc,d65ret,22,1,30,False,False,False,False,False,-59.09820079056835,-14.951982430149592,-59.09820079056835,82,0.34146341463414637,0.7667171436558539,-3.4657189881526236,-0.04226486570917834,-3.7657189881526216,0.21951219512195122,82,0.34146341463414637,-3.7657189881526216,-0.7213510410238445,0,0.16666666666666666,128,0.3984375,0.8683206108456119,-2.810056926779583,-0.021953569740465494,-4.201250699924234,0.2265625,128,0.3984375,-4.201250699924234,-0.8896616919661772,20,0.5,344,0.42441860465116277,0.9679637592365561,-1.491221870083412,-0.004334947296754104,-5.23889539793529,0.4476744186046512,344,0.42441860465116277,-5.23889539793529,-1.6764775585407434,18,0.5882352941176471
SPXW,"d65ret,d80_zero",-999999.0,1,score_desc,d65ret,21,1,0,False,False,False,False,False,-59.20021694176851,-31.520622926042336,-59.20021694176851,82,0.34146341463414637,0.7678910612599563,-3.5761673289083102,-0.043611796694003786,-3.876167328908308,0.23170731707317074,82,0.34146341463414637,-3.876167328908308,-0.699072434276494,0,0.16666666666666666,117,0.37606837606837606,0.8551145788670849,-2.9656084847622886,-0.025347081066344347,-3.965608484762286,0.23076923076923078,117,0.37606837606837606,-3.965608484762286,-0.8429973183733962,11,0.3333333333333333,334,0.4311377245508982,1.071023135306561,3.3406374545017856,0.010001908546412532,-3.9880939762042784,0.4880239520958084,334,0.4311377245508982,-3.9880939762042784,0.7483601660009658,7,0.5882352941176471
SPXW,"d65ret,d80_zero",-999999.0,1,score_desc,d65ret,21,1,15,False,False,False,False,False,-59.20021694176851,-31.520622926042336,-59.20021694176851,82,0.34146341463414637,0.7678910612599563,-3.5761673289083102,-0.043611796694003786,-3.876167328908308,0.23170731707317074,82,0.34146341463414637,-3.876167328908308,-0.699072434276494,0,0.16666666666666666,117,0.37606837606837606,0.8551145788670849,-2.9656084847622886,-0.025347081066344347,-3.965608484762286,0.23076923076923078,117,0.37606837606837606,-3.965608484762286,-0.8429973183733962,11,0.3333333333333333,334,0.4311377245508982,1.071023135306561,3.3406374545017856,0.010001908546412532,-3.9880939762042784,0.4880239520958084,334,0.4311377245508982,-3.9880939762042784,0.7483601660009658,7,0.5882352941176471
SPXW,"d65ret,d80_zero",-999999.0,1,score_desc,d65ret,21,1,30,False,False,False,False,False,-59.20021694176851,-31.520622926042336,-59.20021694176851,82,0.34146341463414637,0.7678910612599563,-3.5761673289083102,-0.043611796694003786,-3.876167328908308,0.23170731707317074,82,0.34146341463414637,-3.876167328908308,-0.699072434276494,0,0.16666666666666666,117,0.37606837606837606,0.8551145788670849,-2.9656084847622886,-0.025347081066344347,-3.965608484762286,0.23076923076923078,117,0.37606837606837606,-3.965608484762286,-0.8429973183733962,11,0.3333333333333333,334,0.4311377245508982,1.071023135306561,3.3406374545017856,0.010001908546412532,-3.9880939762042784,0.4880239520958084,334,0.4311377245508982,-3.9880939762042784,0.7483601660009658,7,0.5882352941176471
SPXW,"d65ret,d80_zero",0.0,1,score_desc,d65ret,21,1,0,False,False,False,False,False,-59.20021694176851,-31.520622926042336,-59.20021694176851,82,0.34146341463414637,0.7678910612599563,-3.5761673289083102,-0.043611796694003786,-3.876167328908308,0.23170731707317074,82,0.34146341463414637,-3.876167328908308,-0.699072434276494,0,0.16666666666666666,117,0.37606837606837606,0.8551145788670849,-2.9656084847622886,-0.025347081066344347,-3.965608484762286,0.23076923076923078,117,0.37606837606837606,-3.965608484762286,-0.8429973183733962,11,0.3333333333333333,305,0.4163934426229508,0.99128379171171,-0.38063674412586157,-0.001247989325002825,-5.03906771854164,0.46885245901639344,305,0.4163934426229508,-5.03906771854164,-6.567941846343002,3,0.5294117647058824
SPXW,"d65ret,d80_zero",0.0,1,score_desc,d65ret,21,1,15,False,False,False,False,False,-59.20021694176851,-31.520622926042336,-59.20021694176851,82,0.34146341463414637,0.7678910612599563,-3.5761673289083102,-0.043611796694003786,-3.876167328908308,0.23170731707317074,82,0.34146341463414637,-3.876167328908308,-0.699072434276494,0,0.16666666666666666,117,0.37606837606837606,0.8551145788670849,-2.9656084847622886,-0.025347081066344347,-3.965608484762286,0.23076923076923078,117,0.37606837606837606,-3.965608484762286,-0.8429973183733962,11,0.3333333333333333,305,0.4163934426229508,0.99128379171171,-0.38063674412586157,-0.001247989325002825,-5.03906771854164,0.46885245901639344,305,0.4163934426229508,-5.03906771854164,-6.567941846343002,3,0.5294117647058824
SPXW,"d65ret,d80_zero",0.0,1,score_desc,d65ret,21,1,30,False,False,False,False,False,-59.20021694176851,-31.520622926042336,-59.20021694176851,82,0.34146341463414637,0.7678910612599563,-3.5761673289083102,-0.043611796694003786,-3.876167328908308,0.23170731707317074,82,0.34146341463414637,-3.876167328908308,-0.699072434276494,0,0.16666666666666666,117,0.37606837606837606,0.8551145788670849,-2.9656084847622886,-0.025347081066344347,-3.965608484762286,0.23076923076923078,117,0.37606837606837606,-3.965608484762286,-0.8429973183733962,11,0.3333333333333333,305,0.4163934426229508,0.99128379171171,-0.38063674412586157,-0.001247989325002825,-5.03906771854164,0.46885245901639344,305,0.4163934426229508,-5.03906771854164,-6.567941846343002,3,0.5294117647058824
SPXW,"d50ret,d65ret,d80_zero",-999999.0,1,score_desc,d65ret,22,1,0,False,False,False,False,False,-61.26530231017607,-11.086136060448531,-61.26530231017607,82,0.32926829268292684,0.7318825432289633,-4.15103358670651,-0.05062236081349403,-4.451033586706509,0.21951219512195122,82,0.32926829268292684,-4.451033586706509,-0.6022596415519577,0,0.16666666666666666,128,0.3984375,0.9439233516874808,-1.2265776702691924,-0.009582638048978066,-3.1601106928148166,0.2578125,128,0.3984375,-3.1601106928148166,-2.038191351919308,20,0.5,349,0.4183381088825215,1.064033879033373,3.1794499023666236,0.009110171640018979,-3.7550236132418626,0.4899713467048711,349,0.4183381088825215,-3.7550236132418626,0.7862995413574924,19,0.5294117647058824
SPXW,"d50ret,d65ret,d80_zero",-999999.0,1,score_desc,d65ret,22,1,15,False,False,False,False,False,-61.26530231017607,-11.086136060448531,-61.26530231017607,82,0.32926829268292684,0.7318825432289633,-4.15103358670651,-0.05062236081349403,-4.451033586706509,0.21951219512195122,82,0.32926829268292684,-4.451033586706509,-0.6022596415519577,0,0.16666666666666666,128,0.3984375,0.9439233516874808,-1.2265776702691924,-0.009582638048978066,-3.1601106928148166,0.2578125,128,0.3984375,-3.1601106928148166,-2.038191351919308,20,0.5,349,0.4183381088825215,1.064033879033373,3.1794499023666236,0.009110171640018979,-3.7550236132418626,0.4899713467048711,349,0.4183381088825215,-3.7550236132418626,0.7862995413574924,19,0.5294117647058824
SPXW,"d50ret,d65ret,d80_zero",-999999.0,1,score_desc,d65ret,22,1,30,False,False,False,False,False,-61.26530231017607,-11.086136060448531,-61.26530231017607,82,0.32926829268292684,0.7318825432289633,-4.15103358670651,-0.05062236081349403,-4.451033586706509,0.21951219512195122,82,0.32926829268292684,-4.451033586706509,-0.6022596415519577,0,0.16666666666666666,128,0.3984375,0.9439233516874808,-1.2265776702691924,-0.009582638048978066,-3.1601106928148166,0.2578125,128,0.3984375,-3.1601106928148166,-2.038191351919308,20,0.5,349,0.4183381088825215,1.064033879033373,3.1794499023666236,0.009110171640018979,-3.7550236132418626,0.4899713467048711,349,0.4183381088825215,-3.7550236132418626,0.7862995413574924,19,0.5294117647058824
SPXW,"d50ret,d65ret,d80_zero",0.0,1,score_desc,d65ret,22,1,0,False,False,False,False,False,-61.26530231017607,-11.086136060448531,-61.26530231017607,82,0.32926829268292684,0.7318825432289633,-4.15103358670651,-0.05062236081349403,-4.451033586706509,0.21951219512195122,82,0.32926829268292684,-4.451033586706509,-0.6022596415519577,0,0.16666666666666666,128,0.3984375,0.9439233516874808,-1.2265776702691924,-0.009582638048978066,-3.1601106928148166,0.2578125,128,0.3984375,-3.1601106928148166,-2.038191351919308,20,0.5,320,0.409375,1.0209156578535379,0.9620488906643696,0.003006402783326155,-5.304870255433549,0.478125,320,0.409375,-5.304870255433549,2.5986205319290536,3,0.47058823529411764
SPXW,"d50ret,d65ret,d80_zero",0.0,1,score_desc,d65ret,22,1,15,False,False,False,False,False,-61.26530231017607,-11.086136060448531,-61.26530231017607,82,0.32926829268292684,0.7318825432289633,-4.15103358670651,-0.05062236081349403,-4.451033586706509,0.21951219512195122,82,0.32926829268292684,-4.451033586706509,-0.6022596415519577,0,0.16666666666666666,128,0.3984375,0.9439233516874808,-1.2265776702691924,-0.009582638048978066,-3.1601106928148166,0.2578125,128,0.3984375,-3.1601106928148166,-2.038191351919308,20,0.5,320,0.409375,1.0209156578535379,0.9620488906643696,0.003006402783326155,-5.304870255433549,0.478125,320,0.409375,-5.304870255433549,2.5986205319290536,3,0.47058823529411764
SPXW,"d50ret,d65ret,d80_zero",0.0,1,score_desc,d65ret,22,1,30,False,False,False,False,False,-61.26530231017607,-11.086136060448531,-61.26530231017607,82,0.32926829268292684,0.7318825432289633,-4.15103358670651,-0.05062236081349403,-4.451033586706509,0.21951219512195122,82,0.32926829268292684,-4.451033586706509,-0.6022596415519577,0,0.16666666666666666,128,0.3984375,0.9439233516874808,-1.2265776702691924,-0.009582638048978066,-3.1601106928148166,0.2578125,128,0.3984375,-3.1601106928148166,-2.038191351919308,20,0.5,320,0.409375,1.0209156578535379,0.9620488906643696,0.003006402783326155,-5.304870255433549,0.478125,320,0.409375,-5.304870255433549,2.5986205319290536,3,0.47058823529411764
SPXW,"d65ret,d80_zero",-999999.0,1,score_desc,d65ret,22,1,0,False,False,False,False,False,-61.80820626410042,-31.520622926042336,-61.80820626410042,82,0.32926829268292684,0.721392410025802,-4.37616732890831,-0.05336789425497939,-4.676167328908308,0.21951219512195122,82,0.32926829268292684,-4.676167328908308,-0.5712761446495366,0,0.16666666666666666,117,0.37606837606837606,0.8551145788670849,-2.9656084847622886,-0.025347081066344347,-3.9656084847622854,0.23931623931623933,117,0.37606837606837606,-3.9656084847622854,-0.8429973183733962,11,0.3333333333333333,334,0.4281437125748503,1.0536725229481272,2.5406374545017854,0.007606698965574208,-3.9880939762042784,0.4880239520958084,334,0.4281437125748503,-3.9880939762042784,0.9840050163671407,7,0.5294117647058824
SPXW,"d65ret,d80_zero",-999999.0,1,score_desc,d65ret,22,1,15,False,False,False,False,False,-61.80820626410042,-31.520622926042336,-61.80820626410042,82,0.32926829268292684,0.721392410025802,-4.37616732890831,-0.05336789425497939,-4.676167328908308,0.21951219512195122,82,0.32926829268292684,-4.676167328908308,-0.5712761446495366,0,0.16666666666666666,117,0.37606837606837606,0.8551145788670849,-2.9656084847622886,-0.025347081066344347,-3.9656084847622854,0.23931623931623933,117,0.37606837606837606,-3.9656084847622854,-0.8429973183733962,11,0.3333333333333333,334,0.4281437125748503,1.0536725229481272,2.5406374545017854,0.007606698965574208,-3.9880939762042784,0.4880239520958084,334,0.4281437125748503,-3.9880939762042784,0.9840050163671407,7,0.5294117647058824
SPXW,"d65ret,d80_zero",-999999.0,1,score_desc,d65ret,22,1,30,False,False,False,False,False,-61.80820626410042,-31.520622926042336,-61.80820626410042,82,0.32926829268292684,0.721392410025802,-4.37616732890831,-0.05336789425497939,-4.676167328908308,0.21951219512195122,82,0.32926829268292684,-4.676167328908308,-0.5712761446495366,0,0.16666666666666666,117,0.37606837606837606,0.8551145788670849,-2.9656084847622886,-0.025347081066344347,-3.9656084847622854,0.23931623931623933,117,0.37606837606837606,-3.9656084847622854,-0.8429973183733962,11,0.3333333333333333,334,0.4281437125748503,1.0536725229481272,2.5406374545017854,0.007606698965574208,-3.9880939762042784,0.4880239520958084,334,0.4281437125748503,-3.9880939762042784,0.9840050163671407,7,0.5294117647058824
SPXW,"d65ret,d80_zero",0.0,1,score_desc,d65ret,22,1,0,False,False,False,False,False,-61.80820626410042,-31.520622926042336,-61.80820626410042,82,0.32926829268292684,0.721392410025802,-4.37616732890831,-0.05336789425497939,-4.676167328908308,0.21951219512195122,82,0.32926829268292684,-4.676167328908308,-0.5712761446495366,0,0.16666666666666666,117,0.37606837606837606,0.8551145788670849,-2.9656084847622886,-0.025347081066344347,-3.9656084847622854,0.23931623931623933,117,0.37606837606837606,-3.9656084847622854,-0.8429973183733962,11,0.3333333333333333,306,0.41830065359477125,0.991496915446173,-0.3713296323980353,-0.0012134955307125336,-5.029760606813812,0.4673202614379085,306,0.41830065359477125,-5.029760606813812,-6.732562612509746,3,0.5294117647058824
SPXW,"d65ret,d80_zero",0.0,1,score_desc,d65ret,22,1,15,False,False,False,False,False,-61.80820626410042,-31.520622926042336,-61.80820626410042,82,0.32926829268292684,0.721392410025802,-4.37616732890831,-0.05336789425497939,-4.676167328908308,0.21951219512195122,82,0.32926829268292684,-4.676167328908308,-0.5712761446495366,0,0.16666666666666666,117,0.37606837606837606,0.8551145788670849,-2.9656084847622886,-0.025347081066344347,-3.9656084847622854,0.23931623931623933,117,0.37606837606837606,-3.9656084847622854,-0.8429973183733962,11,0.3333333333333333,306,0.41830065359477125,0.991496915446173,-0.3713296323980353,-0.0012134955307125336,-5.029760606813812,0.4673202614379085,306,0.41830065359477125,-5.029760606813812,-6.732562612509746,3,0.5294117647058824
SPXW,"d65ret,d80_zero",0.0,1,score_desc,d65ret,22,1,30,False,False,False,False,False,-61.80820626410042,-31.520622926042336,-61.80820626410042,82,0.32926829268292684,0.721392410025802,-4.37616732890831,-0.05336789425497939,-4.676167328908308,0.21951219512195122,82,0.32926829268292684,-4.676167328908308,-0.5712761446495366,0,0.16666666666666666,117,0.37606837606837606,0.8551145788670849,-2.9656084847622886,-0.025347081066344347,-3.9656084847622854,0.23931623931623933,117,0.37606837606837606,-3.9656084847622854,-0.8429973183733962,11,0.3333333333333333,306,0.41830065359477125,0.991496915446173,-0.3713296323980353,-0.0012134955307125336,-5.029760606813812,0.4673202614379085,306,0.41830065359477125,-5.029760606813812,-6.732562612509746,3,0.5294117647058824
